0	1	0.8498	0.9026	0.4789
0	2	0.5002	0.5309	0.5958
0	3	0.5006	0.6874	0.5260
0	5	0.5497	0.6832	0.6992
0	8	0.5489	0.6320	0.2231
1	3	0.9989	0.4349	0.6501
1	4	0.6494	0.4388	0.4456
1	5	0.9997	0.5534	0.5042
1	6	0.9494	0.3623	0.4799
1	7	0.7969	0.5717	0.2061
1	8	0.8499	0.4425	0.7426
2	3	0.9995	0.6706	0.4683
2	4	0.9993	0.5136	0.5126
2	5	0.9990	0.4847	0.4275
2	6	0.9498	0.6122	0.5463
2	7	0.9994	0.6552	0.2586
2	8	0.7506	0.5652	0.4723
3	4	0.9997	0.6437	0.3753
3	5	0.9989	0.4822	0.4381
3	6	0.7003	0.5229	0.5115
3	7	0.8500	0.3480	0.2494
3	8	0.6515	0.4113	0.6511
3	17	0.5502	0.3724	0.5479
4	5	0.9994	0.6057	0.3397
4	6	0.8378	0.3735	0.5077
4	7	0.5010	0.6075	0.1386
4	8	0.9497	0.5408	0.8531
5	6	0.9994	0.6646	0.5508
5	7	0.8502	0.6008	0.4457
5	8	0.9997	0.6920	0.5896
6	7	0.8500	0.6927	0.3582
6	8	1.0000	0.5938	0.6852
7	8	0.9998	0.5178	0.4908
8	9	0.9984	0.8348	0.3391
8	10	0.9495	0.3179	0.5336
8	11	0.8498	0.5301	0.5258
9	10	0.9000	0.6155	0.4697
9	11	0.9497	0.7483	0.4756
9	13	0.9492	0.6268	0.4338
9	15	0.5005	0.4871	0.2353
9	16	0.6999	0.3059	0.4492
10	11	0.9981	0.5359	0.5620
10	12	0.6003	0.3327	0.4054
10	13	0.9489	0.4825	0.4308
10	15	0.5507	0.3124	0.3768
11	12	0.8501	0.9512	0.4084
11	13	0.7500	0.6926	0.5302
11	14	0.7508	0.9681	0.3400
11	15	0.6998	0.6305	0.4400
12	13	0.9997	0.5068	0.6647
12	14	0.7002	0.5058	0.5302
12	15	0.9496	0.5280	0.4884
13	14	0.8026	0.7441	0.4507
13	15	0.9491	0.4965	0.5472
13	16	0.7991	0.4551	0.5268
14	15	0.9990	0.5529	0.3845
14	18	0.5503	0.5370	0.6098
15	16	0.9984	0.5760	0.5408
15	18	0.9995	0.4037	0.6381
15	19	0.5996	0.4471	0.4365
16	17	0.8994	0.7448	0.5141
16	18	0.9996	0.6641	0.4992
16	19	0.9986	0.5249	0.5867
16	20	0.8497	0.6652	0.1474
17	18	0.9989	0.5780	0.1963
17	19	0.9501	0.3774	0.9409
17	20	0.7497	0.2527	0.3148
18	19	1.0000	0.6101	0.3296
18	20	0.7500	0.5859	0.4841
19	20	0.9978	0.9553	0.3963
