0	1	0.9987	0.6537	0.3972
0	2	0.9999	0.5201	0.4836
0	3	0.9988	0.9664	0.3702
0	4	1.0000	0.8779	0.2389
0	6	0.6504	0.7906	0.1146
0	21	0.9999	0.8292	0.9248
0	22	1.0000	0.2405	0.5292
0	23	0.6000	0.3853	0.3483
1	2	1.0000	0.4742	0.3721
1	4	0.9996	0.2742	0.2651
1	9	0.7507	0.1249	0.2118
1	22	1.0000	0.5937	0.7430
1	23	1.0000	0.6195	0.8186
2	3	0.9997	0.9538	0.2979
2	4	0.9991	0.6778	0.1178
2	6	0.5501	0.7023	0.0446
2	22	0.9997	0.0493	0.5482
3	4	0.9996	0.1257	0.6723
3	5	0.9978	0.2418	0.4367
3	6	0.8478	0.3810	0.3846
3	21	1.0000	0.4037	0.9382
3	27	0.8490	0.2126	0.6873
4	5	0.9990	0.7862	0.3833
4	6	0.9990	0.5666	0.3284
4	7	0.5501	0.3194	0.3125
4	9	0.9990	0.5900	0.2709
4	21	0.9984	0.5808	0.7049
4	22	0.9999	0.1400	0.5712
4	23	0.9475	0.6074	0.7605
5	6	0.9968	0.5194	0.2586
5	7	0.9995	0.6081	0.4878
5	8	0.6506	0.7885	0.3432
5	9	0.9957	0.4357	0.0442
5	14	1.0000	0.0388	0.0147
5	21	0.9998	0.3742	0.6633
5	27	0.9996	0.0739	0.2694
6	7	0.8986	0.4921	0.5042
6	9	0.8003	0.4664	0.1195
6	21	0.9978	0.7231	0.9457
6	22	0.9974	0.4704	0.4859
7	8	1.0000	0.8602	0.2524
7	9	0.9973	0.2407	0.1075
7	21	0.9488	0.3265	0.4638
7	22	1.0000	0.5707	0.6830
7	23	0.9993	0.7720	0.2903
7	24	0.6504	0.2179	0.7509
8	9	0.9962	0.8338	0.0570
8	21	0.9980	0.7899	0.5670
8	24	0.6504	0.4599	0.6712
8	25	0.5007	0.7854	0.3281
8	26	0.7005	0.6192	0.5294
9	10	0.9943	0.9909	0.2088
9	11	0.9996	0.9575	0.2874
9	12	0.7980	0.8835	0.7883
9	13	0.9993	0.9814	0.6781
9	14	0.9973	0.6871	0.2055
9	18	0.8996	0.8845	0.4601
9	19	0.9988	0.8978	0.7462
9	20	0.9993	0.8157	0.6022
9	21	0.9980	0.5230	0.1711
9	22	0.9999	0.1977	0.7697
9	23	0.9994	0.1437	0.4079
9	24	0.9968	0.5120	0.2133
9	25	0.8988	0.6336	0.3431
9	26	0.9992	0.2628	0.2574
10	11	0.9993	0.7699	0.4555
10	12	0.9968	0.9740	0.9965
10	19	0.9986	0.7929	0.8041
10	20	0.9983	0.4122	0.7377
11	12	0.9995	0.9283	0.7851
11	13	0.9996	0.8522	0.2085
11	14	0.9985	0.2286	0.1972
11	18	0.9412	0.6678	0.8975
11	19	0.5505	0.7712	0.4412
11	20	0.9989	0.3728	0.3676
11	21	0.5521	0.2748	0.0011
12	13	0.9985	0.9797	0.0326
12	14	0.5502	0.3606	0.2146
12	18	0.8494	0.7188	0.9122
12	20	0.9972	0.9980	0.0772
13	14	0.9991	0.9905	0.0777
13	16	0.9000	1.0000	0.7790
13	17	0.9499	0.9531	0.6328
13	18	0.9990	0.8161	0.6665
13	19	0.9498	0.0596	0.2818
13	20	0.6507	0.4855	0.2547
14	15	1.0000	0.6128	0.6010
14	16	0.9995	0.7706	0.5972
14	17	0.9994	0.4295	0.5536
14	18	0.9496	0.2866	0.2909
14	21	0.9967	0.6310	0.0305
14	27	0.9999	0.5808	0.6123
15	16	0.9998	0.6305	0.4358
15	17	0.9496	0.4985	0.5623
15	27	1.0000	0.5390	0.6761
16	17	0.7494	0.5731	0.5292
16	21	0.9501	0.0409	0.0261
16	27	1.0000	0.4006	0.6453
17	18	0.8496	0.7786	0.1469
17	27	0.9999	0.2965	0.7414
18	19	0.9986	0.5998	0.1672
18	20	0.9995	0.7922	0.1346
19	20	0.9994	0.8309	0.0113
19	21	0.6519	0.7207	0.0000
20	21	0.8000	0.9660	0.0369
21	22	0.9997	0.9377	0.5328
21	23	0.9996	0.8396	0.6308
21	24	0.8998	0.0245	0.8922
22	23	0.9985	0.9466	0.4402
23	24	0.9999	0.5957	0.8800
23	25	0.9985	0.8797	0.5545
24	25	0.9990	0.7172	0.5861
24	26	0.8501	0.2335	0.3219
25	26	0.9001	0.7929	0.6382
