0	1	1.0000	0.9183	0.3239
0	2	0.9997	0.5047	0.4220
0	11	0.9972	0.4748	0.6385
0	15	1.0000	0.0608	0.9731
0	16	0.9992	0.6145	0.4923
0	22	0.9999	0.1126	0.9397
0	23	0.9492	0.4836	0.4502
1	2	0.9998	0.5397	0.3904
1	9	0.6511	0.3576	0.3091
1	11	0.9998	0.5383	0.6371
1	16	0.8999	0.2619	0.7863
1	22	0.7503	0.4936	0.6165
1	23	0.9998	0.4820	0.7389
1	24	0.5519	0.1695	0.6799
2	3	0.9488	0.9585	0.1429
2	9	0.9992	0.6547	0.4864
2	10	0.8991	0.8474	0.2574
2	11	0.9987	0.6098	0.5606
2	15	0.7498	0.7289	0.9113
2	16	0.9991	0.7111	0.4439
2	22	0.8004	0.4193	0.7434
2	23	0.9487	0.3440	0.2822
3	4	0.9978	0.4243	0.1665
3	5	0.9489	0.4214	0.5177
3	6	0.5532	0.6967	0.4826
3	8	0.5287	0.4730	0.3047
3	9	0.5011	0.0025	0.8542
3	24	0.5499	0.7311	0.7250
4	5	0.9979	0.4076	0.5072
4	6	0.9982	0.4055	0.3323
4	8	0.8997	0.1926	0.6097
5	6	0.9997	0.8927	0.2674
5	8	0.8985	0.7146	0.4726
5	9	0.8001	0.0213	0.4262
6	7	0.9496	0.7967	0.4072
6	8	1.0000	0.6815	0.5980
7	8	0.9985	0.4793	0.3858
8	9	0.9977	0.7711	0.1895
8	10	0.9998	0.6680	0.6325
8	14	0.6506	0.2296	0.5287
9	10	0.9483	0.4570	0.2621
9	11	0.8490	0.5574	0.5463
10	11	0.9997	0.5212	0.6280
10	15	0.7535	0.4232	0.6507
10	16	0.9989	0.2864	0.3482
11	15	0.9993	0.7959	0.9633
11	16	1.0000	0.7100	0.5253
11	21	0.7504	0.5169	0.3974
11	22	0.9993	0.6856	0.8028
11	23	0.6012	0.6651	0.4667
12	13	0.9978	0.9222	0.7022
12	14	0.9994	0.4556	0.6465
12	18	0.9973	0.8419	0.4633
12	19	0.6997	0.6913	0.3565
12	20	0.9571	0.5826	0.4638
13	14	0.6003	0.7873	0.6230
14	15	0.9495	0.8594	0.1597
14	17	0.6502	0.7058	0.8233
14	18	0.6994	0.7587	0.4172
14	20	0.7015	0.6250	0.5237
15	16	0.9984	0.9463	0.3228
15	17	0.7499	0.4513	0.5564
15	21	0.8502	0.5596	0.5152
15	23	0.8481	0.9358	0.1432
15	33	0.5508	0.5551	0.7007
16	17	0.6019	0.9886	0.2642
16	21	0.8506	0.6295	0.6599
16	22	1.0000	0.3500	0.8294
16	23	0.9499	0.5702	0.4831
17	18	0.9952	0.9892	0.4648
17	19	0.8489	0.9431	0.6332
17	20	0.7500	0.7745	0.5420
18	19	0.8491	0.6423	0.5713
18	20	0.9978	0.8133	0.6537
19	20	0.9994	0.6186	0.5110
20	21	0.8998	0.7805	0.2104
20	24	0.5004	0.3969	0.7287
21	22	0.9997	0.6993	0.6319
22	23	0.9987	0.9559	0.1670
23	24	0.9492	0.9732	0.1322
23	31	0.8496	0.7305	0.7530
24	25	0.9996	0.9310	0.4040
24	26	0.7496	0.7544	0.8005
24	27	0.5508	0.8650	0.4819
24	28	0.5507	0.6530	0.3404
24	31	0.7007	0.4658	0.2587
25	26	0.9989	0.5729	0.4466
26	27	0.7467	0.7262	0.3263
27	28	0.6509	0.5539	0.2779
28	29	0.9999	0.8210	0.2867
28	32	0.6501	0.8995	0.3761
28	37	0.5000	0.6695	0.2981
28	41	0.6004	0.6573	0.4270
28	43	0.9000	0.5968	0.6124
29	30	0.9003	0.9603	0.3034
29	31	0.9998	0.7926	0.7090
29	32	0.7987	0.5496	0.5517
29	33	0.8999	0.8118	0.4562
29	34	0.7492	0.4781	0.4353
29	36	0.5003	0.9147	0.5408
29	41	0.9495	0.6412	0.4506
30	31	0.6499	0.7474	0.0638
30	33	0.9988	0.6399	0.2073
30	41	0.6992	0.3515	0.7990
31	32	0.9996	0.8019	0.6834
31	33	0.9501	0.5744	0.5742
31	34	0.8001	0.5468	0.5297
31	35	0.6999	0.4330	0.5267
32	33	0.9985	0.8621	0.4545
32	34	0.8994	0.5626	0.4796
32	35	0.8998	0.6084	0.4214
32	36	0.9991	0.7312	0.5234
33	34	0.8496	0.6356	0.4977
33	35	0.8004	0.4912	0.5329
33	36	0.8502	0.5355	0.5479
34	35	0.9989	0.6298	0.6097
34	36	0.9506	0.3969	0.5210
34	37	0.9498	0.6736	0.3531
34	44	0.7500	0.4689	0.5124
35	36	0.9985	0.8677	0.5770
35	37	0.9024	0.5844	0.4040
35	38	0.6011	0.6425	0.5171
36	37	0.9991	0.7076	0.1024
36	38	0.5006	0.6088	0.4756
37	38	0.9989	0.4901	0.4799
37	39	0.9982	0.5270	0.5736
37	40	0.9999	0.6414	0.5056
37	41	0.9993	0.6592	0.4651
37	43	0.5500	0.5953	0.5843
37	44	0.9997	0.2444	0.7614
38	39	0.9491	0.5554	0.2189
38	40	1.0000	0.4871	0.8129
38	41	0.9993	0.4272	0.0751
39	40	0.9999	0.6192	0.5762
39	41	0.9990	0.6655	0.5418
40	41	0.9994	0.5270	0.5504
40	43	0.6504	0.2878	0.4896
40	44	0.6498	0.2483	0.8404
41	42	0.8992	0.9959	0.5412
41	43	0.8186	0.6680	0.4543
42	43	0.8501	0.4134	0.1988
