0	1	0.8499	0.5727	0.4167
0	2	0.9501	0.6712	0.4994
0	3	0.9996	0.4873	0.5190
0	6	0.8002	0.6240	0.4766
0	7	0.8506	0.4900	0.4314
1	2	0.7495	0.4971	0.5353
1	3	0.9997	0.5189	0.4995
1	4	0.6503	0.3238	0.4843
1	5	0.9491	0.4690	0.7126
1	6	0.8517	0.5380	0.5178
1	7	0.9994	0.5682	0.4682
2	3	0.9497	0.6255	0.4926
2	4	0.6996	0.2800	0.7388
2	5	0.9490	0.5439	0.5204
2	6	0.9488	0.4638	0.4754
2	7	0.8496	0.4816	0.3791
3	4	0.9467	0.9549	0.6638
3	5	0.8997	0.6017	0.5157
3	6	0.9998	0.6346	0.4680
3	7	0.7495	0.5452	0.4618
4	5	0.9991	0.6337	0.2818
5	6	0.9984	0.5312	0.3949
5	7	0.6498	0.5726	0.3550
6	7	0.9997	0.5314	0.5042
6	8	0.6005	0.4051	0.3877
6	9	0.6008	0.3416	0.3092
7	8	0.9993	0.8001	0.4197
7	9	0.8998	0.6527	0.4800
7	10	0.8001	0.6670	0.4336
7	13	0.8025	0.5967	0.5178
8	9	0.8999	0.5644	0.5653
8	13	0.6013	0.4473	0.4684
9	10	0.8998	0.5423	0.4750
9	13	0.5998	0.4896	0.4810
9	14	0.6004	0.4620	0.5285
10	11	0.7745	0.4622	0.3915
10	12	0.7006	0.4202	0.4234
10	13	0.9995	0.4912	0.4937
10	14	0.9000	0.5528	0.5825
11	12	0.9498	0.5297	0.5443
11	13	0.7502	0.3082	0.3240
11	14	0.7001	0.4183	0.3593
12	13	0.9990	0.7314	0.1596
12	14	0.5008	0.6547	0.6120
13	14	0.9998	0.5626	0.4562
13	15	0.7006	0.5802	0.3750
13	16	0.5503	0.4368	0.3714
13	20	0.7503	0.4284	0.3633
14	15	0.7002	0.5217	0.3936
15	16	0.9497	0.6153	0.5645
15	17	0.9498	0.5086	0.4898
15	19	0.7009	0.4124	0.4961
15	20	0.9017	0.5348	0.4751
15	21	0.7017	0.6338	0.6356
16	17	0.9998	0.5942	0.3987
16	19	0.6005	0.6155	0.4566
16	20	0.9996	0.6224	0.5338
16	21	0.9997	0.6923	0.5247
17	18	0.8995	0.7033	0.5355
17	19	0.9493	0.6825	0.6109
17	20	0.9985	0.4055	0.5495
17	21	0.9990	0.4442	0.5530
18	19	0.5504	0.3002	0.5418
19	20	0.8500	0.5296	0.5160
19	21	0.9497	0.8027	0.5157
20	21	1.0000	0.6538	0.5481
