0	1	0.9991	0.9177	0.2293
0	2	0.9997	0.7063	0.7250
0	10	0.5648	0.7782	0.2907
0	11	0.9987	0.9582	0.6595
0	12	0.7003	0.3847	0.5783
0	13	0.7505	0.1666	0.5391
0	14	0.7502	0.1643	0.3500
1	2	1.0000	0.6617	0.4032
1	3	0.9994	0.4589	0.4210
1	7	0.9989	0.4144	0.5192
1	8	0.9971	0.8954	0.2421
1	9	0.7999	0.2643	0.7177
1	10	0.9987	0.4802	0.6249
1	11	0.9978	0.4862	0.5944
1	12	0.9493	0.4851	0.3956
2	3	1.0000	0.7171	0.2622
2	5	0.7993	0.3661	0.5702
2	6	0.6498	0.8057	0.2615
2	7	0.9999	0.6394	0.3866
2	10	1.0000	0.5735	0.8338
2	11	0.9002	0.5620	0.7834
2	12	0.9996	0.4604	0.3749
2	13	0.7000	0.2665	0.3947
2	14	0.7504	0.3203	0.5810
2	15	0.5006	0.0960	0.7294
3	4	0.7492	0.8868	0.2718
3	5	0.9445	0.8930	0.4873
3	6	0.7987	0.6706	0.2813
3	7	0.9996	0.5343	0.4538
4	5	0.9983	0.8477	0.3374
5	6	0.6995	0.7637	0.3717
5	7	0.6999	0.4049	0.8397
7	8	0.8984	0.9294	0.3489
7	9	0.8995	0.6780	0.7300
7	10	0.9994	0.4631	0.4675
8	9	0.9982	0.6644	0.3660
8	10	0.9001	0.1556	0.7450
9	10	0.9973	0.7229	0.0421
9	11	0.8007	0.6096	0.4468
10	11	0.9989	0.4857	0.4589
11	12	0.8996	0.7397	0.4152
12	13	0.9994	0.5370	0.5643
12	14	0.9990	0.5777	0.4929
13	14	0.9987	0.6199	0.2853
13	15	0.9988	0.7535	0.4093
13	16	0.5004	0.5276	0.3870
14	15	0.9981	0.7363	0.3348
14	16	0.6004	0.4507	0.3117
14	27	0.7510	0.3080	0.6774
15	16	0.8000	0.7612	0.2542
16	17	0.9975	0.9345	0.1836
16	18	0.9982	0.9204	0.4508
16	19	0.8496	0.7631	0.8256
16	20	0.7504	0.5150	0.5960
16	21	0.8999	0.7808	0.4608
16	22	0.8988	0.8837	0.3775
16	26	0.5520	0.7170	0.5058
17	18	0.9985	0.4260	0.3915
17	19	0.5009	0.3106	0.4411
17	21	0.5509	0.3947	0.6313
17	22	0.5998	0.6502	0.5629
17	26	0.8488	0.2652	0.5539
17	27	0.9488	0.6247	0.3333
18	19	0.9973	0.9461	0.5167
18	20	0.8492	0.8932	0.5102
18	21	0.9990	0.8473	0.5633
18	22	0.9983	0.4499	0.5917
18	23	0.5222	0.5508	0.4662
18	24	0.7499	0.8616	0.3204
18	25	0.5499	0.6136	0.5703
18	26	0.9998	0.5312	0.4307
18	27	0.9994	0.4294	0.3011
19	22	0.8999	0.4702	0.5128
19	23	0.8497	0.5686	0.7137
19	26	0.9995	0.4724	0.6019
19	27	0.9496	0.5816	0.4644
20	21	0.8991	0.5632	0.2847
20	22	0.5505	0.3070	0.3106
21	22	0.8997	0.6036	0.4872
21	26	0.9496	0.5853	0.4869
21	27	0.9000	0.6161	0.6348
22	23	0.8491	0.6040	0.5290
22	24	0.5507	0.4222	0.3213
22	26	0.9989	0.6028	0.5516
22	27	1.0000	0.7777	0.4173
23	24	0.9987	0.8799	0.4822
23	25	0.9498	0.6951	0.4443
23	26	0.9992	0.4707	0.5388
23	27	0.9996	0.4274	0.5029
24	25	0.9995	0.7007	0.4375
24	26	0.9990	0.2647	0.2942
24	27	0.5506	0.3928	0.5306
25	26	0.8495	0.3472	0.2426
26	27	0.9999	0.8232	0.2691
