0	1	0.9990	0.9580	0.1658
0	2	1.0000	0.5868	0.6955
0	6	0.9991	0.8329	0.5899
0	9	0.9999	0.6758	0.6727
0	17	0.8998	0.4693	0.9723
1	2	0.9992	0.7583	0.2214
1	3	0.9997	0.5732	0.4034
1	4	0.8996	0.8773	0.5101
1	5	1.0000	0.4888	0.5231
1	6	1.0000	0.5963	0.3204
1	8	0.9992	0.8785	0.8351
1	9	0.9997	0.6750	0.2618
1	17	0.5501	0.7446	0.9699
2	3	0.9999	0.4458	0.3789
2	4	0.9995	0.3122	0.7349
2	5	0.9987	0.4770	0.2615
2	6	0.9998	0.1952	0.7613
2	9	0.5254	0.0860	0.6466
3	4	0.9989	0.9402	0.3751
3	5	0.9994	0.4909	0.4852
3	6	0.9481	0.2691	0.1497
3	8	0.9988	0.9232	0.7967
4	5	1.0000	0.4863	0.5503
4	6	0.8000	0.5125	0.6130
4	8	0.8505	0.3736	0.4098
5	6	0.9982	0.4834	0.1663
6	7	0.9964	0.9994	0.0681
6	8	1.0000	0.4773	0.6266
6	9	0.9998	0.4898	0.4693
6	17	0.9997	0.6764	0.8713
7	8	0.9987	0.6836	0.1899
7	9	0.9990	0.0027	0.9777
7	10	0.8477	0.6532	0.1769
7	17	0.9979	0.2187	0.3475
8	9	0.9998	0.8931	0.1601
8	17	0.9995	0.7681	0.5265
9	10	0.7503	0.9505	0.1363
9	15	0.9498	0.7700	0.9101
9	16	0.9982	0.6323	0.6415
9	17	1.0000	0.6285	0.6357
10	11	1.0000	0.9187	0.2199
10	12	0.9501	0.7923	0.7661
10	13	0.9498	0.6095	0.7686
10	14	0.9999	0.7174	0.5713
10	15	0.6501	0.4019	0.4971
10	17	1.0000	0.2355	0.0415
11	12	0.9996	0.7505	0.4589
11	14	0.7500	0.5939	0.3152
12	13	0.9997	0.7712	0.8223
12	14	0.6008	0.7310	0.4971
12	15	0.5504	0.8676	0.2781
13	14	0.9996	0.6162	0.5767
13	15	0.5013	0.4498	0.2803
13	17	0.8021	0.0797	0.3999
14	15	0.9988	0.8814	0.5878
14	17	0.8501	0.4413	0.5225
15	16	0.8480	0.9265	0.3944
15	17	0.9986	0.8453	0.1878
16	17	0.9989	0.2256	0.3375
