0	1	0.9993	0.5437	0.5983
0	2	0.8501	0.5416	0.5741
0	3	0.9995	0.6323	0.4594
0	4	0.9489	0.5182	0.5688
0	5	0.5434	0.4936	0.4358
0	6	0.6500	0.3528	0.4472
1	2	0.9998	0.5752	0.6339
1	3	0.9991	0.4468	0.4620
1	4	0.8500	0.7368	0.5486
1	5	0.6008	0.4578	0.5215
1	6	0.6508	0.4105	0.3703
2	3	0.9999	0.7505	0.5000
2	4	0.9980	0.7455	0.6746
2	5	0.6001	0.3791	0.4078
2	6	0.6003	0.5143	0.4618
3	4	0.9988	0.6473	0.5179
3	5	0.9491	0.5928	0.7748
3	6	0.7502	0.4863	0.4074
3	8	0.5505	0.4586	0.4020
4	5	0.9986	0.6979	0.5099
4	6	0.9996	0.4662	0.6469
4	7	0.6999	0.7278	0.8057
5	6	0.9990	0.7071	0.6765
5	7	0.7934	0.5930	0.6190
5	8	0.7505	0.5750	0.4911
5	9	0.5499	0.4015	0.5179
6	7	0.8998	0.6376	0.5284
6	8	0.9994	0.6504	0.4555
6	9	0.7010	0.4997	0.5279
6	10	0.8502	0.6289	0.7045
7	8	0.9991	0.7047	0.5396
8	9	0.9991	0.4987	0.5589
8	10	0.9987	0.6020	0.6894
8	11	0.9783	0.4821	0.5028
8	12	0.6506	0.5451	0.5976
8	13	0.5507	0.4056	0.4649
8	14	0.7502	0.4767	0.5451
8	15	0.9983	0.5269	0.6463
8	16	0.5097	0.4031	0.6114
9	11	0.9497	0.6259	0.5252
9	12	0.8006	0.5934	0.4905
9	14	0.8997	0.4989	0.4271
9	15	0.9982	0.6258	0.5808
9	16	0.7992	0.4043	0.4770
10	11	0.9998	0.7919	0.5482
10	12	0.9498	0.5765	0.5193
10	13	0.6005	0.6625	0.5647
10	14	0.9492	0.6755	0.6579
10	15	0.9988	0.6302	0.5793
11	12	0.9499	0.5429	0.5750
11	13	0.5501	0.4382	0.5169
11	14	0.6505	0.5234	0.6323
11	15	0.9496	0.4300	0.5578
12	13	0.7983	0.4767	0.5247
12	14	0.5513	0.6756	0.3204
12	15	0.9492	0.5548	0.4846
12	16	0.6500	0.4346	0.6108
13	14	0.5507	0.6497	0.5462
13	15	0.7502	0.5816	0.4847
14	15	0.9471	0.7171	0.6255
15	16	0.9982	0.5723	0.5899
15	17	0.7998	0.4123	0.7361
15	18	0.9993	0.5479	0.4602
15	20	0.7496	0.5739	0.7207
15	22	0.8496	0.3058	0.7852
16	17	0.9986	0.8555	0.4617
16	18	0.9517	0.6523	0.5371
16	20	0.6508	0.5930	0.5469
17	18	1.0000	0.4227	0.7308
17	19	0.8003	0.6514	0.4205
17	20	0.6499	0.7507	0.5634
18	19	0.9993	0.8271	0.4274
18	20	0.8502	0.4572	0.6393
19	20	0.9999	0.6307	0.5996
19	22	0.8502	0.4152	0.6000
20	21	0.7005	0.4673	0.5516
20	22	0.9500	0.5402	0.6032
21	22	0.5707	0.5913	0.6161
22	23	0.6502	0.6182	0.3180
22	24	0.6002	0.7541	0.6108
23	24	0.5505	0.4094	0.3094
