0	1	0.9996	0.9999	0.1303
0	2	0.9979	0.5966	0.6697
0	3	0.9999	0.5145	0.3267
0	7	0.9988	0.1303	0.2558
0	9	1.0000	0.4138	0.5526
0	10	0.9989	0.0446	0.5036
0	11	0.9998	0.8899	0.0070
1	2	0.9979	0.5075	0.0945
1	7	0.8509	0.8464	0.9975
1	11	1.0000	0.4609	0.5572
1	14	0.9998	0.6557	0.9973
2	3	0.9995	0.5324	0.3287
2	6	0.9990	0.3663	0.4005
2	7	0.9999	0.4907	0.4933
2	8	0.8025	0.0033	0.9968
2	9	0.9998	0.5256	0.3985
2	10	0.9001	0.7595	0.9756
2	11	0.9998	0.2398	0.1835
3	4	0.9995	0.5056	0.4459
3	5	1.0000	0.0005	0.0000
3	6	0.9993	0.5115	0.2350
3	7	0.9997	0.3011	0.4659
3	8	1.0000	0.8094	0.8691
3	9	0.9997	0.4831	0.4404
3	10	1.0000	0.6480	0.9999
3	11	1.0000	0.4528	0.0386
4	5	0.9968	0.8488	0.4781
4	6	0.9986	0.6234	0.1036
4	7	0.9960	0.6474	0.6143
4	8	0.8514	0.1664	0.7600
4	9	0.9980	0.5038	0.2319
5	6	1.0000	0.9590	0.0727
6	7	0.9998	0.4305	0.5342
6	8	0.9999	0.0000	0.9998
6	9	1.0000	0.0000	0.1511
6	11	0.8513	0.0000	0.6258
7	8	0.9999	1.0000	1.0000
7	9	1.0000	0.7427	0.2902
7	11	0.9989	0.9977	0.5689
8	9	0.9999	0.9850	0.1493
8	11	1.0000	0.7152	0.9249
9	10	0.9987	0.7857	0.7012
9	11	1.0000	0.0893	0.1644
11	14	0.9998	0.8878	0.9891
12	14	1.0000	0.4587	0.5470
12	15	0.9985	0.8084	0.6045
12	17	0.9995	0.6309	0.5490
12	21	1.0000	0.6672	0.3466
13	14	0.9972	0.5839	0.0535
13	17	0.5013	0.6459	0.6886
13	20	0.8499	0.9075	0.2880
13	22	0.9491	0.9054	0.7100
14	15	0.9997	0.5208	0.4674
14	17	0.9999	0.5002	0.6801
14	18	0.9981	0.3577	0.5467
14	19	0.9996	0.2710	0.6483
14	20	0.9993	0.0504	0.4551
14	21	1.0000	0.4757	0.4720
14	22	0.9990	0.0359	0.6906
15	16	0.9998	0.9064	0.3927
15	17	1.0000	0.6819	0.5396
15	18	0.9992	0.9730	0.8755
15	19	0.9997	0.8622	0.5234
15	20	0.9967	0.9865	0.5270
15	21	1.0000	0.6195	0.4185
15	22	0.9953	0.9573	0.0117
16	17	0.9990	0.7216	0.7399
17	18	0.9976	0.7818	0.9873
17	19	0.5624	0.3930	0.4857
17	20	0.9988	0.9224	0.7219
17	21	0.9995	0.4316	0.3551
18	19	0.7999	0.9377	0.5033
18	21	0.9502	0.9363	0.2395
19	20	0.9990	0.8855	0.7706
19	21	0.5970	0.5192	0.2577
19	22	0.9988	0.4195	0.5228
20	21	1.0000	0.9290	0.2465
20	22	0.9984	0.7801	0.5614
20	23	0.8496	0.8942	0.2790
21	22	0.9971	0.2868	0.2055
21	23	0.9974	0.1285	0.0210
22	23	0.9958	0.5836	0.0524
