0	1	0.8999	0.4183	0.6272
0	3	0.6501	0.5540	0.3367
0	6	0.5002	0.4708	0.6134
1	2	0.8001	0.5168	0.4700
1	3	0.9999	0.6658	0.4801
1	4	0.8003	0.6259	0.5329
1	6	0.9500	0.6966	0.4680
1	7	0.6505	0.5865	0.5228
2	3	0.7999	0.7224	0.2704
2	4	0.6009	0.5718	0.6625
2	6	0.6503	0.5587	0.5460
3	4	0.9999	0.7530	0.4633
3	6	0.9503	0.6269	0.6180
3	7	0.9010	0.6809	0.4567
3	8	0.6502	0.5905	0.3415
4	5	0.9476	0.9090	0.6995
4	6	0.9996	0.7010	0.6932
4	7	0.9998	0.5776	0.5364
4	8	0.5005	0.5722	0.3265
5	6	0.8999	0.4675	0.4753
6	7	0.7506	0.5721	0.4719
6	8	0.7685	0.5394	0.4429
7	8	0.9000	0.4841	0.4427
8	9	0.9999	0.6782	0.4068
8	10	0.6504	0.5297	0.4900
8	25	0.6508	0.5513	0.6401
9	10	0.9492	0.6278	0.1166
10	11	0.9487	0.7399	0.5870
10	12	0.9988	0.6282	0.5794
10	13	0.9990	0.8863	0.2908
10	14	0.9493	0.3511	0.6764
10	15	0.9983	0.4851	0.4945
10	16	0.9993	0.4599	0.5175
10	17	0.9494	0.2516	0.1763
10	20	0.7499	0.5493	0.6030
10	22	0.5505	0.4518	0.3742
10	23	0.9995	0.5293	0.4182
11	12	0.9496	0.7500	0.3775
11	16	0.5002	0.7781	0.5570
12	13	0.9499	0.7716	0.3634
12	14	0.6501	0.4256	0.5971
12	15	0.9984	0.5531	0.4815
12	16	0.7502	0.6775	0.3641
12	23	0.9484	0.7204	0.6385
13	14	0.8006	0.7306	0.3629
13	15	0.9994	0.3940	0.4735
13	16	0.8999	0.5143	0.7707
13	17	0.7004	0.6586	0.3665
14	15	0.9989	0.6953	0.3508
14	16	0.9997	0.6499	0.7697
14	17	0.6999	0.3666	0.4582
15	16	0.9979	0.4422	0.4999
15	17	0.5503	0.1747	0.3262
16	17	0.9489	0.8953	0.3125
16	18	0.7512	0.8227	0.4370
16	19	0.7001	0.6360	0.4719
16	20	0.6008	0.4897	0.3791
16	21	0.7492	0.9255	0.5996
17	18	0.7001	0.6058	0.4312
17	19	0.7506	0.5920	0.4364
17	20	0.5005	0.4279	0.5142
17	21	0.7405	0.4916	0.2793
18	19	0.8002	0.5385	0.5783
18	20	0.9501	0.5539	0.5426
18	21	0.9993	0.5411	0.4813
19	20	0.9999	0.6775	0.6361
19	21	0.7002	0.7482	0.4740
20	21	0.9995	0.7843	0.5652
20	22	0.5527	0.5380	0.2334
20	23	0.7004	0.5583	0.5364
21	22	0.9990	0.6794	0.3452
21	23	0.9998	0.7093	0.8267
22	23	1.0000	0.5540	0.5384
23	24	0.7510	0.8107	0.5194
23	25	0.6509	0.7353	0.3652
24	25	0.8003	0.7904	0.6294
