0	1	0.9955	0.7365	0.5055
0	2	0.9994	0.4531	0.4525
0	3	0.5025	0.6860	0.6954
0	4	0.9997	0.6481	0.5207
0	5	1.0000	0.3476	0.6789
0	6	0.9992	0.6016	0.5292
0	8	0.9958	0.8110	0.6103
0	9	0.9972	0.7297	0.7186
0	15	0.9996	0.5845	0.8994
1	2	1.0000	0.7908	0.1891
1	3	1.0000	0.6397	0.8967
1	4	0.9987	0.9578	0.0000
1	6	0.9992	0.6115	0.5856
1	9	0.9999	0.3660	0.9179
1	12	0.9997	0.1209	0.9769
1	13	1.0000	0.0016	0.0057
1	15	0.9991	0.4799	0.3311
2	3	0.9988	0.6609	0.4814
2	4	0.9998	0.5777	0.4636
2	5	1.0000	0.3076	0.7820
2	6	0.9997	0.0374	0.2954
2	8	0.6497	0.7411	0.7096
3	4	1.0000	0.4346	0.3449
4	5	0.9990	0.6189	0.5885
5	6	0.9994	0.5379	0.2444
5	8	1.0000	0.3211	0.5959
6	8	0.9965	0.7573	0.5755
6	9	0.9984	0.5790	0.5200
6	11	1.0000	0.9997	0.4376
6	12	0.9998	0.5744	0.4536
6	15	0.9979	0.4006	0.7656
6	16	0.9992	0.0204	0.6249
7	8	0.6994	0.6952	0.0252
7	11	0.9969	0.3224	0.0621
8	9	0.9981	0.6955	0.4430
8	11	0.9999	0.3333	0.5995
8	12	0.9958	0.8009	0.0086
9	10	0.5492	0.9895	0.1529
9	11	0.9951	0.8009	0.5237
9	12	0.9996	0.5688	0.4257
9	15	0.9980	0.5360	0.8061
9	16	0.9997	0.0516	0.7748
9	17	0.5498	0.9629	0.1182
10	11	0.9968	0.5432	0.1651
10	12	0.9981	0.0940	0.9806
10	17	1.0000	0.0497	0.8106
10	18	0.9499	0.0517	0.0443
11	12	0.9996	0.6955	0.1976
11	13	0.5535	0.0397	0.0230
11	17	0.9933	0.6131	0.0000
12	15	0.9970	0.6395	0.6330
12	16	1.0000	0.1621	0.8510
12	17	0.9999	0.7853	0.4117
12	18	0.9973	0.9893	0.3997
13	14	1.0000	0.8458	0.2923
13	15	0.6005	0.0647	0.0278
14	18	0.9982	0.9953	0.0030
15	16	0.9983	0.9118	0.7871
15	17	1.0000	0.6046	0.7564
17	18	0.9996	0.7449	0.5352
