0	1	1.0000	0.8370	0.3250
0	2	0.9995	0.7745	0.6107
0	3	1.0000	0.6998	0.5614
0	4	0.9988	0.9478	0.1346
0	17	0.8496	0.3787	0.1460
0	24	0.5004	0.6929	0.7566
1	2	0.9994	0.8093	0.4599
1	3	0.9997	0.7071	0.3256
1	4	0.9986	0.5621	0.2865
1	5	0.8987	0.9447	0.5805
2	3	0.9496	0.7819	0.3055
2	4	0.7498	0.7645	0.5087
2	17	0.6001	0.7493	0.2205
3	4	0.9977	0.5432	0.2143
3	17	0.9984	0.5412	0.2735
3	21	0.6506	0.4050	0.5564
3	24	0.9993	0.8438	0.5404
4	5	0.9973	0.9639	0.5942
4	6	0.9986	0.9174	0.3017
4	7	0.7363	0.7706	0.3708
4	9	0.7995	0.9697	0.5782
4	10	0.7995	0.9575	0.5947
4	15	0.7987	0.9869	0.2837
4	16	0.9477	0.4640	0.5222
4	17	0.9997	0.8347	0.4372
4	24	0.8502	0.4267	0.7591
5	6	0.9970	0.6241	0.0919
5	9	0.5480	0.3300	0.3194
5	10	0.8983	0.7059	0.5039
5	14	0.7501	0.6856	0.6849
5	17	0.9998	0.2624	0.1432
5	18	0.8995	0.3453	0.0818
6	7	0.6995	0.7373	0.2088
6	8	0.9492	0.8969	0.2967
6	9	0.9994	0.4747	0.4731
6	10	0.9988	0.5464	0.2761
6	11	0.9492	0.8822	0.1626
6	14	0.8989	0.7516	0.4837
6	17	0.9991	0.7796	0.1687
7	8	0.5504	0.5946	0.3586
7	9	0.7997	0.4781	0.4532
7	10	0.8993	0.3990	0.9146
8	9	0.9992	0.4040	0.3871
8	10	0.9992	0.4641	0.9047
8	12	0.9982	0.6917	0.4142
9	10	0.9997	0.4651	0.4447
9	11	0.9992	0.2795	0.1974
9	12	0.9997	0.1746	0.7935
9	13	0.8998	0.1744	0.3397
9	14	0.9493	0.3611	0.5524
10	11	0.9984	0.9840	0.4107
10	12	0.9491	0.7654	0.6760
10	13	0.9993	0.4752	0.3416
10	14	0.9993	0.8302	0.6605
10	17	0.9997	0.8927	0.3829
11	12	0.9984	0.9493	0.5104
12	13	0.9978	0.6847	0.0845
12	14	0.9495	0.6092	0.5970
13	14	0.9970	0.9166	0.4287
14	15	0.9962	0.8978	0.2417
14	16	0.9475	0.7808	0.4510
14	18	0.8486	0.2776	0.4612
15	16	0.7991	0.8957	0.1482
15	17	0.9966	0.7991	0.2787
16	17	0.9986	0.3978	0.0423
17	18	0.9974	0.9553	0.5324
17	19	0.9954	0.9850	0.5261
17	20	0.9997	0.9953	0.5654
17	21	1.0000	0.7379	0.4575
17	22	0.9999	0.6347	0.4254
17	23	0.8983	0.6875	0.4652
17	24	0.9995	0.5407	0.5195
17	25	0.9495	0.4367	0.6023
18	19	0.7005	0.5616	0.0814
18	20	0.5997	0.9980	0.3026
19	20	0.9989	0.9201	0.1396
19	21	0.9989	0.2426	0.0582
20	21	0.9970	0.6925	0.0176
20	22	0.9503	0.1073	0.9568
21	22	1.0000	0.5372	0.3349
22	23	0.9958	0.9942	0.6750
22	24	0.9999	0.7847	0.5570
22	25	0.9494	0.7781	0.5993
23	24	0.9478	0.7894	0.1156
24	25	0.8006	0.7482	0.4018
