0	1	0.9964	0.9035	0.3811
0	2	0.9501	0.6071	0.4323
0	4	0.6503	0.5061	0.6559
0	7	0.9979	0.8745	0.6857
0	9	0.7493	0.6662	0.6251
0	11	0.9990	0.7568	0.7121
0	12	0.9981	0.7498	0.7768
0	18	0.6504	0.5740	0.8015
0	19	0.9992	0.5319	0.6447
0	20	0.9993	0.1930	0.5846
1	2	0.9985	0.5140	0.6347
1	13	0.5006	0.0187	0.8583
1	19	0.8500	0.2321	0.4402
2	3	0.9998	0.5395	0.6183
2	4	1.0000	0.4286	0.6301
2	5	0.9990	0.4990	0.5347
2	6	0.9496	0.5920	0.5308
2	7	0.8990	0.2990	0.6285
2	19	0.9998	0.0398	0.6803
2	20	0.6014	0.2762	0.5161
3	4	0.9998	0.8505	0.4742
3	5	0.9972	0.5959	0.7355
3	6	0.9988	0.7879	0.6239
4	5	0.9997	0.7286	0.2244
4	6	0.6015	0.4152	0.7834
4	7	0.9996	0.7688	0.7899
4	9	0.5506	0.6196	0.3768
4	19	0.9937	0.3542	0.6655
4	20	0.8041	0.6838	0.2722
5	6	0.9973	0.7615	0.5892
5	7	0.9989	0.3640	0.5262
5	8	0.9997	0.9776	0.3021
6	7	0.9998	0.8859	0.0896
6	8	0.9407	0.4090	0.6522
7	8	1.0000	0.4681	0.5405
7	9	0.9999	0.5692	0.4714
7	12	0.9995	0.7446	0.4447
7	19	0.9987	0.9911	0.1940
8	9	0.9985	0.5938	0.1522
8	11	0.9496	0.3564	0.5187
8	17	0.5501	0.1973	0.7807
9	10	0.9496	0.9989	0.3886
9	11	0.5006	0.6414	0.6192
9	12	0.9497	0.6716	0.4719
9	17	0.9993	0.9409	0.7406
9	18	0.9983	0.7122	0.6341
9	19	0.9497	0.9910	0.4172
10	11	0.9978	0.6028	0.0741
10	12	0.9500	0.4068	0.9828
10	13	0.8502	0.3960	0.4635
10	16	0.8360	0.5824	0.3575
10	17	0.9984	0.4990	0.2253
11	12	0.9496	0.6843	0.2056
11	17	0.9995	0.5215	0.3883
11	18	0.9498	0.6116	0.3311
12	13	0.8505	0.9513	0.1582
12	17	0.9999	0.5929	0.7222
12	18	0.9985	0.5045	0.5653
12	19	0.9998	0.9857	0.2775
12	20	0.9988	0.6218	0.7024
13	14	0.9989	0.7218	0.7124
13	15	1.0000	0.5529	0.7488
13	16	0.9489	0.5148	0.2701
13	17	0.9003	0.2205	0.0574
13	19	0.7999	0.4607	0.5028
14	15	0.9492	0.6901	0.7046
14	16	0.6989	0.8384	0.2812
15	16	0.7009	0.7675	0.4539
16	17	0.9972	0.8910	0.0911
17	18	0.9997	0.7497	0.1869
18	19	0.7007	0.8042	0.2256
18	20	0.9500	0.7738	0.4883
19	20	1.0000	0.8503	0.2613
