0	1	0.9999	0.9039	0.1943
0	2	0.5003	0.6611	0.7521
0	3	0.9495	0.6082	0.6673
0	4	0.9985	0.4351	0.6403
0	5	0.9985	0.6530	0.6250
0	6	0.9985	0.5323	0.3105
0	7	0.8002	0.4765	0.9232
1	2	0.9992	0.9306	0.2750
1	3	0.9989	0.8569	0.4495
1	4	0.6501	0.2423	0.4912
1	5	0.9995	0.2875	0.5004
1	6	0.9984	0.4571	0.2764
1	9	0.7003	0.5757	0.1939
1	10	0.6503	0.8880	0.2591
2	3	0.9501	0.7387	0.4807
2	5	0.9486	0.5136	0.7853
2	6	0.8994	0.4348	0.3834
3	4	0.9979	0.8202	0.2618
3	5	0.9991	0.7515	0.6017
3	6	0.5125	0.5940	0.4446
3	7	0.5506	0.3894	0.9232
4	5	0.9997	0.7306	0.4363
4	6	0.6004	0.3051	0.3401
5	6	1.0000	0.8960	0.1743
5	7	0.9001	0.9831	0.8720
6	7	0.9999	0.7254	0.5786
7	8	0.8501	0.9675	0.3998
7	9	0.9499	0.9167	0.3646
7	10	0.9996	0.7492	0.3836
8	9	0.7982	0.8088	0.3216
8	10	0.6497	0.3857	0.4795
9	10	0.9492	0.5395	0.3977
10	11	0.9490	0.5720	0.4103
10	12	0.7009	0.5480	0.5982
11	12	0.9996	0.8358	0.5134
11	13	0.9995	0.3035	0.4458
11	14	0.9996	0.5123	0.5486
12	13	0.9977	0.9516	0.1017
12	14	0.9000	0.6032	0.6932
13	14	0.8995	0.6870	0.2432
13	17	0.7017	0.1003	0.6917
14	15	0.9981	0.9831	0.3855
14	16	0.9999	0.7925	0.4969
15	16	0.9971	0.6781	0.1284
