0	1	0.9961	0.8421	0.2501
0	2	0.9985	0.4566	0.6084
0	3	0.9992	0.4307	0.5737
0	4	0.9987	0.5457	0.5694
0	5	0.7999	0.6444	0.4666
0	10	0.7494	0.5952	0.6023
0	17	0.7000	0.6813	0.5315
0	21	0.5004	0.4945	0.6153
0	22	0.5009	0.6808	0.3655
0	24	0.7497	0.5734	0.7236
1	2	0.8985	0.5615	0.3704
1	3	0.9494	0.3418	0.7178
1	4	0.7995	0.8306	0.7574
1	10	0.5993	0.3826	0.6656
2	3	0.9987	0.6025	0.6726
2	4	0.6999	0.6568	0.6386
2	5	0.8489	0.5110	0.5519
2	17	0.5008	0.5933	0.4888
2	21	0.6493	0.3476	0.7637
2	22	0.6496	0.3294	0.5405
2	23	0.6005	0.5470	0.6384
2	24	0.8500	0.4338	0.8298
3	4	0.9997	0.7963	0.3543
3	5	0.8997	0.3134	0.3688
3	10	0.9990	0.5333	0.2343
3	17	0.6004	0.4667	0.2674
3	21	0.6025	0.6361	0.5003
3	24	0.7517	0.5131	0.3652
4	5	0.7504	0.9191	0.5959
4	8	0.9494	0.6984	0.7450
4	9	0.9491	0.0782	0.7626
4	10	0.9994	0.6818	0.3955
4	17	0.8500	0.8816	0.4131
5	6	0.9484	0.8710	0.3610
5	7	0.9484	0.8514	0.5441
5	8	0.9003	0.7228	0.3547
5	9	0.7489	0.6580	0.2416
5	10	1.0000	0.4831	0.9365
5	12	0.9474	0.8479	0.7318
6	7	0.9981	0.8081	0.5409
6	8	0.8155	0.5074	0.2379
6	12	0.7001	0.4033	0.5514
7	8	0.8992	0.8343	0.4421
8	9	0.9988	0.9035	0.3624
8	10	0.8497	0.7059	0.3864
9	10	0.9977	0.7052	0.0263
10	11	0.6497	0.9610	0.4391
10	16	0.6005	0.7215	0.5835
10	17	0.9501	0.6925	0.6106
11	12	0.7496	0.7102	0.6270
11	13	0.5008	0.4188	0.4592
11	16	0.5494	0.6395	0.2689
12	13	0.6506	0.5016	0.7007
12	14	0.6509	0.8070	0.4889
12	16	0.7991	0.7005	0.4429
13	14	0.8991	0.7612	0.4370
13	16	0.9994	0.6351	0.3700
14	15	0.9495	0.7769	0.6643
14	16	0.9994	0.5984	0.2674
15	16	0.7002	0.6260	0.2515
16	17	0.9975	0.9088	0.2740
16	18	0.5007	0.6649	0.3217
17	18	0.8995	0.6964	0.6178
17	20	0.5508	0.6886	0.5558
17	21	0.6499	0.6885	0.5461
17	23	0.5840	0.5442	0.6211
18	19	0.9987	0.4273	0.4035
18	20	0.8993	0.5330	0.4943
18	22	0.7008	0.4797	0.5574
18	23	0.6997	0.3823	0.4709
19	20	0.9973	0.4595	0.5757
19	21	0.9986	0.4414	0.5009
19	22	0.7522	0.2826	0.5968
19	23	0.9001	0.5692	0.4661
19	24	0.7498	0.3528	0.4061
19	25	0.6491	0.5952	0.3751
20	21	0.9995	0.5869	0.4761
20	22	0.9991	0.3959	0.6460
20	23	0.9999	0.4668	0.7150
20	24	0.8991	0.4622	0.4765
20	25	0.8497	0.2679	0.3920
21	22	0.9991	0.9456	0.4862
21	23	0.9991	0.7069	0.7565
21	24	0.8491	0.6382	0.6638
21	25	0.9479	0.8352	0.3408
22	23	0.9995	0.7027	0.3610
23	24	0.9995	0.7844	0.3693
23	25	0.9997	0.6314	0.7006
24	25	0.9000	0.7553	0.3441
