0	1	0.8505	0.5955	0.5191
0	2	1.0000	0.8209	0.6689
0	3	0.6015	0.4254	0.2585
1	2	0.9485	0.7140	0.6843
1	3	0.8495	0.4257	0.3114
1	4	0.5998	0.4926	0.4313
2	3	0.9985	0.8308	0.0998
2	4	0.5006	0.6965	0.5920
2	5	0.7015	0.7793	0.6201
2	6	0.6994	0.8934	0.3134
3	4	0.9994	0.8228	0.4507
3	5	0.7479	0.5328	0.4398
3	6	0.9993	0.9105	0.7054
3	7	0.9995	0.6408	0.6267
3	8	0.9979	0.6998	0.6705
3	9	0.5507	0.4153	0.4980
3	10	0.8997	0.7464	0.3317
4	5	0.9995	0.5918	0.4853
4	6	0.9976	0.6444	0.6860
4	7	0.9989	0.5463	0.6200
4	8	0.8986	0.8148	0.8382
4	9	0.6500	0.3350	0.3303
4	10	0.9993	0.7156	0.3625
5	6	0.9987	0.6618	0.5762
5	7	0.9989	0.5667	0.5606
5	8	0.9986	0.6292	0.7993
5	9	0.9996	0.3598	0.4115
5	10	0.9997	0.5617	0.4310
5	11	0.8987	0.5484	0.3207
5	12	0.7505	0.5002	0.4043
6	7	0.8991	0.4848	0.6259
6	8	0.9991	0.7525	0.9114
6	9	0.8452	0.5351	0.4161
6	10	0.9992	0.7251	0.5058
6	11	0.5010	0.2638	0.4117
7	8	0.9981	0.9321	0.4637
7	9	0.7502	0.5757	0.3766
7	10	0.9495	0.7357	0.4666
7	11	0.8701	0.7295	0.3682
7	12	0.6003	0.4006	0.4451
8	9	0.8983	0.8909	0.3261
8	10	0.8490	0.8475	0.3744
9	10	0.8497	0.7043	0.2083
9	11	0.5503	0.6587	0.6508
10	11	0.8989	0.8150	0.2347
10	12	0.9988	0.8375	0.3281
11	12	0.9997	0.6875	0.3198
11	13	0.5007	0.5483	0.5934
12	13	0.9990	0.6210	0.5312
12	14	0.8499	0.5455	0.3904
13	14	0.8493	0.4165	0.4077
14	15	0.5506	0.9197	0.2262
14	16	0.5665	0.7507	0.3907
14	17	0.9996	0.8816	0.3387
14	18	0.5509	0.8842	0.5217
14	19	0.6007	0.6975	0.4585
14	22	0.8002	0.8352	0.6183
15	16	0.5502	0.5763	0.5283
15	18	0.6500	0.5199	0.4870
15	19	0.9487	0.5116	0.7305
15	22	0.9992	0.4916	0.3527
16	17	0.9995	0.6077	0.3843
16	18	0.9001	0.6136	0.4009
16	19	0.8492	0.6083	0.5515
16	20	0.6999	0.4176	0.9495
16	21	0.8000	0.5086	0.6623
16	22	0.9992	0.5927	0.3110
17	18	0.9992	0.5687	0.4960
17	19	0.9987	0.4960	0.5205
17	20	0.6995	0.4270	0.7831
17	22	0.9983	0.4331	0.5487
17	23	0.8997	0.4964	0.4389
18	19	0.9992	0.5341	0.6357
18	20	0.6423	0.5786	0.5257
18	21	0.9996	0.4505	0.6694
18	22	0.9991	0.5195	0.4807
19	20	0.9996	0.6953	0.8510
19	21	0.9999	0.6563	0.5612
19	22	0.9992	0.5889	0.4284
19	23	0.6507	0.5203	0.4712
19	24	0.6012	0.5206	0.5507
20	21	0.9493	0.8355	0.5864
20	22	0.9496	0.7793	0.4167
21	22	0.9497	0.5464	0.5240
21	23	0.9999	0.8047	0.5041
22	23	0.9994	0.8106	0.3145
23	24	0.9991	0.6981	0.4209
23	25	0.9999	0.6513	0.4596
23	26	0.6175	0.5524	0.4073
24	25	0.9999	0.6246	0.4668
24	26	0.7508	0.6424	0.4753
