0	1	0.9999	0.4992	0.5464
0	2	0.9991	0.4120	0.5233
0	3	0.6397	0.4495	0.3589
0	5	0.8996	0.4193	0.4544
0	6	0.8001	0.3144	0.4432
0	7	0.9498	0.5380	0.4647
0	8	0.7503	0.2964	0.5263
0	9	0.8497	0.3965	0.7169
0	20	0.9996	0.5390	0.7248
0	21	0.9994	0.3127	0.6357
0	22	0.9492	0.1026	0.5046
0	23	0.7000	0.4370	0.6712
0	25	0.8990	0.4781	0.6413
1	2	1.0000	0.5057	0.5092
1	3	0.6004	0.6922	0.2767
1	4	0.7488	0.7684	0.4431
1	5	0.9498	0.7334	0.3196
1	6	0.9991	0.6097	0.4605
1	7	1.0000	0.6420	0.5337
1	8	0.9494	0.5771	0.7471
1	9	0.9497	0.7787	0.6512
1	20	0.8998	0.4684	0.7687
1	21	0.9989	0.4630	0.6479
2	3	0.9481	0.9275	0.4725
2	4	0.5006	0.6314	0.3548
2	5	0.9987	0.5449	0.4062
2	6	0.8043	0.3235	0.3661
2	7	0.9999	0.6041	0.4072
2	8	0.9990	0.7489	0.7027
2	9	0.6011	0.5261	0.5343
2	20	0.5505	0.3699	0.6819
2	21	0.9992	0.4186	0.4126
3	4	0.7989	0.9734	0.3993
3	7	0.8520	0.5965	0.3522
4	5	0.8488	0.7975	0.2457
4	6	0.6506	0.4866	0.5116
4	7	0.8989	0.7369	0.3898
4	8	0.8996	0.6693	0.7668
4	9	0.5503	0.5932	0.4022
5	6	0.9494	0.4613	0.6186
5	7	0.9982	0.5765	0.3142
5	8	0.9000	0.4562	0.4678
6	7	0.9999	0.6237	0.3779
6	8	0.9996	0.6803	0.6324
6	9	0.6005	0.4092	0.5088
6	11	0.8499	0.7985	0.6129
7	8	0.9998	0.6309	0.4991
7	9	0.9989	0.3105	0.3410
7	11	0.6502	0.3798	0.4641
7	12	0.9489	0.4181	0.7380
8	9	0.9493	0.7545	0.2790
8	11	0.7500	0.4361	0.5515
9	11	0.8985	0.5461	0.6977
10	11	0.9994	0.6795	0.4802
10	12	0.9994	0.4902	0.7411
10	15	0.9998	0.8075	0.3446
10	16	0.9494	0.6188	0.5911
10	17	0.6499	0.5042	0.6072
10	20	0.5994	0.4310	0.3580
11	12	1.0000	0.5292	0.5578
11	13	0.9992	0.3934	0.6361
11	14	0.9990	0.1969	0.7166
11	15	0.9998	0.5804	0.4201
11	16	0.9996	0.4211	0.5093
11	17	0.9999	0.5095	0.7665
11	20	0.5511	0.5090	0.3981
11	21	0.5002	0.6179	0.2816
12	13	0.9974	0.9667	0.3576
12	14	0.8994	0.7710	0.4707
12	15	0.9991	0.3919	0.3822
12	16	0.8995	0.5247	0.5723
12	17	0.6002	0.5032	0.5478
14	15	0.9979	0.7940	0.2949
14	16	0.9992	0.7049	0.4988
14	17	0.6892	0.5182	0.7032
15	16	0.9998	0.4442	0.4865
15	17	1.0000	0.4927	0.6977
15	18	0.6015	0.4943	0.5231
15	19	0.5004	0.1186	0.5059
15	20	0.6506	0.5220	0.3862
15	21	0.9485	0.5853	0.4018
15	24	0.9987	0.6079	0.5481
15	25	0.9478	0.4881	0.5908
16	17	0.9998	0.5375	0.5862
16	18	0.9996	0.5526	0.3633
16	19	0.7504	0.5622	0.5392
16	20	0.9998	0.5467	0.4686
16	24	0.7486	0.3488	0.3256
17	18	0.9977	0.9641	0.2897
17	19	0.6995	0.6016	0.5314
17	20	0.9995	0.7733	0.4456
17	21	0.7003	0.5170	0.3723
18	21	0.8996	0.5217	0.5607
18	24	0.5002	0.4380	0.5440
19	25	0.5514	0.6026	0.5556
20	21	0.9499	0.7453	0.4643
20	22	0.6503	0.4075	0.3857
21	22	0.7991	0.8856	0.4139
21	25	0.7496	0.4154	0.5067
22	23	0.9996	0.5327	0.3517
22	25	0.9998	0.2855	0.9016
22	26	0.5006	0.4333	0.2599
22	27	0.6999	0.5266	0.2641
23	24	0.5011	0.5989	0.6155
23	25	0.8987	0.3796	0.7862
23	26	0.9997	0.3462	0.6795
23	27	0.9498	0.6758	0.4416
24	25	0.9996	0.6835	0.5380
24	26	0.7019	0.3179	0.5550
24	27	0.9985	0.4713	0.6751
24	28	0.5009	0.5623	0.4583
24	29	0.7499	0.4338	0.4069
24	32	0.7492	0.3359	0.4667
25	26	0.9982	0.9470	0.3157
25	27	0.8502	0.5846	0.4228
26	27	0.9984	0.5736	0.2820
27	28	0.9499	0.7048	0.5578
27	29	1.0000	0.7099	0.4430
27	31	0.9997	0.6478	0.5243
27	32	0.9996	0.6512	0.5318
27	35	0.7497	0.5805	0.5452
27	36	0.6503	0.5653	0.5097
27	37	0.9985	0.8118	0.7885
27	38	0.6502	0.6269	0.4134
27	39	0.9994	0.5674	0.4303
28	29	0.9990	0.6961	0.3760
28	31	0.9496	0.7722	0.4672
28	32	0.9996	0.5601	0.6464
29	30	0.9967	0.9491	0.7713
29	31	0.9999	0.6101	0.4792
29	32	0.9497	0.5646	0.5153
29	33	0.8004	0.5346	0.4239
29	35	0.6493	0.5024	0.5679
29	36	0.6006	0.6236	0.5401
29	37	0.9484	0.4436	0.5567
29	38	0.9990	0.5574	0.5842
29	39	0.9489	0.3658	0.3902
30	31	0.8477	0.8715	0.3096
30	32	0.9960	0.8725	0.6154
31	32	1.0000	0.5947	0.6108
31	33	0.9984	0.5562	0.5247
31	36	0.7975	0.2378	0.5328
31	37	0.7493	0.3208	0.7386
31	38	0.9992	0.5604	0.7903
31	39	0.9999	0.5568	0.4613
32	33	0.9497	0.6035	0.4760
32	35	0.6508	0.6345	0.3570
32	37	0.6005	0.6733	0.5294
32	38	0.9998	0.6730	0.7444
32	39	0.9994	0.5405	0.4955
33	34	0.9997	0.6182	0.4758
33	35	0.9993	0.5441	0.5162
33	36	0.9983	0.5903	0.6120
33	37	0.9990	0.6076	0.5097
33	38	0.9986	0.6278	0.7896
33	39	0.9497	0.5611	0.4205
34	35	0.9986	0.5491	0.5928
34	36	0.9983	0.4596	0.7116
34	37	0.7991	0.5629	0.5077
34	39	0.5001	0.6052	0.3150
35	36	0.9999	0.5881	0.5398
35	37	0.9996	0.5743	0.5786
35	38	0.9987	0.4943	0.5203
35	39	0.9489	0.4344	0.4726
36	37	0.9995	0.5784	0.4333
36	38	0.7006	0.6056	0.4168
37	38	0.7206	0.5552	0.3983
37	39	0.8502	0.7115	0.5419
38	39	1.0000	0.8106	0.4860
