0	1	0.9998	0.6836	0.7259
0	2	0.9999	0.4287	0.6574
0	3	0.5009	0.7057	0.3716
0	5	0.9500	0.6788	0.5457
0	7	0.9999	0.6495	0.6991
0	8	0.6009	0.6050	0.5005
0	20	0.6504	0.3690	0.6803
0	23	0.6462	0.4651	0.7283
1	2	0.9989	0.6808	0.5071
1	7	0.9973	0.9233	0.5104
2	3	1.0000	0.8388	0.3359
2	5	0.9999	0.7172	0.6156
2	7	0.9998	0.5749	0.6661
2	8	0.7494	0.6002	0.2748
3	4	0.9001	0.7400	0.4992
3	5	0.9501	0.6196	0.5535
3	7	0.9500	0.6615	0.6487
3	9	0.6005	0.4176	0.6950
4	5	0.9992	0.8355	0.1759
4	10	0.9495	0.6930	0.6175
5	6	0.9985	0.6692	0.4598
5	7	0.9996	0.7169	0.6158
5	8	0.7004	0.6306	0.5277
5	9	0.6505	0.3607	0.5643
5	10	0.8499	0.2041	0.8000
6	7	0.9484	0.4678	0.3884
6	9	0.8979	0.7263	0.6399
6	10	0.8499	0.8307	0.7148
7	8	0.9999	0.5553	0.4758
7	9	0.9002	0.6621	0.5542
7	20	0.8499	0.6839	0.4298
7	23	0.8000	0.4800	0.6254
8	9	0.9986	0.8405	0.4018
8	10	0.9993	0.8595	0.9361
8	20	0.7991	0.5716	0.2221
9	10	0.9991	0.9114	0.7149
9	11	0.7491	0.6731	0.1499
9	15	0.5992	0.6265	0.4276
9	16	0.9974	0.7279	0.3806
9	17	0.9979	0.8527	0.4041
9	19	0.5503	0.4948	0.4421
9	20	0.6006	0.4661	0.4429
9	23	0.8998	0.6329	0.3981
9	24	0.5007	0.3574	0.6575
10	11	0.9493	0.9271	0.2482
10	15	0.5748	0.6328	0.1970
10	16	0.9987	0.6427	0.6103
10	17	0.9998	0.5886	0.4462
10	18	0.6994	0.5652	0.6653
10	19	0.7977	0.3330	0.2262
10	20	0.5009	0.4475	0.2206
11	12	0.5505	0.5840	0.1781
11	14	0.9988	0.6681	0.9638
11	15	0.9995	0.7341	0.4192
11	16	1.0000	0.5876	0.8606
11	17	0.9487	0.8105	0.6914
11	18	0.9988	0.9142	0.7058
11	19	0.6013	0.6492	0.3654
11	20	0.9978	0.4916	0.1849
11	23	0.8000	0.5777	0.2227
12	14	0.8004	0.1831	0.7200
12	15	0.8993	0.1652	0.9426
12	16	0.8988	0.2852	0.3424
12	20	0.8986	0.5701	0.3085
13	14	0.9989	0.3910	0.1966
13	15	0.9983	0.2555	0.5391
13	16	0.9992	0.2626	0.5926
13	18	0.5050	0.3152	0.4114
13	19	0.9992	0.4127	0.4103
13	20	0.7497	0.3235	0.2930
14	15	1.0000	0.7601	0.4506
14	16	1.0000	0.6770	0.4444
14	17	0.9997	0.7857	0.4825
14	18	0.9491	0.5476	0.3659
14	19	0.9484	0.3431	0.3075
15	16	0.9996	0.4760	0.5855
15	17	0.9984	0.2936	0.4877
15	18	0.9987	0.4809	0.5335
15	19	0.9978	0.4733	0.2751
15	20	0.9972	0.6181	0.0531
16	17	0.9997	0.7533	0.5350
16	18	0.9977	0.8569	0.5697
16	19	0.9987	0.7028	0.6493
16	20	0.9983	0.4771	0.1198
16	23	0.9990	0.4674	0.1714
17	18	0.9990	0.9363	0.6787
17	19	0.9985	0.7618	0.3079
17	20	0.8998	0.3824	0.2331
17	23	0.6506	0.4268	0.0794
18	19	0.9488	0.8455	0.3130
18	20	0.5013	0.3456	0.3099
19	20	0.9984	0.9179	0.0922
20	21	0.9963	0.9913	0.1611
20	22	0.9998	0.6354	0.9938
20	23	0.9989	0.3152	0.4364
20	24	1.0000	0.5312	0.4741
20	25	0.9984	0.9262	0.6217
20	26	0.8494	0.6849	0.5610
20	27	0.9488	0.5649	0.4094
20	30	0.5504	0.4459	0.5809
21	22	0.5488	0.4606	0.2486
22	23	0.7005	0.6735	0.1395
22	24	0.6504	0.8398	0.7471
23	24	0.9999	0.5145	0.4147
23	25	0.9496	0.5984	0.4311
23	26	0.5010	0.4417	0.4765
23	30	0.7920	0.3262	0.3782
23	32	0.6505	0.5582	0.5828
24	25	0.9978	0.9159	0.6174
24	26	0.9993	0.7705	0.4659
24	27	0.7006	0.5789	0.5372
25	26	0.8988	0.8535	0.5292
25	27	0.8493	0.7451	0.2320
26	27	0.9490	0.8070	0.2468
27	28	0.8994	0.7844	0.4841
27	29	0.7005	0.6254	0.5423
27	30	0.9496	0.7099	0.4381
28	29	0.9997	0.5321	0.4560
28	30	0.8996	0.6925	0.2236
28	31	0.9504	0.3793	0.8758
29	30	0.9998	0.7349	0.3100
29	31	0.9997	0.3677	0.5794
30	31	0.9999	0.7186	0.5394
30	32	0.9495	0.5950	0.5464
30	33	0.9497	0.4242	0.7088
30	34	0.7501	0.3391	0.4836
31	32	0.9497	0.8743	0.4258
31	33	0.9988	0.8099	0.5758
32	33	0.8998	0.6209	0.7295
