0	1	1.0000	0.4532	0.4593
0	4	0.9992	0.3844	0.1414
0	7	0.9996	0.3176	0.3613
0	8	0.9962	0.7432	0.4726
0	9	1.0000	0.6194	0.3838
0	10	0.9966	0.2198	0.5751
0	11	1.0000	0.8432	0.2127
0	12	1.0000	0.4782	0.5417
1	2	0.9922	0.9926	0.1033
1	4	0.9994	0.5565	0.2021
1	5	0.7498	0.1619	0.3060
1	6	0.9501	0.7623	0.5663
1	7	1.0000	0.4948	0.3866
1	8	0.9985	0.3821	0.4060
1	9	0.9997	0.2942	0.4750
1	10	1.0000	0.9008	0.6184
1	12	0.9984	0.2155	0.4618
2	3	0.6249	0.8115	0.5846
2	7	0.9975	0.9353	0.6153
2	8	0.9961	0.9723	0.0117
3	7	0.9998	0.0040	0.4337
3	8	0.9978	0.3299	0.2625
4	5	0.6003	0.9868	0.2378
4	8	0.9971	0.7854	0.6283
4	9	1.0000	0.4416	0.5952
4	10	1.0000	0.0000	0.3543
4	12	0.9999	0.0310	0.3075
5	6	0.8999	0.1412	0.0410
5	7	0.9992	0.0063	0.6390
5	8	0.9998	0.0247	0.4604
6	7	1.0000	0.4282	0.6327
6	8	1.0000	0.5653	0.2703
7	8	0.9999	0.6364	0.3780
7	9	0.5008	0.5701	0.4886
8	9	0.9975	0.7781	0.4351
9	10	0.9999	0.9450	0.3861
9	11	1.0000	0.3758	0.3661
9	12	1.0000	0.4208	0.4280
10	11	0.9992	0.9414	0.4374
10	12	0.9994	0.4679	0.4231
11	12	1.0000	0.3850	0.4825
11	13	0.9979	0.4808	0.0060
12	13	0.9718	0.9353	0.0038
13	14	1.0000	0.6856	0.4366
13	15	0.9999	0.7671	0.4794
13	16	0.9995	0.8023	0.5282
14	15	0.9999	0.4540	0.4330
14	16	0.9987	0.2933	0.4200
15	16	1.0000	0.4994	0.5029
