0	1	0.8997	0.8103	0.2951
0	2	0.9997	0.7901	0.6274
0	3	0.6502	0.7018	0.5672
0	4	0.5005	0.5580	0.5182
0	5	0.9983	0.7885	0.4060
0	8	0.6001	0.5340	0.6733
0	16	0.5466	0.4442	0.7589
1	2	0.9988	0.4510	0.5132
1	3	0.9989	0.3787	0.1900
1	4	0.8505	0.4655	0.5055
1	5	0.8491	0.3771	0.4788
1	6	0.8000	0.4883	0.5302
1	8	0.7998	0.4390	0.4292
2	3	0.9994	0.7469	0.4423
2	4	0.9992	0.6684	0.5759
2	5	0.9994	0.6210	0.5310
2	6	0.8004	0.6791	0.5306
2	7	0.9993	0.6864	0.6249
2	8	0.9495	0.4758	0.3318
3	4	0.9993	0.5777	0.5483
3	5	0.8995	0.5589	0.4235
3	6	0.8002	0.3962	0.6458
3	7	0.9491	0.3692	0.3784
3	8	0.8992	0.4718	0.5450
4	5	0.9976	0.7550	0.5333
4	6	0.8994	0.6589	0.5843
4	7	0.7502	0.4363	0.3957
4	8	0.5504	0.4210	0.1728
5	6	0.9990	0.5683	0.6252
5	7	0.9991	0.4660	0.5025
5	8	0.8493	0.4218	0.5027
6	7	0.9989	0.8290	0.4871
6	8	0.9498	0.5282	0.3951
7	8	0.9982	0.8187	0.1780
7	14	0.5019	0.6798	0.2126
8	9	0.5007	0.9837	0.1550
9	10	0.9979	0.7622	0.1815
9	12	0.6370	0.2998	0.1287
10	11	0.9996	0.5033	0.7781
10	12	0.8494	0.6375	0.4223
10	13	0.7495	0.9907	0.5969
10	16	0.8500	0.7035	0.5397
10	18	0.8002	0.6333	0.5556
11	12	0.9973	0.9239	0.1171
11	14	0.7994	0.7727	0.5692
12	13	0.9970	0.9841	0.6165
12	14	0.8500	0.5118	0.5161
12	16	0.7499	0.3726	0.7031
13	14	0.7997	0.7565	0.1811
13	15	0.9981	0.5531	0.1102
14	15	0.6506	0.3904	0.1783
15	16	0.9995	0.4479	0.4838
15	17	0.8498	0.3909	0.4336
15	18	0.9999	0.6536	0.6835
16	17	0.9987	0.8945	0.3348
16	18	0.5009	0.4153	0.4295
17	18	0.9013	0.5610	0.3517
