0	1	0.9997	0.6253	0.5574
0	2	0.9999	0.5394	0.4793
0	3	0.9500	0.9177	0.5186
0	4	0.6993	0.4886	0.3548
0	6	1.0000	0.5613	0.8994
0	7	0.9999	0.6916	0.4824
0	8	0.9998	0.9083	0.6043
0	9	0.9995	0.7339	0.4887
0	27	0.9496	0.2854	0.8348
1	2	1.0000	0.6741	0.2775
1	3	0.9998	0.4307	0.5968
1	7	1.0000	0.5168	0.8479
1	9	1.0000	0.4368	0.9787
1	11	0.6004	0.3283	0.9398
1	12	0.8211	0.0548	0.8034
1	13	0.7997	0.4164	0.6717
1	21	1.0000	0.0625	0.0873
1	26	0.9504	0.7399	0.8773
1	27	0.9998	0.8246	0.3977
2	3	0.9990	0.9006	0.5095
2	4	0.9992	0.6398	0.6048
2	6	0.9996	0.6621	0.7884
2	7	0.9994	0.6119	0.5660
2	8	0.6993	0.9462	0.3187
3	4	0.9990	0.6282	0.3536
4	6	0.9989	0.7954	0.6838
5	6	0.9970	0.4518	0.0417
6	7	1.0000	0.8580	0.2592
6	8	1.0000	0.5631	0.6746
7	8	0.9983	0.7427	0.6087
7	9	0.9994	0.5272	0.4869
7	10	0.8999	0.9168	0.4229
7	11	0.9987	0.6119	0.5342
7	27	0.9495	0.5384	0.8849
8	9	0.9977	0.5735	0.1839
8	10	0.5509	0.3589	0.6057
9	10	0.9982	0.8970	0.4843
9	11	0.9989	0.5611	0.5114
9	12	0.7495	0.9146	0.6410
9	13	0.9979	0.7641	0.5500
9	27	0.9994	0.7942	0.9310
10	11	0.9992	0.6752	0.4307
10	12	0.9996	0.3619	0.9193
10	13	0.8499	0.2776	0.1094
11	12	0.9991	0.8628	0.7204
11	13	0.9988	0.6784	0.5406
11	27	0.7503	0.8365	0.7672
12	13	0.9976	0.6119	0.2327
12	21	0.6006	0.3760	0.4342
13	21	0.5004	0.5920	0.1869
13	26	0.6011	0.5738	0.7252
13	27	0.6499	0.8110	0.5109
14	15	1.0000	0.5679	0.6162
14	16	0.9991	0.4915	0.5229
14	17	0.9490	0.8943	0.4297
14	18	0.8497	0.5984	0.5283
14	19	0.9978	0.8078	0.3276
14	20	0.9987	0.5327	0.6381
14	21	0.5934	0.7332	0.2429
15	16	0.9999	0.7861	0.4801
15	17	0.9497	0.3793	0.6197
15	18	0.9996	0.8251	0.2212
15	20	1.0000	0.5030	0.8710
15	22	0.5503	0.2488	0.8545
15	25	0.5508	0.5152	0.4861
16	17	0.9485	0.7539	0.7641
16	18	0.9977	0.5943	0.6618
16	19	0.8993	0.6368	0.4521
16	20	0.9493	0.4592	0.5141
17	18	0.9968	0.8194	0.2207
18	19	0.9499	0.9540	0.2309
19	20	0.9988	0.6365	0.3224
19	21	0.9990	0.3191	0.6014
20	21	0.9998	0.7892	0.4495
20	22	0.9998	0.6212	0.5205
20	23	0.8997	0.9301	0.2671
20	24	0.8984	0.7386	0.3166
20	25	0.9999	0.5929	0.4552
20	26	0.8498	0.4490	0.3833
21	22	0.9995	0.5239	0.3723
21	26	0.9990	0.8263	0.3130
22	23	0.9995	0.9012	0.3752
22	24	0.9998	0.6867	0.3711
22	25	1.0000	0.6152	0.4559
23	24	0.5007	0.5209	0.2587
23	26	0.7178	0.3902	0.4158
24	25	0.8489	0.5958	0.5560
24	26	0.6009	0.5054	0.5487
25	26	0.9996	0.6815	0.2900
26	27	1.0000	0.7860	0.3084
