0	1	0.9996	0.9039	0.3247
0	2	0.9995	0.8765	0.6776
0	5	0.9983	0.5689	0.2117
0	6	0.7510	0.3975	0.4111
1	2	1.0000	0.6527	0.4984
1	3	0.6504	0.9247	0.4217
1	4	0.9988	0.6815	0.8331
1	5	0.9980	0.5638	0.2043
1	6	0.9994	0.2721	0.5481
1	8	0.5003	0.4522	0.5082
1	9	0.9996	0.6005	0.7688
2	3	0.8978	0.9655	0.3624
2	4	0.9997	0.6783	0.5883
2	5	0.9983	0.7710	0.2473
2	6	0.9979	0.7965	0.5483
2	8	0.5003	0.4434	0.3557
2	9	0.8997	0.5836	0.6149
3	4	0.9977	0.4874	0.1346
3	5	0.5009	0.1402	0.7287
4	5	0.9981	0.9673	0.4092
4	9	0.8500	0.6925	0.4429
5	6	0.5505	0.8534	0.2478
5	8	0.9683	0.9073	0.1967
5	9	0.8498	0.5180	0.6397
6	7	0.9967	0.9618	0.3258
6	8	0.9979	0.5062	0.1569
6	9	0.7499	0.4301	0.6151
7	8	0.9980	0.7090	0.0713
8	9	0.8999	0.6444	0.5043
