0	1	0.8996	0.4777	0.4471
0	2	0.9000	0.5023	0.4121
0	3	0.7499	0.6844	0.4645
0	5	0.7987	0.5453	0.4537
0	6	0.7984	0.4212	0.5423
0	8	0.5498	0.5046	0.6407
0	9	0.8001	0.4382	0.3908
1	2	0.9982	0.5466	0.1833
1	3	0.7003	0.3042	0.4993
1	5	0.5966	0.3709	0.2654
1	6	0.7500	0.5239	0.5133
1	9	0.6006	0.4029	0.2120
2	3	1.0000	0.9250	0.2865
2	4	0.7504	0.3901	0.4713
2	5	0.8985	0.3663	0.5709
2	6	0.9982	0.3864	0.5864
2	7	0.8997	0.9235	0.4474
2	8	1.0000	0.4409	0.8082
2	9	0.9993	0.5279	0.4865
2	10	0.9986	0.9043	0.4766
2	11	0.8994	0.5594	0.4885
2	16	0.6007	0.4334	0.5923
3	4	0.9997	0.9005	0.3030
3	5	0.9991	0.9241	0.3754
3	6	0.9998	0.6848	0.8530
3	8	0.6505	0.6385	0.2659
3	9	1.0000	0.3568	0.8622
3	10	0.6504	0.1864	0.2077
3	11	1.0000	0.2348	0.9504
3	16	0.9493	0.5206	0.2563
4	5	0.9984	0.6121	0.2057
4	6	0.9994	0.6204	0.4043
4	8	0.5005	0.5506	0.6564
4	9	0.6505	0.5769	0.4143
4	16	0.6003	0.4699	0.5001
5	6	0.9984	0.4935	0.4807
5	8	0.7498	0.5592	0.5684
6	8	0.9992	0.7645	0.6602
6	9	0.8994	0.6517	0.4252
7	8	0.9992	0.7643	0.1683
7	10	0.6999	0.4762	0.1454
7	13	0.5999	0.5979	0.4024
8	9	0.9996	0.8138	0.2340
8	10	1.0000	0.5336	0.6567
8	11	0.6002	0.7987	0.2318
9	10	0.9993	0.7651	0.5530
9	11	0.9999	0.5474	0.4565
9	13	0.8998	0.7079	0.5937
9	16	0.9994	0.5866	0.7363
9	17	0.5003	0.3425	0.5711
10	11	0.9998	0.6381	0.3645
10	13	1.0000	0.4878	0.6434
10	14	0.5497	0.6832	0.3033
11	12	0.6503	0.9888	0.3963
11	13	0.9997	0.6551	0.6309
11	14	0.9988	0.5914	0.5402
11	15	0.9997	0.8365	0.4857
11	16	0.9999	0.6380	0.5390
12	13	0.9491	0.3917	0.2770
13	14	0.9991	0.7231	0.2223
13	15	0.8503	0.4801	0.4701
14	15	0.9490	0.6787	0.5480
14	16	0.8996	0.6901	0.4380
14	17	0.7002	0.4337	0.5334
15	16	0.8500	0.7856	0.4540
15	17	0.6002	0.4844	0.4601
16	17	1.0000	0.7047	0.4454
16	18	0.9996	0.5799	0.4586
17	18	0.9996	0.5561	0.6219
