0	6	0.8997	0.8751	0.4563
0	7	0.8478	0.6266	0.1626
0	8	0.9999	0.8379	0.9262
0	12	0.6003	0.4294	0.0804
1	2	0.9991	0.6979	0.5969
1	12	0.9990	0.5585	0.0939
1	15	0.9988	0.6597	0.0513
1	19	0.6501	0.5173	0.0212
1	21	0.7006	0.3093	0.1185
2	3	0.9990	0.9939	0.0271
2	9	0.5512	0.2308	0.1389
2	12	0.9496	0.1487	0.0316
2	15	0.9954	0.5025	0.0106
2	17	0.6507	0.0841	0.1094
2	19	0.9974	0.7751	0.0245
2	21	0.9978	0.4295	0.0555
2	23	0.5012	0.5600	0.8881
3	4	0.9992	0.9984	0.9065
3	6	0.9995	0.9898	0.8503
3	9	0.8999	0.5390	0.3675
3	12	0.9997	0.4996	0.5823
3	15	0.8978	0.3988	0.7457
3	17	0.6990	0.5498	0.6296
3	19	0.9976	0.7305	0.7781
3	20	0.7506	0.5597	0.9172
3	21	0.9994	0.5723	0.6602
3	23	0.9988	0.2065	0.6011
4	5	0.9982	0.4424	0.6949
4	6	0.5267	0.5357	0.0507
4	19	0.9960	0.7758	0.9900
4	21	0.9977	0.8717	0.9955
4	22	0.8491	0.8132	0.4826
5	6	0.9978	0.9576	0.0056
5	8	0.9983	0.9411	0.0722
5	22	0.5530	0.9293	0.7463
6	7	1.0000	0.6132	0.3179
6	8	1.0000	0.3860	0.6745
6	9	0.9989	0.4994	0.0444
6	12	0.6503	0.3932	0.1334
6	23	1.0000	0.8537	0.2961
7	8	0.9977	0.6608	0.5674
7	9	1.0000	0.5310	0.3249
7	11	0.9970	0.9861	0.7219
7	12	0.9999	0.5382	0.4516
7	15	0.9994	0.5267	0.5702
7	17	0.6987	0.5880	0.5938
7	19	0.9970	0.6385	0.5299
7	21	0.9973	0.4654	0.6262
8	9	0.9996	0.6446	0.1973
8	11	0.9997	0.1571	0.8984
8	12	0.9960	0.6801	0.0260
9	10	0.9983	0.9977	0.7756
9	11	0.9981	0.9388	0.5754
9	12	0.9982	0.5300	0.7001
9	14	0.9497	0.9981	0.5149
9	15	0.9972	0.6332	0.6369
9	17	0.9977	0.8471	0.7144
9	19	0.9971	0.7796	0.7066
9	21	0.9990	0.6529	0.8942
10	11	0.9963	0.9287	0.0662
10	13	0.8986	0.6543	0.5037
10	14	0.5526	0.7214	0.1861
11	12	1.0000	0.6177	0.6810
11	13	0.6508	0.0429	0.5699
11	14	0.9995	0.2307	0.7133
12	14	0.9978	0.9524	0.6264
12	15	0.9999	0.6765	0.4694
12	17	0.9986	0.8193	0.5463
12	19	0.9999	0.8056	0.4260
12	21	0.9977	0.8626	0.6413
13	14	0.8998	0.1753	0.0423
14	15	0.9999	0.7908	0.3340
14	16	0.9988	0.1923	0.5095
14	17	0.7007	0.3422	0.0251
14	18	0.6502	0.2158	0.7226
15	16	0.9985	0.8913	0.6804
15	17	0.9993	0.6704	0.5379
15	18	0.9500	0.9705	0.8976
15	19	0.9999	0.6738	0.4884
15	21	0.9980	0.8261	0.6848
16	17	0.9968	0.4441	0.0720
16	18	0.9993	0.2958	0.6429
17	18	1.0000	0.4857	0.5069
17	19	0.9994	0.5759	0.5050
17	20	0.8005	0.9223	0.3885
17	21	0.9996	0.6040	0.5610
18	19	0.9985	0.5963	0.1685
18	20	0.9988	0.2295	0.7938
19	20	0.9997	0.7458	0.6058
19	21	0.9992	0.5527	0.5486
19	22	0.7502	0.9898	0.1777
19	23	0.8998	0.8436	0.3733
20	21	0.9995	0.5785	0.2942
20	23	0.7003	0.2637	0.4460
21	22	0.5498	0.9501	0.1806
21	23	0.9998	0.7827	0.4218
22	23	0.6009	0.3868	0.0829
