0	1	0.9990	0.7637	0.5597
0	2	0.9002	0.8706	0.6189
0	3	0.9997	0.6269	0.4859
0	4	0.9990	0.2994	0.6089
0	5	0.6513	0.4143	0.5885
0	6	0.9494	0.4813	0.5228
1	2	0.9994	0.7441	0.2891
1	3	0.9998	0.6810	0.2588
2	3	0.9496	0.7339	0.0552
3	4	1.0000	0.5082	0.5732
3	6	0.9999	0.6808	0.4460
3	7	0.6507	0.5764	0.5615
3	9	0.5999	0.5651	0.5358
4	5	0.9996	0.6776	0.2189
4	6	0.9999	0.6506	0.3348
4	7	0.8496	0.6181	0.4001
4	9	0.6506	0.5267	0.3991
5	6	0.9997	0.4693	0.4727
5	7	0.9989	0.4646	0.4953
5	8	0.7500	0.3727	0.4794
5	9	0.9996	0.4176	0.6028
6	7	1.0000	0.5846	0.4605
6	8	0.9502	0.6910	0.5599
6	9	0.9996	0.7021	0.7014
7	8	0.9998	0.5753	0.5364
7	9	0.9001	0.5564	0.5988
8	9	1.0000	0.6471	0.5547
