0	1	0.9993	0.7127	0.4406
0	2	0.9993	0.4050	0.4099
0	3	0.9998	0.6552	0.6298
0	4	0.9998	0.5084	0.4759
0	6	0.9994	0.7866	0.9085
0	7	0.9998	0.5969	0.4583
0	11	0.9495	0.4528	0.7421
0	21	0.7500	0.3646	0.2879
1	2	1.0000	0.7373	0.2274
1	4	1.0000	0.6209	0.4858
1	7	1.0000	0.3956	0.7681
1	10	0.9501	0.3485	0.8486
1	11	0.9997	0.2507	0.5862
1	21	0.9984	0.3162	0.2666
1	28	0.6688	0.1428	0.4890
2	3	0.9997	0.7438	0.5430
2	4	0.9997	0.5278	0.4409
3	4	0.9998	0.6367	0.3193
3	6	1.0000	0.5113	0.8362
4	6	0.9994	0.8051	0.8343
4	7	0.9497	0.5522	0.3038
4	11	0.6494	0.5284	0.7166
5	6	0.9985	0.8076	0.0396
5	8	0.8988	0.7296	0.2148
5	9	0.9489	0.9257	0.0512
6	7	1.0000	0.9065	0.2220
6	8	0.9997	0.0980	0.9814
6	9	1.0000	0.4973	0.8349
7	8	0.9486	0.9977	0.4731
7	9	0.9990	0.7676	0.7222
7	10	0.9999	0.5334	0.4344
7	11	0.9994	0.7063	0.5408
7	21	0.9987	0.7785	0.4155
8	9	0.9981	0.9340	0.1795
8	10	0.9989	0.3209	0.9049
8	11	0.9989	0.2851	0.4083
9	10	0.9980	0.6077	0.1833
9	11	0.7504	0.4030	0.5082
10	11	0.9976	0.9667	0.5935
10	21	0.7500	0.7739	0.5145
12	13	0.8000	0.7065	0.6213
12	14	0.8489	0.7164	0.3700
12	15	0.5004	0.5278	0.4026
12	27	0.6005	0.6734	0.7571
12	28	0.9499	0.5949	0.7006
12	29	0.9001	0.6690	0.6976
12	30	0.7496	0.5334	0.8573
13	14	0.8491	0.9402	0.3318
13	27	0.5504	0.5176	0.7564
13	28	0.8995	0.7398	0.6633
13	29	0.5005	0.7699	0.7056
14	15	0.7497	0.5959	0.4109
14	17	0.7006	0.8095	0.4572
15	16	0.9985	0.6241	0.6106
15	17	0.9987	0.5386	0.5131
15	18	0.9980	0.5960	0.6198
15	19	0.9996	0.5808	0.4677
15	20	0.7996	0.4993	0.3917
15	21	0.9989	0.3905	0.4069
15	22	0.9981	0.4166	0.6089
15	26	0.6007	0.3990	0.3911
15	28	0.9994	0.3303	0.8410
15	29	0.6008	0.2961	0.4249
16	17	0.9981	0.7779	0.6820
16	19	0.8998	0.3792	0.3940
16	21	0.9994	0.3812	0.3930
16	22	0.7564	0.6120	0.6582
17	18	0.9966	0.9283	0.7977
17	19	0.9984	0.4236	0.1823
17	21	0.8492	0.4305	0.5377
17	22	0.8991	0.5339	0.8265
17	26	0.5018	0.3204	0.2687
18	19	0.9997	0.5316	0.1557
19	20	0.9012	0.6546	0.4716
19	21	0.9994	0.9018	0.3886
19	28	0.8004	0.5956	0.4679
20	21	0.9990	0.7636	0.1917
20	22	0.8503	0.6329	0.9369
21	22	0.9995	0.6718	0.3550
21	23	0.8000	0.4935	0.5058
22	23	0.6001	0.5290	0.3820
22	25	0.7007	0.7788	0.4328
23	24	0.8005	0.5878	0.4523
23	25	0.9998	0.6456	0.4359
23	26	0.9984	0.5638	0.7041
23	28	0.7003	0.5180	0.5655
24	25	0.9997	0.7401	0.3561
24	26	0.9494	0.4218	0.6540
24	27	0.9493	0.4387	0.5608
24	28	0.5012	0.4979	0.3650
25	26	0.9998	0.4928	0.5613
25	27	0.9996	0.0490	0.6287
25	28	0.6020	0.1792	0.5819
26	27	0.9481	0.9204	0.3350
26	28	0.5504	0.5652	0.4953
27	28	0.9996	0.6862	0.2056
27	29	0.9988	0.5473	0.5334
27	30	0.5004	0.3579	0.7391
28	29	0.9985	0.8833	0.3269
28	30	0.9988	0.8250	0.5013
