0	1	0.9969	0.6720	0.0751
0	14	0.9497	0.3947	0.9749
0	19	0.9980	0.2938	0.2384
1	2	0.9968	0.7090	0.0590
1	3	0.9995	0.5735	0.3236
1	5	1.0000	0.7139	0.4382
1	6	0.9973	0.7697	0.1262
1	9	0.5507	0.3428	0.2964
1	10	0.5692	0.7336	0.3882
1	11	0.9978	0.6429	0.1608
1	14	0.6011	0.4959	0.8684
1	15	0.9966	0.5705	0.1859
1	17	0.9998	0.3953	0.8491
2	3	0.9483	0.8579	0.0513
2	19	0.7007	0.1258	0.1043
3	4	0.9993	0.6507	0.8807
3	5	0.9991	0.4338	0.4352
3	6	1.0000	0.4929	0.5613
3	7	0.9988	0.4154	0.5201
3	10	0.9995	0.3524	0.7462
3	11	0.9963	0.6241	0.7120
3	12	0.6509	0.6746	0.3542
3	14	0.7496	0.5360	0.9045
3	15	0.6502	0.6495	0.6656
3	19	0.7012	0.3307	0.3149
4	5	0.9960	0.6802	0.0106
4	6	0.9974	0.5163	0.3859
4	7	0.9480	0.7067	0.7860
4	10	0.9460	0.9596	0.4280
4	11	0.7979	0.6974	0.6043
5	6	1.0000	0.5255	0.5074
5	7	0.9999	0.5115	0.5282
5	9	0.8990	0.1930	0.4934
5	10	0.9999	0.7366	0.7705
5	11	0.7961	0.5722	0.5341
5	12	0.9994	0.5556	0.3576
5	14	0.9996	0.5609	0.9632
5	15	0.9997	0.6642	0.5048
5	17	0.9994	0.7082	0.7022
5	19	0.9989	0.4651	0.4029
6	7	0.9999	0.5187	0.4579
6	9	0.9994	0.1678	0.4854
6	10	0.5497	0.2369	0.6366
6	11	0.9991	0.4597	0.5712
6	12	0.7505	0.4050	0.2652
6	15	0.6006	0.3174	0.4851
7	9	0.9997	0.9223	0.4738
7	10	0.9990	0.9024	0.5632
7	11	0.9988	0.4949	0.5709
7	14	1.0000	0.9886	0.7319
7	15	0.9983	0.3755	0.5380
7	19	0.6508	0.4968	0.2611
8	9	0.9989	0.8804	0.7370
8	14	0.6001	0.4114	0.5291
8	19	0.8000	0.3280	0.2881
9	10	0.9980	0.9429	0.0544
9	19	0.7000	0.4429	0.4018
10	11	0.9993	0.8804	0.2234
10	12	0.9997	0.6897	0.8278
10	13	0.9495	0.2856	0.4942
10	15	0.9979	0.9655	0.0683
10	19	0.5012	0.3393	0.1550
11	12	1.0000	0.8586	0.3090
11	14	0.9999	0.1023	0.9219
11	15	1.0000	0.7596	0.5763
11	17	1.0000	0.7114	0.4871
11	19	0.9996	0.1288	0.2185
12	13	0.9971	0.9867	0.5491
12	14	0.9984	0.9385	0.7559
12	15	1.0000	0.4290	0.5969
12	16	0.9981	0.6972	0.3692
12	17	0.9989	0.3725	0.4828
12	19	0.7996	0.2411	0.1730
13	14	0.9991	0.4807	0.4510
14	15	0.9980	0.8887	0.0027
14	17	0.9979	0.9716	0.7351
14	18	0.8495	0.8435	0.8163
15	16	0.9982	0.9800	0.2694
15	17	1.0000	0.5889	0.4653
15	18	0.7497	0.3741	0.4713
15	19	0.8501	0.0926	0.1549
16	17	0.7495	0.2956	0.0145
17	18	0.9984	0.9430	0.4405
17	19	0.9999	0.6864	0.3955
18	19	0.8994	0.7984	0.6346
19	20	0.9952	0.9668	0.4373
19	21	1.0000	0.5227	0.6883
19	22	0.8991	0.4840	0.2873
19	23	0.9995	0.3741	0.8771
19	24	0.9493	0.6107	0.3289
21	22	0.9994	0.7905	0.4419
21	23	0.7001	0.4767	0.8021
21	24	0.9993	0.6502	0.2478
22	23	0.9997	0.6760	0.6873
22	24	0.9993	0.6190	0.5084
23	24	1.0000	0.6706	0.3487
