0	1	0.9936	0.8655	0.5122
0	2	0.9998	0.5909	0.3506
0	3	0.5010	0.8869	0.4382
0	4	0.9999	0.7873	0.6144
0	5	1.0000	0.3987	0.7114
0	6	0.9999	0.6566	0.3628
0	9	0.9984	0.6529	0.5887
0	10	0.9993	0.6533	0.4831
0	16	0.9999	0.5284	0.9583
1	2	1.0000	0.7752	0.1457
1	3	1.0000	0.5883	0.7726
1	4	0.9994	0.9153	0.0000
1	6	0.9988	0.6010	0.4620
1	10	0.9995	0.2032	0.9456
1	13	0.9997	0.0915	0.9779
1	14	1.0000	0.0086	0.0052
1	16	0.9989	0.5020	0.2934
2	3	0.9990	0.7639	0.3789
2	4	0.9993	0.5782	0.5288
2	5	0.9997	0.3472	0.7282
2	6	0.9462	0.5042	0.1889
3	4	0.9999	0.4692	0.2939
3	14	0.7522	0.2419	0.0601
4	5	0.9991	0.5846	0.6767
5	6	0.9987	0.4563	0.1784
5	9	0.9999	0.2748	0.5307
6	9	0.9987	0.6761	0.3629
6	10	0.9991	0.6007	0.5133
6	12	0.9998	1.0000	0.4011
6	13	0.9996	0.4906	0.3501
6	16	0.9967	0.2846	0.8800
7	8	0.9974	0.8344	0.1437
7	12	1.0000	0.0003	0.0179
8	9	0.9995	0.9655	0.0799
8	12	0.9993	0.6299	0.2362
9	10	1.0000	0.4664	0.4071
9	12	1.0000	0.4939	0.7107
9	13	0.9970	0.6500	0.0738
10	12	0.9963	0.8518	0.4994
10	13	0.9996	0.5422	0.3849
10	16	1.0000	0.4414	0.8434
10	17	0.9993	0.0106	0.8262
10	18	0.7983	0.9130	0.0719
11	12	0.9992	0.7094	0.1867
11	13	0.9997	0.0528	0.8992
11	15	0.8000	0.1320	0.8532
11	18	0.9998	0.0009	0.6091
12	13	0.9989	0.6866	0.2471
12	14	0.9033	0.0157	0.3142
12	18	0.9957	0.4891	0.0200
13	16	1.0000	0.5075	0.6675
13	17	0.9998	0.0699	0.8943
13	18	0.9995	0.7026	0.4328
14	15	0.9515	0.6433	0.3328
16	17	0.9974	0.9273	0.7407
16	18	1.0000	0.5823	0.6613
