0	1	0.8498	0.7912	0.4993
0	3	0.9305	0.5834	0.9391
0	19	0.5216	0.7600	0.8696
0	20	0.9952	0.4501	0.0574
3	4	0.9995	0.5353	0.4548
3	14	0.9990	0.9794	0.2710
3	15	0.9978	0.9389	0.6005
3	16	0.9959	0.8158	0.4319
3	17	1.0000	0.4496	0.7296
3	18	0.5035	0.1710	0.7027
3	19	0.9973	0.4057	0.5421
3	20	0.9868	0.9801	0.0000
4	5	0.9997	0.9912	0.2874
4	14	0.9977	0.0727	0.3488
4	15	0.9999	0.8130	0.4569
4	16	0.9999	0.6394	0.4787
4	17	1.0000	0.4223	0.5085
4	18	0.9992	0.9615	0.7501
4	19	1.0000	0.9786	0.3848
5	6	1.0000	0.8374	0.2298
5	7	0.9992	0.3238	0.4646
5	8	0.9971	0.8982	0.4245
5	11	0.9988	0.8229	0.3427
5	13	0.9955	0.6530	0.4907
5	15	1.0000	0.4459	0.4804
5	16	0.9997	0.3416	0.4430
5	17	0.9946	0.8706	0.6214
5	18	0.9981	0.8146	0.5692
6	7	0.9957	0.8029	0.5482
6	8	1.0000	0.1069	0.0186
6	9	0.9990	0.4574	0.5117
6	10	1.0000	0.4536	0.7579
6	11	0.9997	0.4662	0.3895
6	12	0.9999	0.5838	0.4705
6	13	0.9993	0.4159	0.3014
7	8	0.9996	0.7810	0.0893
7	9	1.0000	0.5569	0.4930
7	11	1.0000	0.4610	0.8428
7	13	0.9998	0.3375	0.9700
7	15	0.8006	0.1076	0.7093
7	28	0.9997	0.1059	0.6995
8	9	1.0000	0.0548	0.0096
9	10	0.9973	0.9320	0.6948
9	11	0.9997	0.8214	0.4233
9	28	0.5508	0.9537	0.6436
10	11	1.0000	0.6490	0.3858
10	12	1.0000	0.4203	0.5614
10	22	0.5065	0.0003	0.9462
11	12	0.9997	0.6189	0.4064
11	13	0.9977	0.6456	0.5203
11	15	1.0000	0.6661	0.2252
11	17	0.5520	0.0138	0.0641
12	13	0.9973	0.4492	0.1823
12	14	1.0000	0.0222	0.9849
12	22	0.9988	0.0020	0.9980
13	14	1.0000	0.9712	0.1970
13	15	1.0000	0.6951	0.2389
13	16	0.9995	0.6003	0.7204
13	17	1.0000	0.0009	0.1810
14	15	0.9994	0.2406	0.3705
14	16	0.9995	0.1863	0.7250
14	22	0.9994	0.9998	0.9401
15	16	0.9994	0.4130	0.5081
15	17	0.9994	0.0041	0.4038
16	17	1.0000	0.9047	0.3304
16	19	0.9976	0.1921	0.8328
17	18	0.9984	0.9160	0.0042
19	20	0.9927	0.9948	0.0358
20	21	0.9979	0.9420	0.5466
20	23	0.9999	0.8315	0.3722
20	24	0.9997	0.9675	0.8196
20	29	1.0000	0.7054	0.9288
20	30	0.9984	0.8122	0.3293
21	23	1.0000	0.4543	0.6813
21	24	0.9995	0.0916	0.4900
21	29	0.9996	0.7920	0.1166
21	30	1.0000	0.0146	0.9447
23	24	0.9980	0.9521	0.4368
23	26	0.9999	0.4769	0.8409
23	27	0.9963	0.8206	0.1200
23	29	1.0000	0.4501	0.4838
23	30	0.9989	0.8939	0.6359
24	25	1.0000	0.9220	0.9982
24	26	0.9999	0.7193	0.8547
24	27	0.9995	0.1160	0.8252
24	29	0.9986	0.5407	0.1970
24	30	1.0000	0.8106	0.8764
25	26	0.9998	0.6487	0.4363
25	30	0.9999	0.0000	0.5615
26	27	0.9995	0.9995	0.1100
26	29	0.9960	0.7237	0.7517
26	30	0.9496	0.5836	0.4841
27	28	0.9979	0.3631	0.9335
27	29	0.9990	0.0775	0.0818
29	30	0.9977	0.8059	0.5438
