0	1	0.9974	0.5377	0.2382
0	2	0.9983	0.5408	0.5325
0	3	0.9985	0.2075	0.5533
0	4	0.9995	0.4395	0.9058
0	5	0.9484	0.4523	0.2723
1	2	0.9990	0.5875	0.2087
1	3	0.9978	0.5120	0.6567
1	4	0.9998	0.5556	0.4332
1	5	0.9990	0.6443	0.3796
2	3	0.9993	0.4979	0.5232
2	4	1.0000	0.4492	0.8616
2	5	0.9993	0.5814	0.3127
3	4	1.0000	0.6040	0.5481
3	5	0.9995	0.6508	0.5724
3	7	0.8977	0.7619	0.4390
3	8	0.9996	0.6002	0.3224
3	9	0.8998	0.7976	0.5587
3	16	0.7995	0.7049	0.6402
3	17	0.9999	0.7871	0.4377
4	5	0.9997	0.4569	0.5187
4	7	0.9963	0.9147	0.3811
4	8	0.7005	0.5137	0.3096
4	16	0.7998	0.3369	0.6141
4	17	0.9980	0.6733	0.3995
5	6	0.9980	0.9977	0.4056
5	7	0.9969	0.9026	0.3436
5	8	0.9997	0.5536	0.3509
5	9	0.9997	0.9453	0.6116
5	10	0.7002	0.8454	0.9321
5	16	0.9990	0.9123	0.5304
5	17	0.9995	0.8265	0.3936
6	7	0.9990	0.9988	0.0122
6	8	0.9965	0.8008	0.0795
6	9	0.8996	0.7472	0.8551
6	16	0.9990	0.2854	0.8209
6	17	0.8187	0.8828	0.2689
7	8	0.9966	0.6554	0.3648
7	9	0.9991	0.1787	0.7967
7	10	0.8496	0.0052	0.9284
7	16	0.9990	0.0467	0.2631
7	17	0.9989	0.4151	0.6872
8	9	1.0000	0.6101	0.4383
8	10	0.9999	0.4952	0.8285
8	16	0.9998	0.5050	0.4938
8	17	1.0000	0.6355	0.4666
9	10	0.9986	0.5231	0.6673
9	11	0.9485	0.4289	0.7486
9	12	0.9980	0.6683	0.7553
9	13	0.8500	0.6466	0.6224
9	14	0.9997	0.5708	0.8305
9	15	0.9991	0.5108	0.6552
9	16	1.0000	0.4887	0.5849
9	17	0.9999	0.5181	0.4892
10	11	0.9990	0.5099	0.5704
10	12	0.9989	0.6018	0.5833
10	13	1.0000	0.7910	0.5556
10	14	1.0000	0.4844	0.6251
10	15	0.9999	0.5559	0.6617
10	16	1.0000	0.5697	0.5265
10	17	0.9996	0.5168	0.3172
11	12	0.9989	0.5088	0.4473
11	13	0.9996	0.4478	0.5579
11	14	0.9997	0.4447	0.6586
11	15	0.9993	0.4910	0.4274
11	16	0.9985	0.4112	0.2805
11	17	0.9495	0.5166	0.3598
12	13	0.9980	0.6503	0.6373
12	14	0.9994	0.3421	0.6938
12	15	0.9989	0.4440	0.4162
12	16	0.8500	0.5049	0.4044
12	17	0.6004	0.4677	0.3495
13	14	0.9986	0.9879	0.6387
13	15	0.9997	0.9008	0.1664
13	16	0.9996	0.5287	0.4073
14	15	0.9998	0.5921	0.3204
14	16	0.9973	0.5107	0.0608
15	16	0.9970	0.2984	0.0447
15	17	0.6503	0.3877	0.5345
16	17	0.9999	0.5018	0.4176
