0	1	0.8997	0.6133	0.2514
0	2	0.5004	0.4558	0.4197
1	2	0.9998	0.7535	0.4593
2	3	0.8502	0.8396	0.2756
3	4	0.5997	0.8313	0.4276
3	5	0.6003	0.5440	0.4111
3	10	0.5503	0.7175	0.7798
3	38	0.7993	0.4283	0.4715
4	5	0.8991	0.7700	0.0675
5	6	0.9988	0.9915	0.2971
5	8	0.9997	0.8251	0.5882
5	10	0.9997	0.7815	0.6117
5	11	0.9991	0.4934	0.4201
5	15	0.7010	0.4354	0.4689
5	20	0.9999	0.6660	0.4251
5	23	0.9985	0.5637	0.5689
5	34	0.9976	0.5548	0.7613
6	7	0.9495	0.7181	0.3348
6	9	0.7507	0.2474	0.8838
6	10	0.8500	0.2857	0.1293
6	11	0.5538	0.4340	0.9400
7	8	0.9985	0.9196	0.1576
7	9	0.9003	0.4524	0.7869
7	10	0.9483	0.8341	0.1515
8	9	0.9495	0.5547	0.3634
8	10	0.7499	0.3550	0.4468
8	38	0.5970	0.4735	0.3519
8	39	0.8510	0.6251	0.5277
9	10	0.9997	0.5097	0.4879
9	11	0.9990	0.5076	0.5293
9	20	0.8995	0.6436	0.5529
9	23	0.7496	0.4524	0.5191
9	34	0.7990	0.3982	0.7753
10	11	0.9997	0.6995	0.3162
10	15	0.6006	0.6032	0.4178
11	12	0.6003	0.9449	0.1087
11	15	0.9985	0.5344	0.5787
11	17	0.5002	0.8282	0.4711
11	19	0.9991	0.9471	0.7681
11	20	0.9999	0.7232	0.4663
11	23	0.9500	0.6109	0.5062
12	13	0.9994	0.7345	0.3453
12	14	0.8499	0.6661	0.6585
12	16	0.7503	0.4005	0.5387
12	17	0.9999	0.3578	0.7101
12	18	0.9497	0.3506	0.5938
12	19	0.8997	0.2617	0.2929
13	14	0.9996	0.7630	0.7424
13	16	0.7502	0.5071	0.7730
13	17	0.9996	0.5729	0.6265
13	18	0.5507	0.5643	0.5144
14	15	0.8499	0.8285	0.2502
14	16	0.6503	0.5950	0.7301
14	17	0.8998	0.5942	0.6382
15	17	0.5010	0.2412	0.6313
16	17	0.9497	0.6528	0.5305
16	18	0.8497	0.7737	0.4916
16	19	0.9978	0.6302	0.6000
17	18	0.9981	0.4990	0.6529
17	19	0.9993	0.8263	0.6027
18	19	0.9480	0.8584	0.3797
19	20	0.9994	0.8720	0.5746
19	21	0.8500	0.3688	0.7177
19	22	0.9012	0.4559	0.6997
19	23	0.9005	0.8699	0.2888
20	21	1.0000	0.9854	0.1651
20	22	0.9986	0.8746	0.6545
20	23	0.9997	0.5208	0.5630
20	34	0.7999	0.5997	0.4476
21	22	0.9992	0.7011	0.2334
21	23	0.9502	0.2092	0.9826
22	23	0.9994	0.8234	0.3946
22	24	0.7002	0.3330	0.2986
22	26	0.5018	0.4152	0.6622
23	34	0.9495	0.5472	0.4302
24	25	0.9993	0.5286	0.7248
24	26	0.9995	0.5249	0.4547
24	27	0.9992	0.5013	0.4427
24	28	0.9506	0.2932	0.9644
24	29	0.7503	0.4383	0.5159
24	30	0.6511	0.3726	0.6758
24	31	0.5532	0.4683	0.5985
24	32	0.6007	0.6414	0.5731
24	33	1.0000	0.5236	0.6484
25	26	0.9489	0.7153	0.4345
25	29	0.5505	0.2673	0.4768
25	33	0.9000	0.5469	0.4015
26	27	0.9497	0.7400	0.5694
26	28	0.9003	0.7743	0.5756
26	29	0.7498	0.4861	0.3848
26	30	0.6009	0.5383	0.3837
26	32	0.5512	0.4816	0.4534
26	33	0.9502	0.5948	0.6528
27	28	0.9496	0.7914	0.6875
27	29	0.6001	0.5234	0.4333
27	30	0.6002	0.2438	0.5681
27	33	0.8002	0.5707	0.7218
27	34	0.7490	0.7647	0.3487
28	29	0.9999	0.9250	0.3023
28	33	0.9997	0.8115	0.9304
28	34	0.8990	0.5447	0.4912
29	30	0.9995	0.6755	0.5607
29	31	0.5006	0.5839	0.5771
29	32	0.8002	0.5135	0.4883
29	33	1.0000	0.4327	0.6330
29	34	0.8502	0.2275	0.6341
29	39	0.9002	0.4721	0.5694
30	31	0.9999	0.7773	0.5815
30	32	0.9498	0.5063	0.5107
30	33	0.8997	0.7033	0.4250
31	32	0.9996	0.6284	0.4334
32	33	0.9997	0.7008	0.3137
32	39	0.7003	0.5831	0.5306
33	34	0.9987	0.9600	0.3850
33	35	0.7997	0.5735	0.5923
33	38	0.6003	0.2989	0.3243
33	39	1.0000	0.5725	0.6107
34	35	0.6003	0.8085	0.2299
34	39	0.8005	0.5723	0.9066
34	40	0.5493	0.5575	0.7253
35	36	0.6500	0.6378	0.3688
35	38	0.6535	0.7375	0.3963
35	39	0.9494	0.5771	0.3751
36	37	0.7008	0.7056	0.4490
37	39	0.6995	0.8785	0.5621
38	39	0.9992	0.7139	0.2476
39	40	0.9940	0.9866	0.5954
39	42	0.7503	0.7816	0.4190
39	43	0.9495	0.8539	0.4062
39	49	0.8502	0.6890	0.5391
40	42	0.9988	0.6308	0.7868
40	43	0.9492	0.6174	0.5622
40	49	0.9494	0.5201	0.8224
41	42	0.9500	0.6578	0.3326
41	43	0.8988	0.5884	0.6023
41	48	0.6510	0.5229	0.3469
41	49	0.7995	0.7240	0.5376
42	43	0.9997	0.5208	0.4163
42	44	0.9992	0.0671	0.7016
42	45	0.9513	0.1325	0.6585
42	47	0.6000	0.1784	0.8574
42	48	0.8981	0.4691	0.6003
42	49	0.9987	0.5028	0.5975
43	44	0.9491	0.8670	0.5923
43	45	0.9998	0.8809	0.5760
43	48	0.9993	0.7616	0.6401
43	49	0.9993	0.6006	0.6331
44	45	0.8999	0.8004	0.7058
44	46	0.5505	0.5176	0.5123
44	48	0.8983	0.6762	0.3712
44	49	0.9192	0.6242	0.5582
45	46	0.6011	0.6012	0.4116
45	47	0.6511	0.6385	0.4992
45	48	0.9994	0.5619	0.5023
45	49	0.9496	0.6279	0.4363
46	48	0.9491	0.5631	0.4052
46	49	0.7496	0.5820	0.3236
47	48	0.9995	0.7714	0.2919
47	49	0.8996	0.7968	0.3322
48	49	0.9993	0.5638	0.3923
