0	1	0.9974	0.9866	0.7167
0	2	0.9002	0.6496	0.4681
0	3	0.9987	0.7307	0.5792
0	4	0.8997	0.7704	0.6383
0	5	0.9993	0.5187	0.4456
0	6	0.6507	0.4750	0.5155
0	7	0.9998	0.6851	0.3118
0	8	0.9995	0.3746	0.7064
0	17	0.9492	0.3674	0.7568
0	18	0.9485	0.5445	0.6525
1	2	0.9984	0.6820	0.2650
1	3	0.8995	0.5343	0.9333
1	4	0.9977	0.6146	0.2108
1	5	0.9484	0.8850	0.3113
2	3	0.9990	0.4337	0.3842
2	4	0.5509	0.3545	0.4572
2	5	0.8996	0.5376	0.3911
3	4	0.9981	0.8880	0.3683
3	5	0.8994	0.7329	0.3385
4	5	0.9981	0.7070	0.0842
5	6	0.9989	0.5468	0.4123
5	7	0.8497	0.5303	0.4787
5	8	0.9983	0.5226	0.8371
5	9	0.5500	0.6161	0.4545
5	17	0.6992	0.4861	0.6927
5	18	0.6995	0.3756	0.7244
6	7	0.9994	0.7074	0.2332
6	9	0.7267	0.6533	0.2432
7	8	0.9998	0.7453	0.3838
7	9	0.9989	0.3522	0.3643
7	17	0.5542	0.4119	0.5380
8	9	0.9977	0.6628	0.0402
8	15	0.7497	0.5979	0.3230
8	17	0.8001	0.4991	0.6426
8	18	0.7587	0.4927	0.4842
9	10	0.9493	0.8837	0.3602
9	11	0.9496	0.8828	0.4321
9	12	0.9990	0.6942	0.5794
9	15	0.9992	0.5006	0.4084
10	11	0.9481	0.7497	0.3359
10	12	0.9489	0.3604	0.4266
10	13	0.5512	0.7306	0.3155
10	15	0.7904	0.4580	0.5109
11	12	0.9992	0.3537	0.5423
11	14	0.5506	0.5993	0.4804
11	15	0.7498	0.6203	0.4948
12	13	0.9491	0.8642	0.1769
12	14	0.6519	0.3501	0.4300
12	15	0.9995	0.6879	0.4255
13	14	0.9998	0.7140	0.3891
13	15	0.9998	0.4825	0.3727
13	16	0.9999	0.5330	0.8520
14	15	0.9985	0.6665	0.0776
14	16	0.9993	0.7089	0.7870
15	16	0.9987	0.6353	0.6131
15	17	0.9988	0.3838	0.5065
15	18	0.5509	0.5506	0.3310
16	17	0.9974	0.9019	0.5360
16	18	0.9998	0.7934	0.5347
17	18	0.9996	0.7545	0.3066
