0	1	0.9999	0.9765	0.3734
0	7	0.6006	0.5321	0.9013
0	8	0.9997	0.9266	0.8292
0	13	0.8998	0.7473	0.8566
0	14	0.8488	0.8778	0.4311
1	12	0.9999	0.6338	0.6356
1	13	0.6510	0.5124	0.2675
1	15	0.9998	0.7127	0.7188
2	3	0.9994	0.9438	0.2238
2	4	0.9983	0.7947	0.5537
2	5	0.9998	0.4864	0.3505
2	6	0.9971	0.6985	0.0287
2	7	0.6504	0.4987	0.5404
2	9	0.8992	0.3334	0.5944
2	10	0.8494	0.8695	0.2346
2	12	0.9973	0.5693	0.1010
3	4	0.9995	0.7847	0.3100
3	5	0.9994	0.4325	0.3191
3	6	0.9016	0.1913	0.1197
3	7	0.5501	0.6104	0.3296
3	9	0.9999	0.5083	0.9179
3	12	0.9995	0.6264	0.4269
4	5	0.9964	0.6189	0.0260
4	9	0.7003	0.4828	0.7434
4	12	0.7489	0.5814	0.1886
5	6	0.9996	0.8679	0.1146
5	7	0.9990	0.8534	0.4913
5	8	0.9980	0.9360	0.6764
5	9	0.9990	0.3437	0.6729
5	10	0.9998	0.9782	0.1884
5	11	0.9470	0.9547	0.3026
5	12	0.7997	0.4968	0.1486
6	7	0.9998	0.5534	0.4019
6	8	0.9988	0.6070	0.2042
6	9	0.7510	0.1134	0.8666
6	10	0.9999	0.0611	0.1808
6	11	0.9993	0.0780	0.4526
6	12	0.7506	0.1045	0.4690
7	8	0.9999	0.9183	0.3279
7	9	0.9996	0.8309	0.8292
7	11	0.9978	0.9440	0.8845
7	12	0.9000	0.7049	0.3653
8	9	0.9500	0.8672	0.3735
8	10	1.0000	0.8058	0.8759
8	11	0.9998	0.7847	0.9904
8	12	0.9984	0.8240	0.2049
9	10	0.9987	0.8952	0.6855
9	12	0.9985	0.6737	0.1291
10	11	0.9996	0.7663	0.7432
10	12	0.9982	0.4251	0.0263
11	12	0.7994	0.7752	0.0587
12	13	0.9995	0.8700	0.3291
12	15	0.9001	0.6794	0.5022
13	14	0.9943	0.9895	0.6453
13	15	0.9979	0.6475	0.0916
14	15	0.8005	0.5949	0.0534
