0	8	0.9993	0.0013	0.6363
1	2	0.9997	0.5107	0.3370
1	3	1.0000	0.4175	0.5373
1	4	1.0000	0.7099	0.9865
1	5	0.9984	0.5882	0.4862
1	6	0.9999	0.7122	0.2309
1	7	0.9990	0.6302	0.4251
1	8	0.9990	0.0435	0.6869
1	9	1.0000	0.1143	0.0090
1	12	0.9996	0.0019	0.0000
2	3	0.9979	0.8054	0.4824
2	4	0.9992	0.1933	0.9580
2	5	0.9990	0.6607	0.7114
2	6	0.8010	0.8435	0.1355
2	7	0.9981	0.7217	0.6091
2	8	0.9500	0.4038	0.8066
2	9	0.9974	0.3867	0.0300
2	12	0.9931	0.6608	0.0000
2	13	0.9997	0.5560	0.4386
3	4	0.9975	0.9747	0.6235
3	5	1.0000	0.4085	0.4982
3	6	0.9979	0.0200	0.7960
3	7	0.9982	0.3945	0.4471
3	9	0.6508	0.9453	0.0937
3	12	0.9507	0.8473	0.0034
3	13	0.9998	0.9653	0.4184
3	15	0.9995	0.0273	0.7857
4	5	0.9387	0.7144	0.0081
4	6	0.9992	0.1074	0.9774
4	7	0.9993	0.2612	0.1211
4	13	0.9968	0.5481	0.0904
5	6	0.9983	0.5235	0.2529
5	7	1.0000	0.4451	0.8256
6	7	0.9959	0.6823	0.5753
6	15	0.9982	0.9461	0.4887
7	13	0.9989	0.0799	0.7160
7	14	0.9501	0.1221	0.9171
7	15	0.9989	0.1850	0.4010
8	9	1.0000	0.6193	0.3602
8	11	0.9997	0.7257	0.9903
8	12	0.9995	0.5351	0.2090
8	13	1.0000	0.7281	0.5427
9	10	0.9499	0.9848	0.4149
9	11	0.9997	0.9206	0.6106
9	12	1.0000	0.7635	0.2920
9	13	0.9999	0.5723	0.4838
10	11	1.0000	0.4887	0.4941
10	13	0.8001	0.2985	0.5939
11	12	0.9986	0.5199	0.2562
11	13	1.0000	0.5401	0.5468
11	14	0.9997	0.5652	0.4249
12	13	0.9995	0.3140	0.5310
12	14	0.6494	0.3954	0.3510
13	14	0.9994	0.9191	0.4675
13	15	0.7492	0.7583	0.1077
14	15	0.8952	0.6124	0.2810
