0	2	0.9498	0.5799	0.4480
0	3	0.5649	0.6432	0.4411
0	5	0.7502	0.6256	0.5817
0	6	0.7002	0.5752	0.5102
0	18	0.6507	0.6474	0.4879
0	20	0.8495	0.4063	0.4356
0	21	0.6002	0.5051	0.3412
1	2	0.6011	0.6291	0.1486
1	5	0.5996	0.5662	0.2898
2	3	0.7995	0.5336	0.4012
2	6	0.6493	0.3589	0.3308
3	5	0.7001	0.3786	0.6243
3	6	0.7009	0.3907	0.5223
4	5	0.9477	0.6426	0.5629
5	6	0.9463	0.9427	0.3171
6	7	0.8499	0.6840	0.1893
6	9	0.6004	0.4471	0.5236
6	10	0.5007	0.4592	0.5913
6	19	0.6505	0.4462	0.6651
6	20	0.9495	0.4920	0.5537
6	21	0.8001	0.4865	0.5199
6	22	0.9001	0.7488	0.5314
7	8	0.7505	0.6121	0.6190
7	9	0.9499	0.5905	0.4110
7	10	0.7499	0.4991	0.4130
7	20	0.5504	0.4873	0.4377
8	9	0.9981	0.6547	0.2712
8	10	0.5503	0.5667	0.5499
9	10	0.8000	0.6338	0.5948
9	11	0.7505	0.5756	0.3711
9	12	0.7496	0.3405	0.4175
9	18	0.8497	0.6360	0.6007
9	20	0.7002	0.4497	0.4598
10	11	0.9992	0.7377	0.3625
10	12	0.5996	0.4460	0.4709
10	14	0.6505	0.4308	0.5427
10	18	0.8485	0.6708	0.4930
10	19	0.6507	0.7047	0.4498
10	20	0.9002	0.7414	0.5018
10	22	0.7503	0.6716	0.4459
11	12	0.9497	0.6547	0.3851
11	18	0.9991	0.5258	0.5110
11	19	0.9993	0.4466	0.7896
11	20	0.9997	0.4987	0.7709
11	21	0.9988	0.6423	0.6265
11	22	0.9990	0.6081	0.6193
12	13	0.8001	0.5343	0.5958
12	14	0.9497	0.6085	0.3354
12	18	0.9999	0.5787	0.5211
12	20	0.9990	0.4135	0.5275
13	14	0.9489	0.6176	0.4701
13	18	0.8993	0.5791	0.5839
13	20	0.5006	0.4099	0.3708
14	15	0.8001	0.7721	0.3608
14	17	0.7005	0.6188	0.2985
14	18	0.9982	0.5772	0.6712
14	19	0.5504	0.6619	0.4693
14	20	0.8499	0.6045	0.5408
14	21	0.5006	0.4728	0.4724
15	16	0.7502	0.9106	0.6241
15	17	0.5004	0.4023	0.2230
15	18	0.5998	0.2694	0.6320
15	19	0.5007	0.4446	0.6591
15	20	0.7005	0.4462	0.4925
17	18	0.8355	0.5261	0.4377
17	19	0.5007	0.4646	0.3838
17	20	0.7521	0.6282	0.4353
17	21	0.6003	0.5174	0.5236
18	19	0.8490	0.4375	0.6882
18	20	0.9993	0.5003	0.5413
18	21	0.7986	0.4164	0.4982
19	20	0.9980	0.9452	0.5371
19	21	0.7505	0.7090	0.6000
20	21	0.9999	0.6723	0.5246
20	22	0.7997	0.4865	0.4827
21	22	0.9996	0.5939	0.6571
