0	1	0.9984	0.7134	0.5258
0	2	0.9999	0.4975	0.4149
0	3	0.9996	0.8612	0.8099
0	4	0.9992	0.3576	0.4916
0	5	0.9997	0.8068	0.4515
0	8	0.9994	0.9670	0.8211
0	9	1.0000	0.7269	0.4809
0	10	1.0000	0.4213	0.6359
1	2	0.9997	0.7314	0.1649
1	4	1.0000	0.6001	0.5949
1	5	0.9978	0.7003	0.4966
1	9	0.9999	0.4645	0.8022
1	10	1.0000	0.7120	0.5039
1	16	0.9999	0.2008	0.9892
2	3	0.9996	0.6016	0.5491
2	4	0.9980	0.3247	0.4510
2	5	0.9492	0.4840	0.5321
2	9	0.9981	0.3567	0.5315
2	10	0.9988	0.1235	0.6590
3	4	0.9991	0.9154	0.1724
3	5	0.7997	0.8734	0.2585
3	8	1.0000	0.2089	0.9592
4	5	0.9997	0.7214	0.4025
4	8	0.8982	0.5934	0.7782
4	9	0.9992	0.6423	0.5391
4	10	1.0000	0.4114	0.5506
5	6	0.8494	0.9889	0.1015
5	7	0.8492	0.9168	0.8804
5	8	0.9989	0.8168	0.7635
5	9	0.9996	0.4709	0.4966
5	10	0.9997	0.4766	0.4213
6	7	1.0000	0.5394	0.3201
6	11	0.8505	0.0776	0.8939
6	12	0.9992	0.7860	0.8998
6	13	0.6692	0.4203	0.1674
6	14	0.9981	0.2798	0.4519
7	8	0.9964	0.5956	0.0819
8	9	0.9977	0.8344	0.1135
9	10	0.9986	0.6801	0.2463
10	11	0.9985	0.5536	0.2866
11	12	0.7817	0.7837	0.5532
11	14	1.0000	0.9867	0.9765
12	13	0.9987	0.2997	0.1450
13	14	0.9969	0.5399	0.1702
13	15	0.6501	0.3972	0.2413
14	15	0.9985	0.7686	0.3046
15	16	0.9992	0.8270	0.3719
