0	1	0.9995	0.8791	0.5613
0	2	0.9999	0.5525	0.5296
0	3	0.9991	0.6683	0.4877
0	4	0.7002	0.6938	0.3803
0	8	0.8998	0.6674	0.7366
1	2	1.0000	0.6801	0.4684
2	3	0.9997	0.7955	0.2666
2	8	0.5004	0.6009	0.4046
3	4	0.5004	0.4505	0.1729
3	5	0.8500	0.5416	0.4378
4	5	0.9997	0.7286	0.4522
4	7	0.7510	0.4822	0.4620
4	8	0.7306	0.5841	0.4340
5	6	0.8495	0.6290	0.6424
5	8	0.8994	0.6976	0.4144
5	9	0.8993	0.6384	0.2956
6	7	0.9981	0.8954	0.6348
6	8	0.8014	0.5818	0.3578
6	9	0.7499	0.6351	0.5711
7	8	0.9980	0.9229	0.1519
7	9	0.9987	0.9199	0.6838
8	9	0.9995	0.5215	0.6404
8	10	0.9997	0.5067	0.4095
8	11	0.5999	0.4973	0.3857
8	13	0.6011	0.4131	0.4864
8	16	0.6003	0.2947	0.4456
9	10	1.0000	0.6972	0.4802
9	11	0.9990	0.4302	0.6420
9	13	0.7001	0.4703	0.4946
9	14	0.5502	0.8597	0.6369
9	16	0.9994	0.7042	0.5969
10	11	0.9498	0.9100	0.4293
10	13	0.9500	0.8894	0.6142
10	14	0.7002	0.5782	0.6560
10	15	0.9993	0.4976	0.6336
10	16	0.9992	0.4531	0.5081
10	17	0.7501	0.8628	0.2198
10	19	0.9000	0.6535	0.8189
10	20	0.8994	0.6053	0.6478
10	21	0.8995	0.5648	0.4813
10	22	0.6998	0.6594	0.8775
11	12	0.8995	0.7606	0.7034
11	13	0.7999	0.5951	0.5427
11	16	0.7502	0.2505	0.2605
11	19	0.5305	0.4717	0.7452
12	13	0.9977	0.4166	0.4233
13	14	0.7001	0.7058	0.3425
13	15	0.8000	0.6383	0.3972
13	16	0.7003	0.4656	0.4000
13	19	0.6008	0.5986	0.4757
14	15	0.9482	0.6555	0.5705
14	16	0.6508	0.4887	0.4572
15	16	0.9980	0.6103	0.2404
15	19	0.5501	0.3527	0.8837
15	20	0.8486	0.3578	0.8073
15	21	0.9983	0.5430	0.3662
16	17	0.9993	0.9408	0.0890
16	19	0.8999	0.6912	0.6743
16	20	0.9995	0.1576	0.8097
16	21	0.9995	0.5665	0.4937
16	22	0.7994	0.5726	0.4465
17	18	0.9998	0.9338	0.2982
17	19	0.9498	0.5204	0.3680
17	21	0.9000	0.2496	0.9602
17	22	0.8497	0.5556	0.2765
18	19	0.9981	0.6628	0.1273
18	22	0.9985	0.7018	0.3544
19	20	0.6499	0.8717	0.4925
19	21	0.8500	0.7506	0.5825
19	22	0.7002	0.3836	0.6378
20	21	0.9982	0.7956	0.1490
21	22	0.9991	0.7822	0.5394
