0	2	0.9996	0.5729	0.6673
0	3	0.9974	0.1092	0.0202
0	4	1.0000	0.8812	0.2974
0	9	1.0000	0.8339	0.0893
0	11	0.9950	0.7330	0.5654
0	12	0.9997	0.2611	0.4620
0	13	0.9983	0.9940	0.0000
1	2	0.9969	0.3359	0.0086
1	13	1.0000	0.4533	0.6299
2	3	1.0000	0.9670	0.1620
2	4	0.9998	0.4624	0.3328
2	8	0.9969	0.1828	0.5641
2	9	1.0000	0.3198	0.4998
2	11	0.9988	0.4939	0.4749
2	12	0.8509	0.8653	0.8995
2	13	1.0000	0.1742	0.2206
3	4	0.9997	0.3813	0.0011
3	8	0.8019	0.0306	0.9495
3	9	0.9501	0.0230	0.0401
3	11	0.9973	0.3602	0.9836
4	5	0.9992	0.4430	0.4436
4	7	1.0000	0.8278	0.9861
4	8	0.9987	0.2971	0.3850
4	9	0.9993	0.3189	0.4496
4	10	1.0000	0.7575	0.8545
4	11	0.9997	0.5060	0.4454
4	12	1.0000	0.5043	1.0000
4	13	1.0000	0.4434	0.0050
5	6	0.9952	0.7072	0.5957
5	7	1.0000	0.2916	0.9271
5	8	0.9995	0.9037	0.3931
5	9	0.9976	0.7277	0.4975
5	10	0.9500	0.0703	0.7938
5	11	0.9995	0.4300	0.4733
5	12	0.9004	0.0438	0.9976
6	7	0.9994	1.0000	0.5793
6	8	1.0000	0.7252	0.2563
6	9	1.0000	1.0000	0.6923
7	8	1.0000	1.0000	0.0000
7	9	1.0000	1.0000	0.9809
7	10	0.9989	0.9934	0.9804
7	11	1.0000	0.9997	0.2976
8	9	0.9996	0.4649	0.4808
8	11	0.7029	0.0001	0.2824
9	10	1.0000	1.0000	1.0000
9	11	1.0000	0.6897	0.3529
9	13	0.9979	0.9993	0.5609
10	11	1.0000	0.9422	0.1704
10	13	1.0000	0.5660	0.8859
10	18	0.6016	0.0810	0.9249
11	12	0.9986	0.7975	0.6800
11	13	0.9992	0.1783	0.2686
13	18	0.9991	0.9057	0.7355
13	19	0.9967	0.7065	0.0081
14	15	0.9990	0.5720	0.5163
14	16	0.9998	0.9963	0.9789
14	19	0.9994	0.9935	0.6675
14	20	1.0000	0.4476	0.4795
14	21	0.9995	0.3843	0.6775
15	16	0.9989	0.4446	0.8787
15	18	0.9999	0.9954	0.3796
15	19	0.9990	0.5791	0.4710
15	20	0.9989	0.6595	0.6422
15	21	0.9981	0.4970	0.9149
16	17	0.9999	0.8077	0.4633
16	19	0.9974	0.8263	0.6648
16	20	1.0000	0.6148	0.4520
16	21	0.9999	0.8470	0.7077
17	19	0.9979	0.5388	0.6190
18	19	0.9982	0.6231	0.0822
19	20	1.0000	0.7605	0.2761
20	21	0.9998	0.4501	0.4936
