0	1	0.9493	0.9408	0.3038
0	2	1.0000	0.6336	0.4880
0	8	0.9973	0.5531	0.8056
0	9	0.9992	0.9676	0.4215
1	2	0.9478	0.6608	0.0162
1	8	0.6000	0.3515	0.7208
1	9	0.9980	0.4864	0.3246
2	3	1.0000	0.4894	0.3797
2	4	1.0000	0.0069	0.5701
2	8	0.9989	0.3989	0.7932
2	9	0.9997	0.0713	0.2306
3	4	0.9990	0.9078	0.8258
3	5	1.0000	0.5920	0.8377
3	6	0.9996	0.7192	0.5857
3	7	0.9988	0.6000	0.5938
3	8	0.9984	0.4904	0.7116
4	5	0.9969	0.7979	0.0120
5	6	0.6506	0.7760	0.5226
6	7	0.9999	0.5185	0.5251
6	8	0.9972	0.3696	0.5801
7	8	0.9973	0.5632	0.6304
8	9	0.9990	0.9991	0.0629
