0	2	0.9987	0.6056	0.8720
0	3	0.9999	0.0059	0.0046
0	6	0.9970	0.8381	0.0329
0	8	0.9973	0.0524	0.8116
0	9	0.9983	0.0322	0.6338
0	10	0.8999	0.9541	0.0000
1	2	0.9957	0.4896	0.0446
1	6	0.6997	0.9126	0.9884
1	8	0.9999	0.2088	0.0233
1	10	1.0000	0.4135	0.5366
2	3	1.0000	0.6059	0.2944
2	5	0.9986	0.4212	0.7316
2	6	0.9998	0.4136	0.4513
2	7	0.5017	0.0294	0.9967
2	8	0.9985	0.5763	0.4938
2	9	1.0000	0.8963	0.9999
2	10	0.9998	0.3291	0.1963
3	4	0.9997	0.5611	0.4465
3	5	1.0000	0.4702	0.3789
3	6	0.9998	0.3283	0.4057
3	7	1.0000	0.8589	0.9313
3	8	0.9999	0.5067	0.4693
3	9	1.0000	0.5619	0.9991
3	10	1.0000	0.4700	0.0145
4	5	0.9982	0.7316	0.0603
4	6	0.9960	0.6778	0.6736
4	8	0.9998	0.5381	0.3355
5	6	0.9994	0.4721	0.5247
5	7	0.9996	0.0000	1.0000
5	8	1.0000	0.0011	0.3436
5	10	0.9003	0.0017	0.5135
6	7	0.9999	1.0000	1.0000
6	8	1.0000	0.7090	0.3313
6	10	0.9997	0.9947	0.5646
7	8	0.9999	0.9165	0.1930
7	10	1.0000	0.6286	0.8259
7	17	0.7021	0.0385	0.9546
8	9	0.9977	0.8140	0.6372
8	10	0.9977	0.1749	0.2722
10	13	0.5493	0.8762	0.9545
10	17	0.8504	0.7992	0.9994
10	18	0.9507	0.6370	0.0000
11	13	0.9998	0.5388	0.4687
11	14	0.9981	0.8126	0.6429
11	18	1.0000	0.5639	0.4783
11	19	0.9999	1.0000	0.7718
11	20	0.9998	0.4517	0.3956
11	21	0.9993	0.5139	0.5664
12	13	0.9998	0.5345	0.0471
12	18	0.9992	0.4528	0.9752
12	19	0.9990	0.7687	0.3831
13	14	0.9979	0.3621	0.5246
13	16	0.9999	0.5528	0.9579
13	17	0.9995	0.9943	0.3485
13	18	0.9997	0.4977	0.4579
13	19	0.9962	0.0610	0.5257
13	20	0.9995	0.5509	0.4798
13	21	0.9969	0.2879	0.8776
14	15	0.9982	0.7477	0.6547
14	16	0.9992	0.4787	0.3732
14	18	0.9993	0.5174	0.5945
14	19	0.9983	1.0000	0.5866
14	20	0.9986	0.4994	0.4058
14	21	0.9979	0.6352	0.5164
15	16	0.9996	0.9996	0.0049
15	18	1.0000	1.0000	0.8383
15	19	0.8500	0.9928	0.3878
15	20	0.9985	0.9085	0.0562
16	18	0.9986	0.5175	0.6132
17	18	0.9965	0.5382	0.0018
18	19	0.9997	0.9966	0.5055
18	20	0.9996	0.8080	0.0826
19	20	0.9996	0.7408	0.0369
19	21	1.0000	0.7751	0.9685
20	21	0.9984	0.3840	0.4651
