0	1	0.9994	0.8735	0.0826
0	2	0.7504	0.4250	0.7399
0	3	0.8194	0.5951	0.4889
0	4	0.7006	0.4352	0.3340
0	16	0.5005	0.8793	0.2050
0	18	0.6508	0.6622	0.2978
0	26	0.6520	0.5999	0.5179
0	27	0.5009	0.6466	0.3960
1	2	0.5500	0.6099	0.3802
1	16	0.9495	0.4716	0.4969
1	17	0.5007	0.4330	0.2791
1	18	0.9995	0.4844	0.4547
1	25	0.5510	0.3296	0.6991
1	26	0.9990	0.4410	0.5972
1	27	0.7003	0.6524	0.2598
2	3	0.9996	0.6841	0.2853
2	4	0.7178	0.5024	0.4371
3	4	0.9497	0.7603	0.2549
4	5	0.9003	0.6780	0.5638
5	6	1.0000	0.8111	0.4811
5	7	0.6506	0.6353	0.5419
5	8	0.7502	0.6046	0.4764
6	7	0.9992	0.6471	0.3248
6	8	0.8501	0.7367	0.7467
6	9	0.8511	0.7391	0.5269
6	11	0.5002	0.5888	0.1848
7	8	0.9994	0.6525	0.4488
7	9	0.7991	0.4384	0.4226
7	10	0.9988	0.6894	0.4920
7	11	0.7997	0.5829	0.4711
8	9	0.9993	0.6223	0.6270
8	10	0.8500	0.5948	0.6839
8	11	0.9986	0.4520	0.3476
9	10	0.9984	0.7573	0.6770
9	11	0.9990	0.5537	0.4269
9	15	0.5009	0.7297	0.3769
10	11	0.9991	0.5691	0.4650
10	12	0.8500	0.4829	0.8654
10	15	0.6014	0.7389	0.7105
11	12	0.9981	0.6804	0.6129
11	13	0.7502	0.3443	0.3934
11	14	0.8012	0.2811	0.3382
11	15	0.5014	0.6494	0.6607
11	17	0.5996	0.3310	0.3706
13	14	0.6007	0.5201	0.5640
13	15	0.5509	0.7963	0.5780
14	15	0.9497	0.7557	0.3056
15	16	0.9497	0.9237	0.1596
15	17	1.0000	0.6394	0.7048
16	17	0.9991	0.4987	0.5034
16	18	0.9998	0.5792	0.4979
16	19	0.9995	0.8687	0.2588
16	20	0.5213	0.2401	0.4310
16	26	0.6000	0.6435	0.4448
17	18	0.9987	0.3958	0.4570
17	19	0.6506	0.3633	0.4939
18	19	0.9992	0.8812	0.2229
18	25	0.6997	0.5276	0.4621
18	26	0.9997	0.5924	0.4468
19	20	0.9995	0.7644	0.6034
19	22	0.8999	0.7304	0.2956
19	23	0.5023	0.6573	0.6966
20	21	0.8989	0.6681	0.6270
20	22	0.8004	0.5996	0.4597
20	23	0.9998	0.4585	0.7742
21	22	0.8998	0.7107	0.3363
21	23	0.9494	0.7388	0.5315
22	23	0.9999	0.6595	0.3898
22	24	0.9499	0.7559	0.3921
22	29	0.8493	0.2752	0.6444
23	24	0.9984	0.8314	0.5036
24	28	0.5500	0.5333	0.7414
24	30	0.7980	0.6034	0.4942
25	26	0.9999	0.6839	0.3959
25	28	0.5496	0.2954	0.4686
26	27	0.8003	0.7780	0.3795
27	28	0.9997	0.5891	0.7189
27	30	0.7003	0.7815	0.1953
28	29	0.9553	0.8516	0.4194
28	30	0.9996	0.7333	0.5364
28	31	0.9997	0.7838	0.5144
28	32	0.8003	0.6051	0.5411
28	33	0.5510	0.6420	0.4292
28	34	0.5008	0.9345	0.4360
29	30	0.9998	0.8837	0.2375
29	31	0.9000	0.6580	0.4065
30	31	0.9500	0.7218	0.5733
30	32	0.8502	0.6481	0.5323
30	33	0.5009	0.6891	0.3633
31	32	0.9001	0.6617	0.5687
31	33	0.9997	0.6187	0.4345
31	34	0.6004	0.5296	0.6702
31	35	0.6503	0.3549	0.3602
31	36	0.6001	0.5457	0.4810
31	37	0.5513	0.7008	0.6067
32	33	0.8998	0.7227	0.2579
32	34	0.9499	0.5151	0.8403
32	35	0.8502	0.5708	0.4634
32	36	0.9998	0.8039	0.4236
32	37	0.5003	0.4761	0.5816
32	38	0.5016	0.5751	0.4403
33	34	0.9997	0.8045	0.5528
33	35	0.9491	0.4287	0.5542
33	36	0.9995	0.4338	0.5612
33	37	0.9996	0.6295	0.6161
33	38	0.6976	0.6187	0.5351
34	35	0.9496	0.9549	0.4161
34	36	0.9999	0.7148	0.4960
34	37	1.0000	0.6944	0.7719
34	38	0.9003	0.5271	0.6684
35	36	0.9990	0.7557	0.1574
35	37	1.0000	0.3949	0.8077
35	38	0.7004	0.6077	0.5204
36	37	1.0000	0.6435	0.6028
36	38	0.9999	0.5961	0.3964
36	39	0.5009	0.2969	0.6648
36	40	0.5007	0.3428	0.7112
37	38	1.0000	0.7521	0.5175
37	40	0.7502	0.8112	0.5805
38	39	0.9997	0.8216	0.4765
38	40	0.9995	0.8170	0.5171
38	41	0.9000	0.5864	0.5856
39	40	1.0000	0.8356	0.3275
39	41	0.8495	0.8441	0.4027
40	41	0.9995	0.8295	0.2789
40	42	0.8001	0.6073	0.6028
41	42	0.9998	0.6493	0.4578
41	43	0.9996	0.5962	0.4867
41	44	0.6000	0.5651	0.4743
42	43	0.9999	0.6910	0.6455
42	44	0.9499	0.6864	0.4674
42	45	0.6004	0.6240	0.5423
43	44	0.9500	0.7570	0.5205
43	45	0.9500	0.5724	0.6539
44	45	0.9999	0.7187	0.6303
44	47	0.6994	0.4981	0.4550
45	46	0.9991	0.9017	0.6678
45	47	0.9999	0.7430	0.5766
45	48	0.7504	0.6860	0.5153
45	49	0.8318	0.7134	0.4952
45	50	0.7001	0.5984	0.6542
46	47	0.9500	0.7494	0.4748
46	48	0.7503	0.5984	0.4783
47	48	0.9996	0.6474	0.5231
47	49	0.9499	0.4908	0.5558
47	50	0.8497	0.5158	0.6262
48	49	0.9997	0.6792	0.5767
48	50	0.9994	0.6539	0.6306
48	51	0.9997	0.6435	0.5291
49	50	0.9501	0.7363	0.3656
49	51	0.9999	0.6328	0.5601
49	52	0.7005	0.5789	0.5494
50	51	0.9999	0.7554	0.4878
50	52	0.9997	0.7341	0.5873
51	52	0.9999	0.6472	0.5138
51	53	0.8499	0.7249	0.5019
51	54	0.6003	0.6192	0.5079
52	53	1.0000	0.7879	0.5604
52	54	0.8000	0.7607	0.5515
52	55	0.5506	0.7171	0.4770
53	54	0.8991	0.8217	0.4983
53	57	0.5005	0.5559	0.2695
54	55	0.7998	0.5228	0.6377
54	56	0.5507	0.5485	0.6578
55	56	0.6001	0.5486	0.5157
55	57	0.7002	0.6159	0.3193
55	58	0.7502	0.6240	0.5058
56	57	0.8999	0.7165	0.2123
56	58	0.9003	0.6564	0.4995
57	58	1.0000	0.6706	0.3903
58	59	0.9998	0.7756	0.4296
