0	1	0.9997	0.6560	0.5431
0	2	0.9997	0.6776	0.6177
0	3	0.9499	0.7205	0.5682
0	4	0.8998	0.7080	0.5668
0	8	0.8498	0.4745	0.4433
0	9	0.7495	0.4855	0.6298
1	2	0.8499	0.5596	0.5737
1	3	0.9490	0.4320	0.4740
1	4	0.9987	0.5057	0.5709
1	8	0.6022	0.3795	0.5023
1	9	0.8495	0.4032	0.6565
2	3	0.9998	0.6457	0.4275
2	4	0.8500	0.6780	0.5871
2	8	0.7003	0.5383	0.4642
2	9	0.5505	0.4170	0.4628
3	4	0.9989	0.6465	0.5242
3	5	0.8500	0.5103	0.6018
3	6	0.6502	0.5251	0.3640
3	8	0.7499	0.4882	0.6376
3	9	0.8502	0.5535	0.4956
4	5	0.6503	0.6551	0.5796
4	6	0.5001	0.4802	0.4064
4	8	0.7005	0.6857	0.7263
4	9	0.9496	0.4745	0.5732
5	6	0.8503	0.7333	0.4752
6	9	0.8499	0.7606	0.8506
7	8	0.8500	0.4255	0.4245
7	9	0.6496	0.5074	0.8298
8	9	0.9999	0.6230	0.6810
8	10	0.6511	0.4265	0.4354
8	12	0.9991	0.6431	0.4635
8	13	0.8495	0.4784	0.3813
8	14	0.6954	0.4430	0.5087
8	15	0.8488	0.5248	0.5939
8	16	0.7002	0.4993	0.6449
8	18	0.5999	0.4999	0.5624
9	10	0.9483	0.9459	0.3552
9	11	0.8003	0.8845	0.5923
9	12	0.9492	0.4024	0.3435
9	13	0.7000	0.6675	0.4242
10	11	0.5509	0.6382	0.4094
10	12	0.5016	0.5229	0.5992
10	13	0.6504	0.5131	0.3971
10	14	0.5989	0.5179	0.2985
11	12	0.9496	0.5972	0.3675
11	13	0.8012	0.4230	0.5810
11	14	0.5508	0.5367	0.4518
12	13	0.9993	0.7269	0.4767
12	14	0.9997	0.6655	0.4648
12	15	0.7999	0.5795	0.6476
12	16	0.8498	0.5173	0.5921
12	18	0.7008	0.5945	0.6018
13	14	0.9985	0.6621	0.6692
13	15	0.9988	0.6921	0.6005
13	16	0.9480	0.6293	0.7414
13	18	0.9978	0.6362	0.7604
13	19	0.7004	0.5524	0.4318
14	15	0.5996	0.6302	0.6000
14	16	0.9494	0.5360	0.5576
14	18	0.8982	0.5836	0.6644
14	19	0.6001	0.4845	0.3943
15	16	0.9980	0.5090	0.6235
15	18	0.9982	0.5751	0.6135
15	19	0.8992	0.4779	0.4587
16	17	0.5578	0.4589	0.3879
16	18	0.9991	0.5747	0.5444
16	19	0.9491	0.5555	0.5215
17	18	0.9494	0.2820	0.4778
17	19	0.9996	0.5108	0.7010
18	19	0.9992	0.5634	0.5330
20	21	0.5506	0.6193	0.4560
20	31	0.6500	0.6120	0.5419
21	22	0.8997	0.5362	0.4610
21	23	0.6999	0.4585	0.3785
21	31	0.5506	0.5278	0.5207
22	23	0.5484	0.4256	0.4405
22	24	0.6010	0.5248	0.3546
22	25	0.5503	0.4899	0.3849
22	26	0.7003	0.5092	0.4396
22	31	0.9494	0.5103	0.4450
23	24	0.9496	0.5551	0.5060
23	26	0.9001	0.5890	0.4398
23	31	0.6821	0.4918	0.4862
24	25	0.9502	0.6534	0.6037
24	26	0.9999	0.5921	0.4901
24	27	0.6001	0.5339	0.4087
24	31	0.6998	0.5712	0.5093
25	26	1.0000	0.6230	0.5023
25	27	0.9001	0.5023	0.5155
25	28	0.9000	0.5926	0.5724
25	31	0.6505	0.5914	0.5068
26	28	0.9001	0.5497	0.5677
26	29	0.7005	0.4908	0.4194
26	31	0.9988	0.5265	0.4591
27	28	0.9997	0.5636	0.5650
27	29	0.9999	0.5026	0.5104
27	31	0.9505	0.5505	0.4753
27	32	0.5003	0.4577	0.5012
28	29	0.9999	0.5157	0.5388
28	30	0.7507	0.4149	0.4469
28	31	0.9999	0.5958	0.5244
28	32	0.8495	0.5870	0.6104
29	30	0.9000	0.6425	0.4198
29	31	1.0000	0.5551	0.4523
29	32	0.9495	0.7082	0.6088
30	31	0.9998	0.5574	0.5249
31	32	0.8998	0.7728	0.5730
