0	1	1.0000	0.8074	0.3426
0	2	0.9996	0.5477	0.4308
0	3	0.9502	0.9043	0.4500
0	4	0.9999	0.6641	0.3946
0	5	0.9989	0.8070	0.7007
0	6	0.9999	0.5975	0.5256
0	7	0.8000	0.9793	0.4356
0	8	0.9485	0.8624	0.5797
0	9	0.9985	0.5507	0.5585
0	12	0.9993	0.2277	0.6741
1	2	0.9996	0.5993	0.2207
1	3	1.0000	0.5969	0.6066
1	4	0.5993	0.7147	0.0197
1	6	0.9994	0.5891	0.7339
1	9	1.0000	0.1691	0.9180
1	10	0.5029	0.0228	0.4828
1	11	1.0000	0.1484	0.9850
1	12	0.9488	0.4583	0.1961
2	3	0.9998	0.6485	0.4430
2	4	0.9994	0.5569	0.4915
2	5	0.9481	0.5851	0.7561
2	6	0.5509	0.2554	0.3206
2	8	0.8977	0.8415	0.5197
2	12	0.7511	0.0356	0.5832
3	4	0.9988	0.5731	0.2448
4	5	0.9997	0.6772	0.5917
5	6	0.9999	0.7733	0.3654
5	8	1.0000	0.3448	0.8489
6	7	0.8498	0.9058	0.4747
6	8	0.9983	0.7542	0.7793
6	9	0.9998	0.5809	0.4165
6	10	0.9995	0.9974	0.5633
6	11	0.8498	0.5510	0.4120
6	12	0.9998	0.4988	0.8394
7	8	0.9992	0.8191	0.2960
7	10	0.9980	0.3304	0.3054
8	9	0.9995	0.9140	0.2463
8	10	0.9999	0.3793	0.7110
8	11	0.9987	0.9451	0.0376
9	10	0.9992	0.6999	0.6042
9	11	0.9994	0.4676	0.5061
9	12	0.9999	0.4253	0.6846
9	13	0.6514	0.7528	0.1566
10	11	1.0000	0.7092	0.4550
10	13	0.9958	0.7535	0.0168
11	12	0.9992	0.7842	0.6688
11	13	0.9999	0.8831	0.2138
12	13	1.0000	0.5632	0.4959
