0	1	0.6499	0.4231	0.2669
1	3	0.6009	0.6828	0.5227
1	6	0.7007	0.5954	0.5170
1	19	0.5008	0.5453	0.8451
1	20	0.8495	0.6278	0.5356
2	3	0.6001	0.5932	0.3446
2	4	0.7495	0.6044	0.6973
2	19	0.5490	0.5016	0.1874
3	4	0.8493	0.5570	0.4117
3	6	0.5000	0.7161	0.5308
4	6	0.9492	0.8686	0.4582
5	6	0.9470	0.6723	0.2890
5	9	0.7017	0.5099	0.5631
6	7	0.9967	0.9297	0.5354
6	8	0.6002	0.6019	0.3355
6	9	0.6507	0.7327	0.2521
6	14	0.6007	0.7520	0.7236
6	15	0.7496	0.3592	0.6487
6	18	0.7501	0.5712	0.6399
6	20	0.9996	0.6036	0.7754
6	21	0.7001	0.6933	0.5110
7	8	0.5505	0.4714	0.4360
8	9	0.8996	0.5023	0.4400
8	11	0.6005	0.4979	0.4496
8	14	0.5500	0.6019	0.4238
8	18	0.7003	0.6044	0.5404
8	20	0.5001	0.8021	0.5035
9	11	0.6495	0.6073	0.5065
9	12	0.9486	0.5872	0.6156
9	18	0.6510	0.4637	0.6827
9	20	0.7984	0.4707	0.4637
10	11	0.9986	0.6729	0.4017
10	12	0.9499	0.5363	0.6388
10	13	0.9498	0.5390	0.5645
10	14	0.9490	0.5589	0.6803
10	17	0.6536	0.3230	0.2848
10	18	0.9496	0.4735	0.7413
10	19	0.5505	0.3180	0.6605
10	20	0.5003	0.5820	0.5171
11	12	0.9993	0.5679	0.5249
11	13	0.8002	0.3238	0.7227
11	14	0.7990	0.5055	0.5588
11	17	0.7504	0.4478	0.3281
11	18	0.9499	0.4941	0.4711
11	20	0.8992	0.6461	0.4811
12	13	0.9487	0.7358	0.5098
12	14	0.9991	0.7358	0.4752
12	17	0.7496	0.2552	0.5206
12	18	0.9992	0.5316	0.5466
12	20	0.6005	0.4570	0.3541
13	14	0.9991	0.4947	0.6480
13	17	0.7003	0.4777	0.4502
13	18	0.7004	0.5209	0.5239
13	19	0.6004	0.5660	0.4489
14	15	0.8985	0.9081	0.3467
14	16	0.5501	0.8165	0.4808
14	17	0.8502	0.6896	0.4872
14	18	0.7996	0.4297	0.5346
14	19	0.5997	0.3423	0.3216
14	20	0.8727	0.5027	0.4684
15	16	0.9497	0.8715	0.4982
15	17	0.7997	0.4565	0.3480
15	18	0.6997	0.3449	0.5071
15	19	0.6506	0.2808	0.4185
15	20	0.6499	0.5241	0.5001
15	21	0.5495	0.6383	0.6149
16	17	0.6997	0.4887	0.0910
16	20	0.7992	0.4842	0.5397
16	21	0.5005	0.6777	0.3365
17	18	0.8504	0.6298	0.5662
17	19	0.5505	0.2989	0.2229
17	20	0.8496	0.6156	0.3894
17	21	0.7500	0.1935	0.4096
18	19	0.8991	0.6423	0.6753
18	20	0.9995	0.5683	0.5569
18	21	0.5504	0.4205	0.3902
18	22	0.8497	0.6383	0.5846
19	20	0.9970	0.8630	0.3878
20	21	0.9491	0.4889	0.5811
20	22	0.6689	0.5528	0.4468
21	22	0.9495	0.5189	0.4255
