0	1	0.9999	0.7239	0.5841
0	2	0.6502	0.3861	0.5958
0	3	0.9499	0.3498	0.5952
0	4	0.6004	0.4153	0.4778
0	5	0.9496	0.3294	0.4279
0	6	0.8505	0.5428	0.5931
0	25	0.6013	0.5007	0.6040
0	26	0.5016	0.7100	0.4812
0	29	0.6497	0.2614	0.8029
0	30	0.6508	0.4406	0.3041
1	2	0.9985	0.9562	0.5494
1	3	0.7265	0.7195	0.4925
1	4	0.8999	0.9227	0.4833
1	5	0.8003	0.7685	0.4545
1	6	1.0000	0.5509	0.8644
1	25	0.5018	0.4429	0.4876
2	3	0.9981	0.7580	0.1099
2	5	0.5505	0.7744	0.0424
2	6	0.5505	0.5116	0.5212
3	4	0.9980	0.9233	0.5161
3	5	0.9498	0.8550	0.5039
3	6	0.9998	0.8101	0.4822
4	5	0.9489	0.8519	0.3869
4	6	0.9993	0.5791	0.2826
5	6	0.9997	0.6712	0.2167
5	30	0.7179	0.5363	0.3693
6	7	0.8029	0.9419	0.4320
6	25	0.8025	0.5904	0.4788
6	26	0.6015	0.6737	0.4536
6	27	0.8001	0.6509	0.5429
6	28	0.6306	0.6727	0.5091
6	29	0.7505	0.6779	0.8576
6	30	0.9494	0.5905	0.3307
7	8	0.8503	0.8703	0.4205
8	9	0.5999	0.5392	0.3996
9	10	0.9985	0.5866	0.2403
9	21	0.5503	0.4085	0.6850
9	22	0.5963	0.5252	0.3550
10	11	0.8499	0.9111	0.2907
10	12	0.7502	0.5033	0.4973
10	13	0.6992	0.3169	0.4681
10	14	0.7988	0.6019	0.4410
10	15	0.7496	0.4912	0.5186
10	16	0.6998	0.3375	0.3549
10	17	0.6497	0.3858	0.4958
10	18	0.5506	0.3729	0.4373
10	19	0.7002	0.7630	0.2966
10	21	0.7503	0.5295	0.6498
10	22	0.6712	0.3382	0.4745
11	12	0.9993	0.7794	0.2862
11	14	0.6505	0.4175	0.6787
11	21	0.5508	0.3745	0.4753
12	13	0.9979	0.7072	0.2670
12	14	0.9000	0.5500	0.7183
12	15	0.9500	0.4239	0.6978
12	16	0.5011	0.6144	0.2848
13	14	0.9994	0.7874	0.5644
13	15	0.9495	0.4477	0.5809
14	15	0.9997	0.7404	0.4529
14	16	0.9995	0.5373	0.4461
15	16	0.9500	0.8005	0.3082
16	17	0.9994	0.5521	0.5361
16	18	0.8994	0.6033	0.3907
17	18	0.9995	0.6523	0.4240
17	19	0.9989	0.7206	0.3680
17	21	0.5506	0.5581	0.7194
17	22	0.7992	0.4269	0.3613
18	19	0.9984	0.7461	0.2893
18	21	0.8212	0.4835	0.7335
18	22	0.9970	0.3695	0.5825
19	20	0.9490	0.7924	0.5672
19	21	0.9999	0.4892	0.6112
19	22	0.7001	0.3287	0.2693
20	21	0.8997	0.8195	0.4324
21	22	0.8496	0.7848	0.1934
22	23	0.9979	0.4374	0.5450
22	24	0.5007	0.3304	0.1817
23	24	0.8005	0.7872	0.1578
24	25	0.8501	0.7967	0.3564
25	26	0.8499	0.7006	0.4398
25	27	0.9002	0.5732	0.5344
25	28	0.6502	0.7452	0.6203
25	29	0.9995	0.5062	0.7264
25	30	0.9005	0.5915	0.4509
26	27	0.9999	0.7301	0.8091
26	28	0.6511	0.7759	0.6320
26	29	0.5011	0.6416	0.5163
26	30	0.9998	0.6129	0.5253
27	28	0.9993	0.7916	0.6577
27	29	0.9499	0.6237	0.4747
27	30	0.9500	0.5711	0.5532
27	35	0.6007	0.3001	0.6994
28	29	0.8502	0.6678	0.4509
28	30	1.0000	0.6251	0.9165
28	31	0.7003	0.4431	0.5899
28	33	0.5507	0.6318	0.5229
28	35	0.7005	0.5039	0.4064
29	30	0.9989	0.7101	0.3655
29	33	0.7000	0.3891	0.2985
29	35	0.5505	0.2660	0.5176
30	31	0.7999	0.8266	0.5262
30	34	0.8998	0.8536	0.5942
30	35	0.9999	0.7774	0.7603
30	36	0.6995	0.7179	0.7115
31	35	0.9501	0.7053	0.6139
32	33	0.9987	0.5423	0.5299
32	37	0.5010	0.2911	0.5022
32	38	0.5006	0.4324	0.4442
33	34	0.8497	0.7430	0.2347
33	35	0.9997	0.5869	0.3845
33	38	0.5001	0.6228	0.4322
34	35	0.8007	0.6603	0.3188
35	36	0.8991	0.7661	0.6182
35	37	1.0000	0.5909	0.6166
35	38	0.8000	0.4757	0.3994
35	40	0.6905	0.5631	0.4197
36	37	0.8496	0.5655	0.3985
37	38	0.7502	0.7296	0.3657
37	40	0.7504	0.7909	0.4435
38	39	0.9991	0.9274	0.2674
38	40	0.9999	0.6207	0.5669
38	41	0.7501	0.5334	0.4813
39	40	0.9993	0.6656	0.2091
40	41	1.0000	0.6738	0.4545
40	42	0.9996	0.6610	0.6939
41	42	0.9989	0.6407	0.5811
41	43	0.8996	0.6644	0.5909
41	44	0.9497	0.6708	0.6333
41	46	0.8498	0.5363	0.5514
41	47	0.9990	0.5262	0.5241
41	48	0.7995	0.5255	0.5337
42	43	0.9489	0.8589	0.7730
42	44	0.9995	0.7600	0.5144
42	45	0.5009	0.7606	0.5138
42	46	0.9994	0.7733	0.5912
42	47	0.9983	0.4882	0.7544
43	44	0.9502	0.7249	0.3957
43	45	0.5001	0.5077	0.5357
43	46	0.5504	0.5249	0.3916
43	47	0.7497	0.5765	0.6849
43	48	0.6004	0.4670	0.4686
44	45	0.9501	0.8803	0.7850
44	46	1.0000	0.6903	0.5184
44	47	1.0000	0.6605	0.3899
44	48	0.7503	0.5388	0.6386
45	46	0.9987	0.7802	0.3656
46	47	0.9991	0.7788	0.2039
46	48	0.5510	0.5289	0.4709
47	48	0.9997	0.7600	0.4166
