0	1	0.9998	0.9990	0.1609
0	2	0.9990	0.6777	0.5970
0	3	0.9990	0.3968	0.3759
0	4	0.5494	0.6355	0.5868
0	10	0.9994	0.8957	0.6972
0	11	0.9999	0.5342	0.4438
0	14	0.6503	0.4454	0.4838
1	2	0.9961	0.5801	0.0003
1	3	0.9996	0.1218	0.8806
1	9	0.5514	0.1525	0.9289
1	11	0.9964	0.5506	0.0575
2	3	1.0000	0.8273	0.1308
2	5	0.9477	0.9057	0.2541
2	10	0.9990	0.3849	0.7379
2	11	0.9998	0.7547	0.2836
2	13	0.8504	0.5840	0.6696
2	14	0.9490	0.7192	0.6192
3	4	0.9988	0.8690	0.4937
3	5	0.9992	0.5426	0.5140
3	9	0.7511	0.8503	0.6845
3	10	0.8478	0.5233	0.2943
3	11	1.0000	0.3628	0.6582
3	12	0.5494	0.6378	0.6485
3	13	0.8999	0.2087	0.5560
3	14	0.9498	0.1670	0.5370
4	5	0.9991	0.6155	0.4078
4	7	0.6006	0.4353	0.5674
4	8	0.8000	0.3275	0.1208
4	9	0.8497	0.4524	0.6781
5	6	0.6503	0.6780	0.1127
5	7	0.9991	0.6807	0.4783
5	8	0.9496	0.3781	0.2185
5	9	0.9996	0.8612	0.6002
5	11	0.9994	0.6612	0.6510
6	7	0.9980	0.3584	0.3526
6	8	0.7502	0.4305	0.2665
6	9	0.9971	0.3678	0.5960
6	11	0.9995	0.3578	0.5209
7	8	0.9484	0.4480	0.1544
7	9	0.9993	0.6697	0.5359
7	11	0.9984	0.8495	0.5844
8	9	0.9991	0.5102	0.5245
8	11	0.9992	0.3811	0.5710
9	10	0.9492	0.8136	0.5328
9	11	1.0000	0.7042	0.5246
10	11	0.9967	0.8145	0.1044
11	12	0.9961	0.9376	0.6532
11	13	0.9504	0.6020	0.6052
11	14	0.8017	0.4986	0.5760
13	14	0.7503	0.7591	0.6150
