0	1	0.9998	0.8624	0.1316
0	2	0.9998	0.5826	0.5131
0	4	0.9995	0.2185	0.8322
0	5	0.9997	0.4457	0.5329
0	6	1.0000	0.5639	0.4166
0	7	0.8502	0.0747	0.7393
0	8	0.9998	0.5651	0.3984
0	9	0.9986	0.9216	0.8127
0	10	0.9995	0.5602	0.4226
0	11	0.9999	0.4814	0.8347
1	2	0.9999	0.4855	0.2512
1	5	1.0000	0.3659	0.6089
1	6	0.9999	0.0274	0.3017
1	8	1.0000	0.2266	0.8339
1	9	0.6056	0.0006	0.5831
1	10	1.0000	0.2039	0.9225
1	11	0.9997	0.5610	0.2512
2	3	0.9982	0.9959	0.0405
2	4	0.9972	0.6609	0.8104
2	5	0.9994	0.4885	0.5302
2	6	0.9493	0.9255	0.1688
2	8	0.5998	0.1744	0.3453
3	4	0.9994	0.2404	0.1590
4	5	1.0000	0.7672	0.3773
4	6	0.9999	0.4186	0.4353
4	7	0.7054	0.6706	0.4054
5	6	1.0000	0.8956	0.2711
5	8	0.9500	0.5742	0.3173
5	11	0.5014	0.0949	0.8180
6	7	0.9975	0.9659	0.5281
6	8	0.9990	0.3840	0.1687
6	9	0.9995	0.1999	0.8079
6	10	0.6501	0.2630	0.1357
7	8	0.8489	0.5999	0.0072
7	9	0.9997	0.4470	0.9877
8	9	0.9977	0.8766	0.6389
8	10	0.9995	0.4614	0.5076
8	11	1.0000	0.5036	0.6066
9	10	0.9990	0.6922	0.2896
10	11	0.9991	0.7927	0.5275
