0	1	0.9997	0.9965	0.1763
0	2	0.9996	0.6770	0.6321
0	3	0.9982	0.4157	0.4179
0	4	0.9989	0.4894	0.5506
0	5	0.5499	0.7324	0.1920
0	8	0.9988	0.7993	0.6346
0	13	0.9986	0.7098	0.6609
0	14	0.9993	0.6799	0.6820
0	15	0.8496	0.2141	0.4009
0	16	0.7497	0.6338	0.6583
1	2	0.9963	0.6718	0.0472
1	3	0.6009	0.2117	0.8456
1	4	1.0000	0.1516	0.9281
1	14	0.9984	0.5002	0.2528
2	3	1.0000	0.8353	0.3923
2	4	0.9996	0.7501	0.5321
2	8	0.5501	0.4222	0.2429
2	14	0.9001	0.5746	0.6595
3	4	0.9973	0.4124	0.5355
3	8	0.8991	0.4846	0.4748
3	11	0.5012	0.3579	0.4924
3	13	0.7494	0.3815	0.5512
3	14	0.9966	0.4585	0.7554
3	15	0.8997	0.2137	0.4801
3	16	0.6998	0.2549	0.5262
4	5	0.8482	0.8918	0.5300
4	8	0.9495	0.7654	0.5099
4	11	0.8991	0.6997	0.3192
4	13	0.9984	0.4436	0.5983
4	14	0.9985	0.5977	0.7435
4	15	0.7993	0.4497	0.6342
4	16	0.9487	0.4086	0.6692
5	8	0.8483	0.4292	0.5092
5	11	0.6502	0.4771	0.3118
5	13	0.6514	0.4267	0.1609
5	14	0.9488	0.6057	0.8137
6	7	0.7996	0.4772	0.2427
6	8	0.8496	0.3613	0.6376
6	10	0.6501	0.3392	0.3159
6	14	0.6005	0.5752	0.4289
7	8	0.9981	0.8751	0.7582
7	9	0.6507	0.7447	0.7051
7	11	0.7133	0.5975	0.3482
7	12	0.8494	0.6213	0.6298
7	13	0.5010	0.7197	0.2957
7	14	0.8484	0.9848	0.6682
7	16	0.9488	0.6961	0.5334
8	9	0.9491	0.5562	0.5960
8	10	0.9984	0.5557	0.3585
8	11	0.9993	0.6232	0.6138
8	12	0.9988	0.6808	0.6647
8	13	0.9990	0.4407	0.3600
8	14	0.9984	0.4887	0.6473
8	15	0.6006	0.2914	0.8222
8	16	0.8490	0.6180	0.6902
9	10	0.6503	0.6089	0.4947
9	12	0.8500	0.4281	0.3856
9	14	0.9991	0.6994	0.9523
9	16	0.6501	0.4917	0.3160
10	11	0.9481	0.7329	0.2726
10	12	0.8508	0.3627	0.2913
10	14	0.9491	0.4722	0.7888
11	12	0.9984	0.6314	0.4859
11	13	0.9991	0.5742	0.2338
11	14	0.7501	0.4439	0.7679
12	13	0.7506	0.4327	0.2161
12	14	0.9997	0.3975	0.9061
13	14	0.9996	0.6077	0.5725
13	15	0.7006	0.2079	0.4984
13	16	0.5010	0.2944	0.3703
14	15	0.9986	0.9801	0.4460
14	16	0.8501	0.7901	0.5817
