0	1	1.0000	0.5355	0.5016
0	2	1.0000	0.4619	0.7590
0	14	0.7000	0.3804	0.6923
0	15	0.7008	0.5785	0.0810
0	26	0.8000	0.8407	0.5352
1	2	0.9993	0.6057	0.5916
1	14	0.9982	0.5713	0.8391
1	15	0.9958	0.8220	0.0066
1	26	0.9978	0.7329	0.6841
1	27	0.9984	0.8941	0.8320
2	3	0.8993	0.6039	0.5298
2	13	0.8476	0.6861	0.7200
2	14	0.9494	0.6768	0.7963
2	15	0.9966	0.5984	0.0610
2	26	0.9999	0.4897	0.7496
2	27	0.9497	0.4612	0.8334
3	13	0.9490	0.8317	0.8196
3	14	0.9977	0.5777	0.7084
3	15	0.9961	0.8491	0.0340
3	24	0.5502	0.9165	0.2642
3	26	0.9999	0.8550	0.6348
4	10	0.8494	0.4403	0.3935
4	12	0.9989	0.3061	0.7033
4	13	0.6505	0.3620	0.5914
4	14	0.9498	0.1173	0.2944
4	15	0.9984	0.2369	0.4561
4	16	0.8483	0.6509	0.3063
4	17	0.9999	0.4799	0.5331
4	18	0.9979	0.3705	0.1525
4	19	0.8995	0.3276	0.3544
4	20	0.9501	0.1934	0.2563
4	22	0.5003	0.1817	0.1715
4	23	0.9996	0.1166	0.4989
4	24	0.7522	0.1875	0.4857
4	25	0.6508	0.1335	0.4243
4	26	0.9999	0.0838	0.4999
4	27	0.9994	0.1134	0.5526
5	6	0.9484	0.6666	0.6794
5	7	0.9983	0.5800	0.1620
5	8	0.6003	0.7251	0.8217
5	9	0.9986	0.6613	0.6423
5	10	0.9995	0.5568	0.9589
5	11	0.7997	0.6043	0.2724
6	7	0.9979	0.6032	0.5424
6	8	0.7499	0.5691	0.6288
6	9	0.9483	0.5546	0.4254
6	10	0.9972	0.3772	0.8150
6	11	0.5024	0.3867	0.3160
7	8	0.9984	0.9196	0.3788
7	9	0.7498	0.7523	0.3330
7	10	0.9976	0.5478	0.2620
7	11	0.7504	0.5323	0.3629
8	9	0.9988	0.9848	0.1615
8	11	0.9497	0.7826	0.5621
8	13	0.9002	0.3403	0.8043
9	10	1.0000	0.4741	0.7684
9	11	0.9977	0.5733	0.1915
10	11	0.9998	0.9352	0.2275
12	13	0.9968	0.9777	0.2755
12	14	0.5966	0.7431	0.4900
12	15	0.5004	0.3008	0.3642
13	14	0.9989	0.7953	0.2833
14	15	0.9969	0.9864	0.0290
14	26	0.9998	0.9231	0.5488
15	16	0.9500	0.7187	0.0157
15	17	0.9991	0.8358	0.4812
15	20	0.6005	0.6334	0.3704
15	23	0.8501	0.4258	0.9178
15	26	0.9993	0.3596	0.5396
16	17	0.8980	0.6504	0.6311
17	18	0.8503	0.8125	0.3163
17	19	0.5004	0.6804	0.5473
17	20	0.8492	0.8859	0.3565
18	19	0.9982	0.4308	0.5589
18	20	0.9990	0.3821	0.5323
18	22	0.8404	0.3541	0.4374
18	23	0.5505	0.4016	0.5277
19	20	0.9982	0.5765	0.6131
20	21	0.9984	0.8120	0.7584
20	22	0.9989	0.5094	0.4987
20	23	0.9988	0.6132	0.5141
20	27	0.5020	0.4221	0.5818
21	22	0.8001	0.4808	0.4226
21	23	0.9495	0.6295	0.7498
21	24	0.9500	0.4735	0.4360
21	25	0.7998	0.5739	0.0748
23	24	0.9985	0.7086	0.4063
23	25	0.5499	0.8643	0.1742
23	26	0.9437	0.7101	0.3895
23	27	0.9991	0.9137	0.4660
24	25	0.7491	0.4312	0.1137
24	26	0.8992	0.5120	0.1820
24	27	0.5004	0.5843	0.4122
25	26	0.7003	0.8580	0.4167
25	27	0.9994	0.8801	0.6225
26	27	0.9998	0.6208	0.4049
