0	1	0.9969	0.9498	0.6018
0	2	0.9500	0.6859	0.5187
0	3	0.7501	0.7631	0.3837
0	5	0.6505	0.5889	0.4663
1	2	0.9979	0.8348	0.0939
1	3	0.8996	0.7565	0.4505
2	3	0.9999	0.7455	0.5218
2	4	0.9000	0.8673	0.4676
2	5	0.8004	0.5186	0.6197
3	4	0.9988	0.9066	0.2629
3	5	0.5515	0.5026	0.4174
4	5	0.9982	0.5216	0.2075
5	6	0.9981	0.9533	0.5103
5	7	0.8996	0.8789	0.4919
5	8	0.9500	0.8364	0.5795
5	9	0.8992	0.5678	0.3007
5	19	0.7503	0.5953	0.6990
5	20	0.6996	0.7429	0.7155
6	7	0.8999	0.8381	0.7372
6	8	0.7502	0.5527	0.4250
7	8	0.9978	0.5952	0.1248
8	9	0.8003	0.7932	0.5350
8	18	0.5506	0.5663	0.3076
8	19	0.5505	0.5979	0.4877
8	20	0.8005	0.4817	0.3779
9	10	0.9496	0.5467	0.3089
9	18	0.6501	0.6027	0.6157
9	19	0.9000	0.5099	0.5962
9	20	0.7504	0.4850	0.6209
10	11	0.9992	0.7760	0.4092
10	12	0.6005	0.4319	0.5190
10	13	0.8497	0.5328	0.1809
11	12	0.9991	0.5863	0.5188
11	13	0.8004	0.5703	0.3890
11	17	0.7499	0.3735	0.6345
12	13	0.9990	0.7771	0.2040
12	17	0.8015	0.6928	0.5789
13	14	0.9980	0.9439	0.2751
13	15	0.9960	0.8845	0.6108
13	16	0.8482	0.9470	0.6414
13	17	0.9996	0.5937	0.4236
14	15	0.9985	0.5066	0.4405
14	16	0.9976	0.4234	0.4026
14	17	0.6949	0.3896	0.2274
15	16	0.9498	0.5749	0.5222
17	18	0.6502	0.8249	0.2044
17	20	0.5516	0.7253	0.4784
18	19	1.0000	0.7001	0.3825
18	20	0.5501	0.4945	0.4136
19	20	0.9997	0.6472	0.5086
19	21	0.7003	0.6423	0.2296
20	21	0.8488	0.8846	0.5850
