0	1	0.9990	0.8408	0.5729
0	2	1.0000	0.7993	0.4851
0	3	1.0000	0.6625	0.4962
0	4	0.9501	0.9000	0.7203
1	2	0.9983	0.9567	0.1553
1	3	0.9997	0.5872	0.4374
1	4	0.9985	0.9606	0.5254
2	3	0.9998	0.7038	0.8998
2	4	0.8505	0.7456	0.4130
2	25	0.8483	0.9327	0.2535
3	4	0.9998	0.9415	0.6473
3	5	0.5002	0.8121	0.5300
3	6	0.8494	0.6290	0.4977
4	5	0.7490	0.7954	0.1753
4	6	0.9001	0.3268	0.7931
4	25	0.9976	0.6303	0.2287
4	26	0.5492	0.5148	0.3734
4	27	0.8480	0.5764	0.3257
5	6	0.9995	0.6949	0.7878
5	7	0.5510	0.3973	0.3714
5	8	0.6001	0.4375	0.2559
5	25	0.5501	0.5330	0.3503
6	7	0.7496	0.9363	0.7853
6	8	0.9984	0.8481	0.5928
6	24	0.8499	0.8115	0.8442
6	26	0.8498	0.6638	0.9930
6	27	0.6501	0.9123	0.4957
7	8	0.9981	0.6338	0.5974
7	9	0.9987	0.5915	0.1441
7	11	0.7501	0.2899	0.6347
7	25	0.6500	0.2108	0.2890
8	9	0.9498	0.8203	0.2443
8	11	0.9000	0.6913	0.3795
8	12	0.6501	0.7999	0.3906
8	14	0.5509	0.6998	0.3484
8	26	0.6009	0.4399	0.9896
9	10	0.9997	0.5584	0.5136
9	11	0.9994	0.3630	0.5267
9	12	0.6008	0.4138	0.4261
9	13	0.6006	0.5900	0.5269
9	14	0.9493	0.4199	0.4809
9	24	0.5013	0.3998	0.4507
9	25	0.8989	0.1933	0.7098
9	26	0.7497	0.4279	0.5921
9	27	0.9989	0.3603	0.5932
10	11	0.9992	0.8274	0.1142
10	12	0.9998	0.5233	0.9316
10	14	0.9987	0.8322	0.1147
10	17	0.5997	0.7475	0.7426
10	26	0.8487	0.6131	0.3941
10	27	0.9998	0.7516	0.7222
10	28	0.5003	0.8378	0.6193
11	12	0.9487	0.4697	0.3032
11	13	0.6005	0.2794	0.4380
11	14	0.9989	0.4796	0.5599
11	15	0.9490	0.8709	0.4384
11	16	0.5501	0.6647	0.2025
11	18	0.5180	0.5191	0.3674
11	26	0.8986	0.1941	0.8008
11	27	0.9988	0.3192	0.3290
12	13	0.9988	0.8659	0.5249
12	14	0.9995	0.3142	0.6778
12	15	0.7997	0.2583	0.4910
12	16	0.8994	0.6032	0.5630
12	17	0.6002	0.5208	0.3440
12	22	0.5503	0.3343	0.8278
12	24	0.9491	0.4468	0.6030
12	25	0.9997	0.3561	0.8430
12	26	0.9975	0.6987	0.1596
12	27	1.0000	0.3605	0.5590
12	28	0.5518	0.6232	0.6557
13	14	0.9984	0.8074	0.0671
13	24	0.6501	0.6071	0.5476
13	25	0.8497	0.5163	0.9932
13	26	0.7992	0.8082	0.2428
13	27	0.9997	0.7473	0.8908
14	15	0.9982	0.9595	0.3920
14	16	0.9482	0.6960	0.7114
14	17	0.9994	0.5739	0.5530
14	24	0.6501	0.7268	0.5974
14	26	0.9998	0.3610	0.7166
14	27	0.9996	0.4282	0.4784
15	16	0.8713	0.5011	0.5312
15	17	0.9978	0.5736	0.8061
15	20	0.8990	0.3572	0.4475
15	22	0.6000	0.3325	0.6805
15	26	0.9978	0.5779	0.9619
15	27	0.9985	0.3314	0.3387
16	17	0.9975	0.7929	0.5295
16	20	0.7497	0.3080	0.4490
16	22	0.5538	0.4252	0.8268
16	24	0.7496	0.7698	0.6180
16	25	0.7495	0.3227	0.7984
16	26	0.9978	0.5007	0.8744
16	27	0.9979	0.6470	0.3280
17	18	1.0000	0.6488	0.4778
17	19	0.9976	0.7445	0.7653
17	20	0.8002	0.4881	0.4829
17	22	0.9976	0.5822	0.7867
17	23	0.9486	0.5030	0.9439
17	24	0.7000	0.5770	0.6104
17	26	1.0000	0.5171	0.5079
17	27	0.9999	0.5505	0.4963
18	19	0.9962	0.9631	0.6813
18	20	0.9985	0.8255	0.3781
18	21	0.9991	0.8145	0.6447
18	22	0.5019	0.5648	0.5084
18	23	0.9483	0.9789	0.7468
18	26	0.9999	0.6068	0.3284
18	27	0.7506	0.1978	0.2969
19	20	0.9989	0.8890	0.2392
19	21	0.9462	0.9649	0.6508
19	26	0.5007	0.6954	0.0807
20	21	0.8989	0.3113	0.3100
20	23	0.6500	0.3238	0.6274
20	26	0.6002	0.5227	0.4026
21	22	0.9985	0.5382	0.6061
21	23	0.7992	0.6749	0.9304
21	26	0.9998	0.5553	0.6805
21	27	0.7997	0.6092	0.1289
22	23	0.9708	0.8008	0.6138
22	24	0.9023	0.8111	0.2476
22	26	0.9999	0.8583	0.4033
22	27	0.9996	0.7285	0.2765
23	24	0.5004	0.5461	0.2711
23	26	0.9977	0.9571	0.1022
23	27	0.9485	0.9549	0.3361
24	25	0.9487	0.8708	0.7088
24	26	0.9992	0.9278	0.5192
24	27	0.9998	0.6824	0.3985
25	26	0.9993	0.9887	0.1526
25	27	0.9493	0.9147	0.1367
26	27	1.0000	0.7351	0.3953
26	28	0.9994	0.0793	0.2334
27	28	0.6005	0.9138	0.0731
