0	1	0.9996	0.7933	0.3134
0	2	0.9993	0.4876	0.4806
0	3	0.9985	0.9536	0.3602
0	4	0.8500	0.4395	0.4954
0	9	0.8995	0.2896	0.3382
0	10	0.9494	0.1790	0.6260
0	11	0.9986	0.4246	0.4897
0	12	0.9991	0.4344	0.6811
0	13	0.9996	0.4436	0.5072
0	14	0.9496	0.8846	0.6659
0	16	0.9986	0.1930	0.7309
0	17	0.9989	0.5048	0.7642
1	2	1.0000	0.6074	0.4395
1	3	0.8496	0.4231	0.3715
1	4	0.9980	0.6770	0.2911
1	5	0.6003	0.4864	0.3019
1	11	0.6004	0.3842	0.5821
1	13	1.0000	0.3838	0.9150
1	14	0.9490	0.3316	0.6757
1	16	0.9998	0.3254	0.8300
1	17	0.9500	0.3575	0.6690
2	3	0.9965	0.9761	0.4654
2	4	0.9986	0.6684	0.5731
2	5	0.9995	0.6039	0.4347
2	7	0.9992	0.6285	0.2167
2	9	0.9992	0.6579	0.2944
2	11	0.9984	0.7036	0.5106
2	13	0.9482	0.5942	0.8507
3	4	0.8993	0.7091	0.3022
3	5	0.9994	0.4003	0.8330
3	6	0.7495	0.4933	0.4992
3	13	0.5502	0.4725	0.8242
4	5	0.9983	0.5931	0.2442
4	6	0.9000	0.3674	0.6015
4	7	0.9984	0.6377	0.2003
5	6	0.9992	0.5329	0.7966
5	7	0.9990	0.4897	0.4606
5	8	0.9988	0.9274	0.7939
5	9	0.9993	0.5352	0.4577
5	10	0.5029	0.8658	0.3865
5	11	0.5512	0.4650	0.4898
6	7	0.9990	0.6015	0.4033
6	8	0.5013	0.3749	0.3840
6	9	0.6498	0.7266	0.0729
7	8	0.9987	0.8366	0.6208
7	9	0.9988	0.4997	0.4234
7	10	0.9995	0.9231	0.5036
8	9	0.9996	0.7735	0.6137
9	10	0.9994	0.7594	0.4890
9	12	0.6007	0.7693	0.4172
10	11	0.9999	0.5588	0.3943
10	12	0.9999	0.4308	0.6023
11	12	0.9989	0.8637	0.5632
11	13	0.9995	0.5687	0.3618
11	17	0.6992	0.5934	0.7026
12	13	0.9990	0.6884	0.1127
12	15	0.5994	0.4692	0.7828
12	16	0.7484	0.7480	0.3631
12	17	0.8537	0.6953	0.8857
13	15	0.6502	0.6289	0.6271
13	16	0.9982	0.3831	0.3852
13	17	0.9997	0.5262	0.5670
14	16	0.7497	0.5279	0.4802
14	17	0.8990	0.6381	0.4084
15	16	0.9974	0.6278	0.1754
15	17	0.8983	0.5392	0.5788
16	17	1.0000	0.4607	0.4706
