0	1	0.9990	0.6659	0.2404
0	6	0.9988	0.6854	0.0553
0	7	0.9499	0.5756	0.4336
0	13	0.6999	0.6655	0.1730
0	16	0.9492	0.7571	0.1230
0	33	0.6003	0.8318	0.1909
1	2	0.9501	0.8369	0.2445
1	4	0.8499	0.6750	0.4341
1	5	0.5010	0.4368	0.6602
1	6	0.7000	0.4493	0.4248
1	7	0.9496	0.6147	0.6885
1	9	0.5187	0.7047	0.4220
1	12	0.6002	0.3304	0.7537
1	13	0.8997	0.6911	0.6237
1	14	0.7002	0.9070	0.2814
1	15	0.9997	0.6261	0.6828
1	16	0.9993	0.4946	0.5031
1	23	0.6013	0.4938	0.3595
1	31	0.5501	0.7361	0.5139
1	32	0.6501	0.6331	0.6895
1	33	0.8497	0.5140	0.4320
2	3	0.6258	0.5692	0.3397
2	4	0.8994	0.7070	0.2101
2	7	0.7493	0.8652	0.4162
2	9	0.6008	0.6265	0.4203
3	4	0.9495	0.6671	0.5078
3	9	0.6515	0.5650	0.2172
4	5	0.9999	0.9095	0.5283
4	6	0.9489	0.6341	0.4106
4	7	0.9500	0.6807	0.6303
4	8	0.8997	0.5944	0.4327
4	9	0.7502	0.5042	0.4718
4	15	0.6503	0.7036	0.4165
5	6	0.6003	0.6180	0.2579
5	7	0.9498	0.7104	0.8919
5	8	0.5514	0.7160	0.6727
5	9	0.6002	0.6487	0.3907
6	7	0.9983	0.5195	0.5918
6	14	0.5502	0.4700	0.4926
6	15	0.5512	0.2337	0.5598
7	8	0.9493	0.7031	0.2325
7	9	0.9993	0.6197	0.6770
7	12	0.7992	0.6675	0.7255
7	13	0.8995	0.6192	0.5928
7	14	0.9496	0.4727	0.3064
7	15	0.6504	0.5541	0.4209
7	16	0.7005	0.5377	0.4884
8	9	1.0000	0.5640	0.5313
8	12	0.6510	0.3784	0.4493
8	13	0.5004	0.3133	0.6716
9	10	0.9990	0.7150	0.6378
9	11	0.9994	0.6144	0.3571
9	12	0.9501	0.6058	0.4862
9	13	0.8995	0.6856	0.4034
9	14	0.8998	0.6402	0.4067
10	11	0.9980	0.7918	0.3351
11	12	0.9498	0.6480	0.3708
11	14	0.6005	0.3922	0.5259
12	13	0.8999	0.8843	0.4622
12	14	0.9499	0.8065	0.5813
12	15	0.9999	0.6912	0.6532
13	14	0.8004	0.7947	0.4623
13	15	0.9888	0.5592	0.4790
13	16	0.5002	0.4919	0.4988
14	15	0.7999	0.6083	0.2136
14	16	0.7503	0.2885	0.8801
15	16	0.9996	0.7518	0.3874
16	17	0.5508	0.7761	0.2736
16	19	0.5994	0.5269	0.2768
16	20	0.8003	0.7059	0.5457
16	33	0.7495	0.4529	0.4636
17	18	0.9997	0.8244	0.1422
17	19	0.6244	0.3442	0.7556
17	20	0.9995	0.4375	0.4174
17	23	0.8000	0.3626	0.6822
18	19	0.7496	0.7406	0.5933
18	20	0.9996	0.6504	0.5845
18	23	0.9000	0.5460	0.4991
18	24	0.5504	0.3808	0.5606
18	28	0.5507	0.4243	0.3463
19	20	0.9987	0.6652	0.5304
19	22	0.7496	0.1945	0.6005
19	23	0.9485	0.5637	0.3506
20	21	0.9972	0.8648	0.3764
20	22	0.8986	0.5720	0.8633
20	23	0.8504	0.5896	0.6900
20	24	0.7510	0.4207	0.5133
20	26	0.7014	0.6160	0.5944
21	22	0.7497	0.6739	0.4004
21	23	0.5530	0.5326	0.2773
22	23	0.9990	0.8580	0.3670
23	24	0.9499	0.9523	0.3474
23	28	0.5062	0.5265	0.3758
24	25	0.9985	0.9308	0.2873
24	26	0.9000	0.6906	0.6464
24	28	0.8000	0.4235	0.5654
24	29	0.5501	0.4551	0.4876
24	30	0.6007	0.4882	0.4647
24	31	0.8004	0.4396	0.5149
24	32	0.5503	0.4981	0.3571
25	26	0.6503	0.5827	0.4425
26	28	0.6503	0.5566	0.4603
27	28	0.9498	0.5589	0.2422
28	29	0.9998	0.6388	0.5156
28	30	0.9497	0.5017	0.4925
28	31	0.8995	0.4083	0.4928
28	32	0.5508	0.3366	0.4080
28	33	0.6503	0.4230	0.4597
28	35	0.9000	0.4637	0.4513
29	30	0.7487	0.5057	0.5016
29	31	0.9489	0.5186	0.5827
29	32	0.7004	0.5315	0.3257
29	33	0.7021	0.4528	0.7423
29	35	0.7501	0.5645	0.4570
30	31	0.8994	0.4795	0.5244
31	32	0.7998	0.7921	0.5779
31	33	0.6491	0.5597	0.5248
32	33	0.6504	0.6129	0.3546
33	34	0.9983	0.8639	0.2137
33	35	0.9003	0.4238	0.4628
34	35	0.9494	0.4685	0.2710
