0	1	0.9982	0.6192	0.6018
0	2	0.9988	0.3982	0.7915
0	3	0.9991	0.3044	0.7448
0	4	0.9486	0.4310	0.5062
0	5	0.5500	0.6858	0.5781
0	6	0.9487	0.8326	0.5960
0	9	0.5494	0.6795	0.5305
1	2	0.9970	0.4154	0.5253
1	3	0.9992	0.5572	0.4966
1	4	0.9997	0.5849	0.5008
1	5	0.8995	0.4917	0.5602
1	6	0.9496	0.2657	0.6749
1	7	0.8503	0.5416	0.3128
1	9	0.5499	0.5295	0.4690
2	3	0.9983	0.8124	0.4029
2	4	0.9500	0.8275	0.2739
2	6	0.5509	0.5030	0.5812
3	4	0.9980	0.8154	0.3905
3	6	0.8987	0.8211	0.5118
3	7	0.5502	0.6429	0.1773
3	9	0.7000	0.7689	0.2553
4	5	0.9985	0.9094	0.7147
4	6	0.9983	0.5641	0.6133
4	7	0.9989	0.6311	0.3260
4	9	0.8483	0.6722	0.5199
5	6	0.9980	0.8642	0.3890
5	7	0.8479	0.5894	0.5351
5	8	0.6507	0.7573	0.5942
5	9	0.5501	0.9503	0.2900
5	11	0.5009	0.5374	0.4745
6	7	0.6497	0.5465	0.2969
7	9	0.9975	0.6134	0.2987
7	17	0.7500	0.5647	0.5076
7	20	0.6490	0.4074	0.6194
8	9	0.9999	0.6766	0.4150
8	11	0.9983	0.4768	0.5289
8	12	0.7482	0.9127	0.2892
8	16	0.6497	0.9113	0.7982
8	17	0.9978	0.4514	0.4973
9	10	0.9978	0.8106	0.3919
9	11	1.0000	0.4726	0.5457
9	12	0.8488	0.1904	0.2081
9	13	0.9993	0.3200	0.6856
9	15	0.9500	0.1633	0.7848
9	16	0.9999	0.5335	0.7265
9	17	0.9996	0.4794	0.4460
9	18	0.9995	0.3512	0.5570
9	19	0.7007	0.4169	0.5916
9	20	0.9982	0.3973	0.3374
10	11	0.7497	0.6367	0.4887
11	12	0.7494	0.9106	0.3427
11	13	0.5506	0.8116	0.5947
11	16	0.9995	0.6175	0.8835
11	17	1.0000	0.6729	0.3401
11	18	0.9499	0.7864	0.5731
12	13	0.8981	0.5073	0.6732
12	14	0.6993	0.3936	0.6126
12	15	0.5007	0.4449	0.2121
13	14	0.9987	0.8960	0.4095
13	15	0.9978	0.9582	0.2725
13	16	0.8987	0.9135	0.4405
13	18	0.6005	0.6962	0.3236
14	15	0.9996	0.7649	0.4365
15	16	0.9969	0.9227	0.0626
15	18	0.8004	0.5256	0.4634
16	17	0.9983	0.9371	0.0486
16	18	0.9999	0.4010	0.8427
16	19	0.5015	0.4694	0.5349
17	18	0.9999	0.7993	0.4883
17	19	0.9998	0.3121	0.8140
17	20	0.8499	0.5649	0.4889
18	19	0.7999	0.5161	0.4406
18	20	0.9497	0.4988	0.4232
19	20	0.8995	0.6511	0.1862
