0	1	1.0000	0.8521	0.6959
0	2	0.6493	0.7511	0.1189
0	5	0.5501	0.6306	0.8521
1	10	0.7526	0.4028	0.9305
2	3	0.9977	0.9427	0.4081
2	4	0.9993	0.5370	0.5337
2	5	0.9990	0.7823	0.6950
2	6	0.9997	0.5110	0.5051
2	10	0.8005	0.2947	0.8723
2	12	0.9991	0.6325	0.6896
2	14	0.6503	0.6551	0.4423
3	4	0.9490	0.6315	0.6181
3	6	0.9988	0.6706	0.5672
3	12	0.9493	0.5415	0.9381
3	14	0.6015	0.5462	0.1514
4	5	0.9993	0.7210	0.5840
4	6	0.9987	0.4189	0.4579
4	7	0.5499	0.9410	0.3726
4	12	0.9989	0.4045	0.4828
5	6	0.9998	0.8677	0.2734
5	11	0.9494	0.5790	0.5116
5	12	0.9964	0.9132	0.0936
6	7	0.9994	0.9954	0.4508
6	10	1.0000	0.3921	0.9085
6	12	0.9995	0.5104	0.4866
6	13	0.6504	0.6469	0.2461
6	14	0.9991	0.7104	0.4124
7	8	0.9981	0.3983	0.2627
7	9	0.9996	0.3981	0.8383
7	10	0.9990	0.5456	0.2115
7	11	0.6005	0.5480	0.6263
8	9	0.9996	0.8146	0.7114
8	10	0.9995	0.7790	0.1528
9	10	0.9957	0.5572	0.0404
10	11	0.9990	0.9490	0.5953
10	12	0.9991	0.8811	0.0783
12	13	0.9998	0.8708	0.4042
12	14	0.9990	0.8903	0.2777
13	14	0.9980	0.6929	0.2832
