0	1	0.8498	0.8692	0.3947
0	3	0.5008	0.6649	0.4929
1	2	0.9484	0.7914	0.4553
1	3	0.5005	0.5970	0.4146
1	15	0.7489	0.4567	0.8037
2	3	0.9987	0.6948	0.3209
2	5	0.8000	0.6478	0.5488
3	4	0.9995	0.8831	0.5418
3	5	1.0000	0.7020	0.4738
3	7	0.5550	0.5316	0.2602
3	14	0.5506	0.5631	0.6207
3	15	0.5005	0.7182	0.6681
3	18	0.7001	0.4253	0.4487
4	5	0.9991	0.7091	0.4691
4	7	0.5004	0.5191	0.1996
4	9	0.5502	0.6879	0.5223
4	14	0.8000	0.5490	0.4727
5	6	0.9970	0.8821	0.4072
5	7	0.8001	0.6312	0.4765
5	9	0.7003	0.6600	0.4472
5	10	0.9006	0.6614	0.4526
5	14	0.5054	0.5379	0.4175
7	8	0.9995	0.7768	0.4098
7	9	0.7004	0.6964	0.5073
7	10	0.8004	0.6910	0.3097
7	14	0.5005	0.6789	0.3404
8	9	0.8996	0.7972	0.5284
8	10	0.8500	0.4983	0.5775
8	14	0.7500	0.5371	0.4532
9	10	0.9499	0.6913	0.4138
9	14	0.7508	0.6199	0.5661
10	11	0.6996	0.9263	0.4803
10	12	0.5504	0.6653	0.4534
10	13	1.0000	0.5867	0.5103
10	14	0.9501	0.5459	0.3560
10	15	0.5005	0.6352	0.5289
11	12	0.8493	0.7749	0.3521
11	13	0.5006	0.6700	0.2247
11	14	0.7490	0.4753	0.4261
12	13	0.7982	0.9815	0.1509
13	14	0.9990	0.7317	0.2304
13	15	0.9000	0.5578	0.6415
14	15	0.9997	0.6823	0.4121
14	16	0.5497	0.6264	0.2670
14	17	0.6505	0.3629	0.3254
15	16	0.9968	0.8614	0.3530
15	17	0.6498	0.7614	0.3708
15	18	0.9000	0.7515	0.6398
15	19	0.5504	0.6191	0.4966
16	17	0.7998	0.5220	0.2288
17	18	0.9994	0.5662	0.4512
17	19	0.6007	0.2426	0.5955
17	20	0.6501	0.2929	0.3494
18	19	0.9999	0.8771	0.6490
18	20	0.9984	0.9401	0.4348
19	20	0.6502	0.6612	0.4267
