0	1	1.0000	0.9520	0.3384
0	3	0.9986	0.4779	0.7968
0	4	1.0000	0.4525	0.5671
0	5	0.9999	0.6552	0.7526
0	6	0.9996	0.6414	0.2501
0	10	0.8002	0.1044	0.2789
0	14	0.9999	0.9291	0.3970
0	15	1.0000	0.9023	0.4107
0	16	1.0000	0.3942	0.8843
1	2	0.9995	0.8587	0.3340
1	3	0.9969	0.7442	0.5688
1	4	1.0000	0.3372	0.8808
1	6	1.0000	0.3000	0.4701
1	15	0.9994	0.2453	0.4691
1	16	1.0000	0.5118	0.4647
2	3	1.0000	0.5394	0.3152
2	4	0.9983	0.4350	0.7478
2	5	0.9986	0.9973	0.9438
3	4	1.0000	0.5538	0.4968
3	5	0.9997	0.0214	0.8661
3	16	1.0000	0.9995	0.9999
4	5	0.9980	0.8601	0.7926
4	6	1.0000	0.7072	0.1704
4	16	1.0000	0.1734	0.9742
5	6	0.9999	0.6381	0.0916
5	7	0.9995	0.1118	0.9691
5	11	0.9953	0.0260	0.9971
5	14	0.9995	0.4300	0.5183
5	15	0.9968	0.6005	0.0067
6	7	0.9995	0.7504	0.0590
6	10	0.9992	0.0569	0.2658
6	11	0.9996	0.6732	0.7077
6	12	0.9988	0.9988	0.2696
6	13	0.9986	0.8961	0.7645
6	14	0.9985	0.3349	0.3059
6	15	0.9999	0.6294	0.5237
6	16	1.0000	0.3931	0.5583
7	9	1.0000	0.7181	0.2910
7	10	0.9999	0.4138	0.4072
7	11	1.0000	0.4746	0.4832
7	12	0.9995	0.9969	0.9922
7	13	0.9997	0.3891	0.4177
7	14	0.9987	0.7363	0.2093
7	15	1.0000	0.1982	0.5104
7	16	1.0000	0.0066	0.5878
9	10	0.9998	0.9873	0.2713
9	11	1.0000	0.4563	0.6015
9	14	0.9996	0.9941	0.1975
9	15	0.9993	0.9972	0.1944
9	16	0.5510	0.9967	0.1792
10	11	0.9951	0.5553	0.0364
10	14	0.5511	0.0190	0.2350
10	15	0.9976	0.2678	0.1137
10	16	0.9999	0.5440	0.7217
11	12	0.9969	0.9329	0.6989
11	13	0.9974	0.5989	0.5858
11	14	0.9992	0.9938	0.0166
11	15	1.0000	0.8157	0.4259
11	16	0.9994	0.0618	0.6298
12	13	0.9994	0.6719	0.3932
13	14	0.9996	0.9843	0.0000
13	15	1.0000	0.8086	0.3702
14	15	0.9989	0.4213	0.1928
15	16	0.9998	0.6415	0.3116
