0	1	0.9993	0.4414	0.4479
0	2	0.9997	0.3898	0.3960
0	3	0.9958	0.8938	0.8124
0	5	0.9994	0.7163	0.4841
0	6	0.9992	0.4882	0.4782
0	7	0.9997	0.4788	0.4285
1	2	0.9998	0.5489	0.4570
1	3	0.7994	0.3623	0.0860
1	7	0.9497	0.3411	0.5473
2	3	0.9969	0.9971	0.0958
2	4	0.9467	0.9242	0.2942
2	7	0.9987	0.2588	0.2781
2	11	0.9493	0.4859	0.6231
2	12	0.9991	0.5320	0.4089
3	4	0.5999	0.9883	0.1213
3	5	0.9994	0.8754	0.8492
3	6	0.9969	0.9885	0.1865
3	7	0.9976	0.9846	0.1223
3	8	0.9974	0.9824	0.2014
3	9	0.9975	0.9708	0.4935
3	10	0.9979	0.9584	0.3663
3	11	0.9984	0.3016	0.4947
3	12	0.9992	0.2647	0.5918
4	5	0.8492	0.8220	0.2821
4	6	0.9964	0.9640	0.2129
4	7	0.9955	0.9482	0.6359
4	8	0.9970	0.7697	0.2376
4	9	0.9982	0.8411	0.4491
4	10	0.9988	0.8482	0.9537
4	11	0.5995	0.4256	0.6196
5	6	0.9995	0.4555	0.3543
5	7	0.9988	0.3707	0.3608
5	8	0.9990	0.3804	0.4223
5	9	0.9996	0.4351	0.3234
5	10	0.9984	0.5162	0.5783
5	11	0.9995	0.6754	0.5097
6	7	0.9998	0.4743	0.4498
6	8	0.9993	0.2394	0.2927
6	10	0.5506	0.4157	0.5056
7	8	0.5003	0.3174	0.2444
8	9	0.9994	0.5026	0.2505
8	10	1.0000	0.4985	0.6969
8	11	1.0000	0.4661	0.5782
8	12	0.9492	0.4129	0.4597
9	10	0.9976	0.3282	0.4307
9	11	0.9983	0.3318	0.4254
9	12	0.9493	0.3100	0.4223
10	11	0.9997	0.5523	0.5043
10	12	0.9994	0.5971	0.4965
11	12	0.9999	0.5816	0.4763
