0	1	0.8983	0.9775	0.1779
0	2	0.7500	0.6411	0.6004
0	10	0.9978	0.6225	0.5407
0	11	0.9972	0.6777	0.4337
0	12	0.9493	0.5172	0.6895
0	17	0.9970	0.8846	0.3986
1	2	0.9981	0.3201	0.8273
1	3	0.8002	0.6307	0.6421
1	10	0.5013	0.3624	0.0759
1	17	0.9984	0.4198	0.5740
2	3	0.9971	0.9275	0.1505
2	7	0.7502	0.7125	0.4199
2	10	0.8994	0.8417	0.2739
2	11	0.9985	0.8997	0.1187
2	17	0.9981	0.9685	0.2323
3	7	0.7997	0.1245	0.2389
3	17	0.7001	0.4248	0.8672
4	5	0.9996	0.9556	0.1306
4	6	0.9997	0.8221	0.4750
4	21	0.9499	0.8956	0.7162
5	6	0.9974	0.2834	0.0974
5	20	0.9995	0.4911	0.4784
5	21	1.0000	0.6765	0.5592
5	22	0.9494	0.2404	0.0948
6	19	0.6002	0.7842	0.8742
6	20	0.9992	0.3250	0.4301
6	21	0.9999	0.2550	0.7264
6	22	1.0000	0.6815	0.4021
6	23	0.9492	0.9805	0.0544
6	57	0.9999	0.9517	0.9627
6	58	0.9981	0.9986	0.0067
6	59	0.9981	0.3412	0.5147
6	60	0.6017	0.0904	0.1886
6	61	0.6994	0.2975	0.5299
7	8	0.9987	0.9946	0.3381
7	10	0.9996	0.6447	0.4224
7	11	0.9991	0.6044	0.2848
7	17	0.9997	0.6184	0.2649
8	9	0.7502	0.9018	0.3448
8	10	0.9972	0.5920	0.2298
8	11	0.9977	0.5886	0.6732
8	12	0.5994	0.5011	0.0455
8	17	0.9958	0.5937	0.1628
8	55	0.6494	0.5242	0.3595
10	11	0.9994	0.7592	0.4537
10	14	0.9969	0.8092	0.5024
10	16	0.9976	0.7556	0.8726
10	17	0.9492	0.7021	0.1531
11	12	0.9991	0.5525	0.5766
11	13	0.9479	0.5769	0.5794
11	14	1.0000	0.5869	0.6044
11	15	0.9979	0.6719	0.8681
11	16	0.9974	0.5438	0.9515
11	17	1.0000	0.4814	0.4370
11	18	0.7978	0.2194	0.3772
12	13	0.9493	0.6599	0.5113
12	14	0.9988	0.5957	0.5455
12	15	0.9981	0.8243	0.6411
12	16	0.9979	0.6150	0.6046
13	14	0.8497	0.5621	0.5525
13	16	0.8007	0.1905	0.4716
14	15	0.9988	0.6127	0.5484
14	16	0.9980	0.5243	0.5779
14	17	0.9516	0.3885	0.1554
15	16	0.9995	0.7778	0.4985
15	17	0.5007	0.5696	0.0924
16	17	0.9470	0.4986	0.0001
17	18	0.5993	0.9327	0.3987
18	19	0.8975	0.9781	0.3056
19	57	0.9991	0.4502	0.8383
20	21	1.0000	0.7006	0.5720
20	22	0.9494	0.2802	0.2915
20	23	1.0000	0.0061	0.2097
20	59	0.9993	0.3176	0.7531
21	22	0.8187	0.6563	0.1925
21	59	0.6001	0.5596	0.9113
21	60	0.5111	0.2452	0.7574
22	23	0.9991	0.9927	0.0624
22	58	0.9979	0.9726	0.0092
22	59	0.9998	0.6364	0.3545
23	24	0.6493	0.9401	0.0255
23	54	0.9963	0.9270	0.0098
23	56	0.9962	0.5447	0.1226
23	58	0.9969	0.8476	0.0023
23	59	0.9961	0.5529	0.0930
24	43	1.0000	0.4736	0.8127
24	44	0.9998	0.4286	0.5657
24	52	0.9982	0.6640	0.6801
24	53	0.9990	0.3422	0.7349
24	54	0.9998	0.5285	0.4856
24	56	0.7000	0.4024	0.3820
24	59	1.0000	0.0376	0.0342
25	26	0.9977	0.8426	0.7221
25	27	0.9989	0.9449	0.4563
25	39	0.9995	0.7438	0.9161
25	40	0.5995	0.6812	0.5042
25	42	0.9999	0.5338	0.4879
26	27	0.7491	0.6347	0.6044
26	39	0.5499	0.5914	0.9428
26	42	0.9986	0.4787	0.7765
26	43	0.9989	0.4455	0.8557
26	44	0.9986	0.4144	0.5709
27	31	0.9999	0.8340	0.7316
27	32	0.9993	0.9547	0.4298
27	34	0.8991	0.8560	0.7567
27	35	0.9992	0.9204	0.9257
27	37	0.9999	0.7273	0.9072
27	38	0.9992	0.7541	0.9702
27	39	0.9500	0.8047	0.8505
27	40	0.9999	0.6869	0.7455
27	41	0.5506	0.8142	0.9435
27	42	0.9996	0.5434	0.5716
28	29	0.9989	0.4348	0.8968
28	30	0.9998	0.9056	0.1898
28	31	0.9979	0.7361	0.5003
28	32	0.9978	0.5006	0.6961
29	30	0.9483	0.5186	0.1992
29	31	0.9981	0.3541	0.5434
30	31	0.9994	0.1332	0.1964
31	32	0.9997	0.8632	0.4340
31	33	0.9983	0.5678	0.5150
31	34	0.9954	0.5642	0.1275
31	35	0.9993	0.5159	0.5923
31	39	0.5005	0.5533	0.2461
31	40	0.9974	0.3022	0.4210
31	42	0.9999	0.2912	0.5500
32	33	0.9976	0.6158	0.1674
32	34	1.0000	0.6493	0.6536
32	35	0.9994	0.5000	0.7251
32	40	0.5007	0.6069	0.6540
33	34	0.9986	0.4261	0.5350
33	35	0.9981	0.1911	0.3990
34	35	0.9955	0.4324	0.4499
34	40	0.8991	0.3188	0.4898
34	41	0.7484	0.4548	0.5098
35	36	0.9970	0.9938	0.4047
35	37	0.7491	0.7076	0.4609
35	40	0.9993	0.6388	0.6799
35	41	0.9958	0.9673	0.6756
35	42	0.8501	0.6788	0.1441
36	37	0.9980	0.5993	0.2067
36	38	0.8497	0.2278	0.5781
36	39	0.9498	0.5994	0.7479
36	40	0.9998	0.5063	0.6831
36	42	1.0000	0.5333	0.2457
37	38	0.8719	0.4689	0.4624
37	39	0.9990	0.5075	0.5967
37	40	0.9998	0.6910	0.5046
37	42	0.9994	0.8149	0.1880
38	39	0.9989	0.8730	0.3642
38	40	0.9992	0.4796	0.6839
38	42	0.9993	0.5325	0.3395
39	40	0.9993	0.7721	0.5495
39	42	1.0000	0.7315	0.5065
40	41	0.8985	0.6188	0.9660
40	42	0.9997	0.4856	0.3648
41	42	0.8963	0.8468	0.0126
42	43	0.5993	0.8618	0.5244
42	45	0.5486	0.8301	0.4262
43	44	0.9980	0.7283	0.0798
43	45	0.9993	0.3958	0.4661
43	52	0.9523	0.7660	0.0797
43	59	0.9942	0.5873	0.0115
44	45	0.9980	0.8722	0.2825
44	52	0.9994	0.7520	0.5128
44	53	0.9980	0.9691	0.5075
44	54	0.9995	0.8768	0.4422
44	55	0.9495	0.9956	0.4977
44	56	0.7995	0.6697	0.1432
44	59	0.6510	0.3732	0.0399
45	46	0.9987	0.9476	0.2981
45	52	0.9988	0.1765	0.4483
46	47	0.9998	0.6791	0.5183
46	48	0.9460	0.4643	0.6237
46	49	0.9996	0.6330	0.5227
46	50	0.9998	0.7392	0.4073
46	51	0.9994	0.4769	0.5088
46	52	0.6010	0.0524	0.2256
47	48	0.9499	0.8744	0.5640
47	49	0.9968	0.9413	0.4403
47	50	0.9991	0.7144	0.3837
47	51	0.8991	0.5990	0.1450
48	49	0.9469	0.9921	0.6416
48	50	0.9965	0.8934	0.7079
48	51	0.9479	0.8496	0.3251
49	50	0.9999	0.7179	0.5308
49	51	1.0000	0.7156	0.4071
50	51	0.9988	0.6266	0.2234
50	53	0.9491	0.6232	0.4480
51	52	1.0000	0.7672	0.2229
51	53	0.8505	0.3788	0.6180
52	53	0.9989	0.9514	0.4889
52	54	0.7291	0.6772	0.3720
53	54	0.9991	0.6844	0.3377
53	55	0.9990	0.3352	0.4606
53	56	0.9964	0.8563	0.0120
54	55	0.9989	0.8516	0.5932
54	56	0.9990	0.6462	0.6845
54	57	0.9998	0.9919	0.3037
54	58	0.9982	0.7651	0.7845
54	59	0.9974	0.4342	0.0221
55	56	0.9997	0.7490	0.5026
55	57	1.0000	0.5323	0.3944
55	58	0.9986	0.9149	0.3303
56	57	0.9974	0.9730	0.5165
56	58	0.9995	0.7911	0.6233
56	59	0.9969	0.4743	0.0007
57	58	0.9999	0.7335	0.2860
58	59	0.9955	0.7637	0.0015
59	60	1.0000	0.9273	0.2772
59	61	1.0000	0.5710	0.7674
59	62	1.0000	0.7665	0.3342
59	63	0.9998	0.4194	0.9176
59	64	0.9995	0.6641	0.4913
59	66	0.9993	0.8581	0.2849
59	69	0.9997	0.7722	0.7775
60	61	0.7997	0.4841	0.3880
60	62	1.0000	0.6130	0.5015
60	64	0.9999	0.5786	0.5366
61	62	0.9991	0.6216	0.2742
61	64	0.9494	0.3334	0.4815
62	63	0.8496	0.5133	0.3946
62	64	1.0000	0.5941	0.4973
62	69	0.9991	0.5082	0.3189
63	64	0.9992	0.4945	0.5614
64	66	0.9995	0.5894	0.4738
64	67	0.8501	0.5502	0.4153
64	68	0.6001	0.8443	0.5863
64	69	0.9990	0.6213	0.2628
65	66	0.9983	0.4738	0.7821
65	69	0.9977	0.4950	0.1714
66	67	0.9998	0.9843	0.5701
66	68	0.9489	0.9784	0.5811
66	69	0.9995	0.5064	0.4119
67	68	0.7998	0.9702	0.3111
67	69	0.9978	0.6944	0.2061
68	69	0.9970	0.9780	0.0565
