0	1	0.9489	0.9890	0.1286
0	2	0.9997	0.9668	0.8626
0	4	0.9992	0.9581	0.9673
0	9	0.9999	0.8960	0.2078
0	10	0.9985	0.1105	0.4255
1	2	0.9999	0.2295	0.6785
1	4	0.6031	0.0910	0.9948
1	5	0.6003	0.3291	0.8956
1	6	0.9992	0.3747	0.9822
2	3	0.9985	0.9958	0.0011
2	4	0.9966	0.7505	0.6500
2	5	0.9981	0.1615	0.8741
2	6	0.9997	0.0321	0.9720
2	7	1.0000	0.0613	0.7360
2	8	0.8010	0.1387	0.1148
2	9	0.9997	0.8843	0.7579
2	11	1.0000	0.2534	0.7493
2	12	0.9986	0.5364	0.3282
3	4	0.9976	0.2062	0.3597
3	9	0.9981	0.1227	0.9869
3	10	0.9998	0.9449	0.2956
4	5	0.9980	0.9874	0.2145
4	7	0.9000	0.9250	0.8038
4	8	0.9993	0.9515	0.7317
4	9	0.9986	0.7823	0.6767
4	10	0.9995	0.2211	0.2583
4	11	1.0000	0.6608	0.4413
4	12	0.8498	0.4816	0.9018
5	6	0.9999	0.8609	0.4575
5	7	0.9990	0.5101	0.3355
5	8	0.9988	0.3759	0.4896
6	7	0.9987	0.9971	0.3228
6	8	0.9995	0.9758	0.2055
7	8	0.9994	0.5366	0.1909
7	11	0.9999	0.7340	0.8929
8	9	1.0000	0.9612	0.3181
8	11	1.0000	0.5532	0.4557
9	10	1.0000	0.5036	0.5766
9	11	0.9997	0.5891	0.2339
10	11	0.9988	0.8460	0.0389
11	12	1.0000	0.6411	0.7739
