0	1	0.9961	0.9654	0.0146
0	2	0.9993	0.9519	0.7726
0	3	1.0000	0.9950	0.7220
0	5	0.9961	0.9881	0.6540
0	6	0.9974	0.9967	0.5810
0	7	0.9980	0.9997	0.0926
1	2	1.0000	0.4769	0.5341
1	3	0.9963	0.1260	0.4427
1	4	0.5734	0.8126	0.2580
1	5	0.9950	0.0317	0.4140
1	6	0.9967	0.0201	0.3360
1	7	0.9987	0.0328	0.6349
1	12	0.7475	0.8661	0.5721
2	3	0.9994	0.5281	0.5998
2	4	1.0000	0.0302	0.0448
2	5	1.0000	0.7029	0.2574
2	6	1.0000	0.8369	0.1951
2	7	0.9999	0.4840	0.5409
3	4	0.9977	0.9969	0.3465
3	5	0.9997	0.4439	0.3768
3	6	1.0000	0.4568	0.3336
3	7	1.0000	0.8806	0.5368
4	5	0.9974	0.4513	0.1547
4	6	0.9991	0.5267	0.1801
4	7	1.0000	0.3105	0.4665
4	8	0.9988	0.9912	0.9868
4	9	0.9928	0.5501	0.0007
4	14	0.9961	0.9250	1.0000
4	15	1.0000	0.5343	0.9264
5	6	0.9887	0.5668	0.4564
5	7	0.9999	0.4653	0.4359
6	7	0.9998	0.4359	0.3049
7	14	1.0000	1.0000	0.5187
8	9	0.9980	0.6439	0.4057
8	10	0.9960	0.8153	0.0027
8	12	1.0000	0.1765	0.7773
8	13	1.0000	0.1335	0.9402
8	14	0.9966	0.4090	0.1279
8	15	0.6647	0.8209	0.0600
8	18	0.9999	0.5075	0.4257
8	26	0.9990	0.3334	0.2886
8	28	1.0000	0.5151	0.7075
8	29	1.0000	0.3129	0.9523
9	15	1.0000	0.4736	0.5459
9	18	0.9999	0.9258	0.0791
10	11	0.9996	0.5414	0.7082
10	14	0.8995	0.4263	0.9999
10	16	0.9992	0.0326	0.4758
10	18	0.9983	0.0027	0.6467
11	12	0.9967	0.8686	0.0048
11	14	0.9999	0.9996	0.9999
11	16	0.9999	0.0349	0.9980
12	13	0.9997	0.8022	0.8189
12	14	0.9002	0.6013	0.0022
12	18	0.8511	0.0219	0.8194
16	17	0.9987	0.0949	0.9767
16	18	1.0000	0.9983	0.7399
16	19	1.0000	0.0063	0.1101
16	22	0.5477	0.0707	0.4519
17	18	0.9979	0.3310	0.1937
17	19	0.9973	0.8217	0.3159
17	20	0.9991	0.2827	0.5687
17	21	0.9993	0.9989	0.4432
17	22	0.9999	0.8003	0.8217
17	23	0.9999	0.9244	0.0776
17	27	0.8982	0.2972	0.0041
18	19	1.0000	0.3347	0.6508
18	21	0.9994	0.0836	0.7736
18	22	0.9975	0.0671	0.5226
18	23	0.7973	0.1010	0.3332
18	24	0.8474	0.4951	0.5534
18	25	1.0000	0.7458	0.8190
18	26	1.0000	0.5488	0.5273
18	27	0.9985	0.2477	0.0160
18	28	0.9988	0.3675	0.1653
18	29	0.9987	0.5264	0.6320
19	20	0.9509	0.6131	0.7077
19	21	0.9976	0.3520	0.3048
19	22	0.9996	0.1194	0.9676
19	23	0.9994	0.5562	0.1884
19	24	1.0000	0.5328	0.6909
19	25	0.9985	0.9161	0.5325
19	26	0.9994	0.9886	0.8139
20	21	0.9973	0.8431	0.0188
20	23	0.9987	0.9825	0.0704
20	24	0.9983	0.7561	0.1838
20	27	0.9982	1.0000	0.1792
21	23	0.5514	0.4173	0.0790
22	23	0.8004	0.3118	0.0177
23	24	0.9468	0.4321	0.5307
24	25	0.9491	0.9871	0.4982
24	27	0.9965	0.3077	0.3030
25	26	0.9991	0.3907	0.4419
26	27	0.9999	0.8170	0.7137
26	28	0.9997	0.6715	0.7477
26	29	0.9949	0.4664	0.3012
28	29	1.0000	0.7929	0.9991
