0	1	0.8996	0.3732	0.4161
1	2	0.8992	0.1768	0.1396
1	4	1.0000	0.2885	0.9426
2	3	0.8500	0.9482	0.7031
2	4	0.9992	0.7412	0.7658
2	5	1.0000	0.6079	0.3544
2	7	0.9986	0.9449	0.7173
2	8	0.9991	0.4573	0.3156
2	10	0.5508	0.6382	0.8340
2	14	0.7003	0.3024	0.3437
2	18	0.5009	0.5097	0.8635
2	19	0.9491	0.3842	0.8640
3	4	0.9975	0.9538	0.0626
3	7	0.9495	0.7505	0.4227
3	8	0.7502	0.6577	0.9006
4	5	0.9982	0.8958	0.3200
4	7	0.9999	0.7306	0.7936
4	8	0.9995	0.6286	0.5189
4	14	0.5502	0.6250	0.8538
4	19	1.0000	0.4427	0.9965
4	20	0.7007	0.1016	0.7455
4	21	0.8502	0.4405	0.4645
5	7	0.9996	0.6507	0.8426
5	8	0.9992	0.5524	0.3775
5	14	0.5005	0.4120	0.2797
6	7	0.9001	0.9013	0.3135
6	8	0.8498	0.4420	0.9157
6	9	0.7998	0.4191	0.4081
6	10	1.0000	0.8420	0.5908
6	11	0.9996	0.8779	0.6191
6	12	0.7995	0.4507	0.2097
7	8	0.9496	0.6808	0.3434
7	10	0.6511	0.4321	0.8773
7	11	0.5998	0.6606	0.1312
8	9	0.9499	0.9766	0.3424
8	10	0.9989	0.8699	0.6753
8	11	0.9998	0.6090	0.3901
8	13	0.8496	0.8744	0.5941
8	14	0.9997	0.5961	0.4915
8	16	0.9987	0.6663	0.8030
8	19	0.9495	0.5505	0.6705
9	10	0.9980	0.5510	0.1684
9	11	0.9003	0.6935	0.9906
9	12	0.9982	0.8048	0.3766
10	11	0.9995	0.7365	0.5244
10	12	1.0000	0.1306	0.5765
10	13	0.9997	0.5664	0.5516
10	14	0.9986	0.8149	0.2798
11	12	0.9991	0.9966	0.3694
11	13	0.9992	0.5585	0.6008
11	14	0.9986	0.4011	0.4029
11	15	0.9000	0.8997	0.6195
12	13	0.9972	0.6067	0.1010
12	15	0.8993	0.7197	0.2486
13	14	0.9998	0.7941	0.3117
13	15	1.0000	0.4633	0.7676
13	16	0.9990	0.8853	0.0611
13	19	0.5046	0.7232	0.0138
14	15	0.9990	0.8187	0.5869
14	16	0.9985	0.4140	0.5542
14	17	0.7006	0.8636	0.4604
14	18	0.9491	0.9036	0.5919
14	19	0.9996	0.5219	0.4586
15	16	0.9996	0.7105	0.3701
15	18	1.0000	0.4723	0.6092
15	19	0.9480	0.5712	0.0203
16	17	0.9498	0.9310	0.4165
16	18	0.9984	0.7793	0.7688
16	19	1.0000	0.7754	0.4335
17	18	0.9945	0.9949	0.1653
17	19	0.9979	0.2824	0.8534
17	21	0.9978	0.5298	0.8486
18	19	0.9997	0.7201	0.1598
19	21	0.9495	0.9146	0.5731
20	21	0.5481	0.4533	0.2007
21	22	0.8487	0.8722	0.2341
21	23	0.8510	0.7405	0.4638
22	23	0.5002	0.5039	0.6373
23	24	0.9999	0.8046	0.6794
23	25	0.6507	0.5071	0.3589
24	25	0.6997	0.4530	0.5975
