0	1	0.9991	0.9998	0.0849
0	2	0.9993	0.5512	0.6715
0	3	0.9996	0.4217	0.3074
0	7	0.9994	0.0641	0.2627
0	9	1.0000	0.4079	0.6199
0	10	0.9991	0.0244	0.5396
0	11	0.9989	0.8111	0.0030
1	2	0.9980	0.4963	0.0994
1	7	0.9987	0.8311	1.0000
1	11	0.9996	0.4509	0.5467
1	14	0.9999	0.6774	0.9993
2	3	0.9993	0.5587	0.3431
2	6	0.9992	0.3611	0.4582
2	7	0.9999	0.4968	0.4790
2	8	0.7006	0.0105	0.9807
2	9	0.9985	0.5577	0.4692
2	10	0.9998	0.8809	0.9876
2	11	0.9998	0.2740	0.1900
3	4	0.9989	0.5035	0.4793
3	5	1.0000	0.0019	0.0006
3	6	0.9996	0.5050	0.2599
3	7	0.9994	0.2893	0.4380
3	8	0.9998	0.8052	0.8589
3	9	0.9989	0.5413	0.4992
3	10	1.0000	0.6094	0.9995
3	11	1.0000	0.5056	0.0327
4	5	0.9958	0.8765	0.5314
4	6	0.9989	0.6796	0.1161
4	7	0.9955	0.6704	0.6333
4	8	0.9005	0.1438	0.9339
4	9	0.9980	0.4946	0.3313
5	6	1.0000	0.9516	0.1027
6	7	0.9996	0.4494	0.5228
6	8	0.9999	0.0012	1.0000
6	9	1.0000	0.0000	0.2577
6	11	0.9001	0.0057	0.6763
7	8	1.0000	1.0000	0.9500
7	9	0.9999	0.7881	0.3525
7	11	0.9989	0.9987	0.4912
8	9	0.9998	0.9417	0.1874
8	11	1.0000	0.6139	0.8465
9	10	0.9973	0.8104	0.6596
9	11	0.9998	0.1308	0.2216
11	14	0.9999	0.9043	1.0000
12	14	0.9999	0.5019	0.5172
12	15	0.9977	0.8412	0.6034
12	17	0.9999	0.8970	0.6668
12	21	0.9996	0.5073	0.4895
12	22	0.9997	0.6984	0.5626
13	14	0.9985	0.6331	0.0380
13	20	0.9696	0.9061	0.4196
14	15	0.9998	0.4746	0.4241
14	17	0.9992	0.4579	0.8128
14	18	0.8002	0.4252	0.8299
14	19	0.9990	0.1856	0.5918
14	20	0.9995	0.0720	0.5950
14	21	0.9996	0.5288	0.5217
14	22	0.9994	0.3464	0.6970
15	16	0.9998	0.9221	0.3705
15	17	1.0000	0.7053	0.4319
15	18	0.9988	0.9151	0.7930
15	19	0.9997	0.8416	0.4725
15	20	0.9977	0.9889	0.5612
15	21	0.9992	0.4993	0.4615
15	22	0.9995	0.6809	0.4928
16	17	0.9996	0.7956	0.7637
17	18	0.9974	0.6735	0.9336
17	19	0.9987	0.5455	0.6117
17	20	0.9981	0.8312	0.9118
17	21	0.9978	0.3775	0.4011
18	21	0.9997	0.9885	0.2285
19	20	0.9999	0.7460	0.8762
19	21	0.9988	0.5439	0.2382
19	22	0.9992	0.4909	0.7083
20	21	0.9992	0.9593	0.0375
20	22	0.9996	0.9332	0.9918
21	22	0.9997	0.4580	0.4410
