0	1	0.9995	0.4901	0.5096
0	2	0.9996	0.4328	0.6069
0	3	1.0000	0.4529	0.6509
1	2	0.9986	0.5360	0.2956
1	3	1.0000	0.4848	0.7197
2	3	1.0000	0.7449	0.4591
2	7	0.9995	0.4561	0.4045
3	7	0.8502	0.5513	0.4040
3	13	0.6510	0.8366	0.3674
3	20	0.5009	0.7430	0.6040
4	5	0.9997	0.6808	0.3769
4	6	0.9995	0.5237	0.3842
4	8	0.9492	0.4846	0.5450
4	9	1.0000	0.6554	0.4690
4	11	0.9495	0.9741	0.6176
4	12	0.9997	0.5570	0.2689
5	6	0.9979	0.5886	0.0831
5	7	0.9003	0.5971	0.9062
5	8	0.9968	0.5885	0.0489
5	9	0.9999	0.3631	0.6526
5	12	0.9501	0.2377	0.6950
6	7	1.0000	0.8421	0.4158
6	8	0.9990	0.5277	0.5068
6	9	0.9988	0.4913	0.4048
7	8	1.0000	0.5370	0.5235
7	9	0.5010	0.5013	0.5978
8	9	0.7490	0.5621	0.2855
9	10	0.5992	0.7825	0.5535
9	11	0.9497	0.9240	0.5383
9	12	0.9995	0.6115	0.5106
9	13	0.5514	0.9747	0.1647
10	11	0.9967	0.8753	0.1254
10	12	0.9995	0.2618	0.8390
10	13	0.8987	0.4892	0.3328
11	12	0.9998	0.7151	0.4924
11	13	0.9995	0.4130	0.6199
11	14	0.9994	0.4192	0.5964
11	15	0.5215	0.4585	0.1242
11	19	0.9998	0.6800	0.7067
12	13	0.9996	0.7797	0.1816
12	15	0.6006	0.5540	0.3443
12	18	0.8987	0.5919	0.5568
12	19	1.0000	0.7000	0.4276
13	14	0.9980	0.7378	0.4153
13	15	0.8999	0.5863	0.3532
13	16	0.9993	0.4411	0.6077
13	18	0.8990	0.3834	0.6161
13	19	1.0000	0.5089	0.6590
14	15	0.8024	0.6523	0.1988
14	19	0.7499	0.6237	0.5382
15	16	0.9492	0.6849	0.5466
15	18	0.9987	0.8933	0.3861
15	19	0.9989	0.8420	0.4050
16	17	0.9984	0.6856	0.7093
16	18	0.9984	0.5241	0.5907
16	19	0.9995	0.5022	0.5031
16	20	0.9989	0.7207	0.5458
17	18	0.9989	0.7875	0.3813
17	19	0.7005	0.5444	0.4594
18	19	0.9994	0.5084	0.4616
18	20	0.8987	0.7276	0.1446
19	20	0.9498	0.8470	0.4356
