0	1	1.0000	0.7541	0.4039
0	2	0.9998	0.4951	0.5083
0	3	0.9988	0.8722	0.5761
0	4	1.0000	0.6257	0.3563
0	9	0.8003	0.8126	0.2091
0	14	0.8392	0.7327	0.4539
0	19	0.9996	0.6654	0.7150
0	21	0.5004	0.5266	0.2736
0	22	0.9993	0.4502	0.6045
1	2	1.0000	0.5859	0.5160
1	4	0.9994	0.3749	0.5369
1	9	0.9005	0.1485	0.1822
1	19	0.9002	0.3343	0.9165
1	20	0.9998	0.2628	0.5526
1	21	0.9974	0.5669	0.1729
1	22	0.9993	0.2073	0.1942
1	24	0.5503	0.0386	0.7414
2	3	0.9973	0.9209	0.5713
2	4	0.9989	0.7424	0.2632
2	22	0.5998	0.4692	0.3964
3	4	0.9992	0.5662	0.3913
3	5	0.8501	0.3356	0.5845
3	9	0.8998	0.3435	0.0355
4	5	0.9989	0.9756	0.2596
4	8	0.9482	0.6913	0.7591
4	9	0.9997	0.6970	0.3412
4	12	0.6999	0.8137	0.4849
4	13	0.7996	0.9266	0.5129
4	14	0.9982	0.8064	0.6264
4	19	0.9971	0.6881	0.7348
4	20	0.7493	0.7359	0.3877
4	22	0.9980	0.9242	0.5255
4	23	0.6996	0.5898	0.6475
5	6	0.9998	0.7695	0.4634
5	7	0.9997	0.4526	0.5543
5	8	0.9985	0.7535	0.1890
5	9	0.9994	0.1731	0.2495
5	13	0.5013	0.4921	0.3749
5	22	0.8502	0.3466	0.5010
5	24	0.7502	0.3847	0.6865
5	25	0.9498	0.5060	0.7711
5	26	0.8000	0.5982	0.5506
6	7	0.9499	0.4975	0.5781
6	8	0.9499	0.5579	0.3572
6	9	0.9490	0.5697	0.3141
6	10	0.6504	0.3916	0.2337
6	11	0.7505	0.6736	0.5808
6	13	0.9497	0.7069	0.3629
6	22	0.5008	0.4256	0.5107
6	24	1.0000	0.6660	0.8415
6	25	0.6002	0.6221	0.4714
7	8	0.9999	0.9008	0.1471
7	9	0.8493	0.2053	0.3530
7	22	0.9991	0.3862	0.2259
7	24	0.9997	0.3637	0.6846
7	25	0.9997	0.4831	0.4955
8	9	0.9980	0.9345	0.0179
8	12	0.5002	0.5922	0.2006
8	13	0.8004	0.3083	0.4447
8	23	0.9995	0.4471	0.7703
8	24	0.6005	0.4384	0.7888
8	25	0.9500	0.2345	0.6981
9	10	0.9993	0.8598	0.4843
9	11	0.7989	0.3402	0.6439
9	12	0.9992	0.7956	0.5263
9	13	0.9999	0.7390	0.4577
9	14	0.9995	0.8615	0.7178
9	15	0.8978	0.9434	0.2821
9	16	0.9990	0.9299	0.8792
9	19	0.9979	0.5490	0.6484
9	22	0.9992	0.1498	0.8058
9	23	0.9968	0.4685	0.7781
10	11	0.9994	0.6420	0.7512
10	12	0.9992	0.5046	0.4725
10	13	0.9999	0.7832	0.4931
10	14	0.9991	0.5123	0.5273
10	15	0.9981	0.8841	0.3770
10	16	0.9494	0.5781	0.5184
10	24	0.6999	0.4582	0.5710
11	12	0.9481	0.7663	0.2894
11	13	0.6006	0.5999	0.3516
11	14	0.9474	0.8773	0.2821
11	16	0.5716	0.8162	0.1627
11	24	0.7005	0.3361	0.8946
12	13	0.9999	0.6062	0.4936
12	14	0.9976	0.5108	0.5886
12	15	0.9984	0.9764	0.3212
12	16	0.9985	0.5263	0.5176
12	23	0.6983	0.4711	0.4794
13	14	0.9997	0.6887	0.6382
13	16	0.9484	0.6728	0.2592
13	24	0.8000	0.2923	0.7604
14	15	0.9971	0.9878	0.4075
14	16	0.9996	0.6078	0.5268
14	19	0.9997	0.8382	0.3308
14	22	0.5011	0.7002	0.6478
14	23	0.9992	0.7289	0.4147
15	16	1.0000	0.6530	0.6135
15	17	0.9533	0.3611	0.7188
15	18	0.9479	0.7123	0.5605
15	19	0.5001	0.2306	0.0856
15	24	0.5502	0.2418	0.6518
16	17	0.9977	0.9356	0.3470
16	18	0.7502	0.6398	0.8232
16	19	0.9999	0.8058	0.4825
16	22	0.9995	0.7217	0.9023
16	23	0.9999	0.7308	0.4436
16	24	0.9983	0.8000	0.5971
17	18	0.9993	0.4230	0.3280
17	19	0.9999	0.1346	0.4559
17	22	0.8504	0.2495	0.6525
17	23	0.5004	0.2213	0.5333
18	19	0.9981	0.7855	0.1325
18	22	0.9992	0.0708	0.9435
18	23	0.8978	0.7606	0.2577
19	21	0.9497	0.8814	0.5109
19	22	0.9998	0.3024	0.7922
20	21	0.9983	0.8310	0.5281
20	22	0.9999	0.6089	0.5039
21	22	0.9984	0.9885	0.1169
22	23	0.9993	0.8914	0.5375
22	24	0.8500	0.7292	0.5535
22	25	0.9994	0.8749	0.8116
22	26	0.7997	0.7960	0.4757
23	24	0.8501	0.9029	0.2271
24	25	0.9986	0.9279	0.4043
24	26	1.0000	0.9136	0.4185
25	26	0.8000	0.8317	0.2029
