0	1	0.8997	0.9987	0.4189
0	2	0.9991	0.8264	0.3082
0	3	0.9992	0.0841	0.7931
0	4	0.9996	0.5099	0.6763
0	5	0.8999	0.9502	0.2905
0	8	0.9996	0.6756	0.7481
0	9	0.9999	0.6123	0.5264
0	10	0.7498	0.9345	0.0099
0	19	0.9992	0.6582	0.4591
0	20	1.0000	0.1101	0.8996
1	2	0.9964	0.7052	0.0218
1	6	0.9984	0.5822	0.2936
1	8	0.8500	0.7665	0.2982
1	9	0.9505	0.5297	0.9989
2	3	0.9952	0.9727	0.5295
2	4	0.9985	0.5541	0.4822
2	9	1.0000	0.3085	0.9869
2	17	0.5510	0.0975	0.9552
2	19	0.8011	0.0984	0.9603
2	20	0.9989	0.5466	0.2533
2	21	0.9999	0.0870	0.9211
3	4	0.9960	0.6357	0.0475
3	20	0.9997	0.3964	0.9408
4	7	0.7485	0.9709	0.2607
4	8	0.9981	0.9728	0.8838
5	6	0.9997	0.8138	0.5212
5	7	0.7498	0.6477	0.3836
5	8	0.9997	0.7871	0.1881
5	9	0.6006	0.3414	0.8307
5	10	0.9971	0.6475	0.0107
6	7	0.9962	0.9120	0.5148
6	8	0.6005	0.7461	0.2997
7	8	0.9987	0.8010	0.3535
8	9	1.0000	0.8267	0.3930
8	10	0.9989	0.4584	0.2335
8	12	0.6008	0.2651	0.5339
8	19	0.5014	0.7352	0.1746
9	10	0.9998	0.8280	0.1429
9	17	0.9999	0.7947	0.6547
9	19	0.9999	0.5519	0.5335
9	20	0.9999	0.5662	0.9574
10	11	0.9996	0.5468	0.3689
10	12	1.0000	0.2021	0.5325
10	13	0.9974	0.5050	0.1027
10	16	0.7995	0.4675	0.4626
10	17	0.9991	0.3417	0.3517
10	19	1.0000	0.1847	0.7357
11	12	0.9998	0.7545	0.5976
11	13	0.9999	0.5505	0.4793
11	14	0.7997	0.8191	0.1097
11	16	1.0000	0.6171	0.6687
11	17	1.0000	0.6599	0.4615
11	18	0.9994	0.9151	0.6933
11	19	0.9995	0.5565	0.4662
11	20	0.5007	0.2485	0.8016
11	22	0.6999	0.2448	0.7990
12	13	1.0000	0.6324	0.4891
12	17	1.0000	0.3915	0.6204
12	19	0.5004	0.2496	0.5919
12	22	0.7003	0.4160	0.2922
13	14	0.9993	0.9186	0.4591
13	15	1.0000	0.9913	0.8429
13	16	0.9998	0.5189	0.5071
13	17	0.9991	0.4922	0.4982
13	18	0.9993	0.9099	0.4329
13	19	0.8997	0.2491	0.3800
13	22	0.8006	0.0829	0.6043
14	15	0.9979	0.9280	0.5712
14	17	0.6511	0.0149	0.7489
14	18	0.9491	0.4626	0.1838
14	22	0.6509	0.2056	0.4106
15	16	0.6003	0.9269	0.0124
16	17	0.9974	0.4220	0.0300
16	18	0.9991	0.2039	0.7461
16	19	0.5505	0.4741	0.0786
17	18	1.0000	0.6533	0.4205
17	19	0.9996	0.4904	0.5706
17	20	0.9987	0.8985	0.7234
18	19	1.0000	0.6581	0.5271
18	20	1.0000	0.2051	0.7017
18	22	0.6503	0.5839	0.8360
19	20	0.9990	0.8800	0.8915
20	21	1.0000	0.4857	0.9152
22	23	0.9975	0.9793	0.6167
