0	1	1.0000	0.8490	0.4769
0	2	0.9993	0.4849	0.4640
0	3	0.9494	0.9308	0.4538
0	4	0.9996	0.5941	0.5486
0	5	1.0000	0.3524	0.6579
0	6	0.9999	0.5532	0.5641
0	7	0.9995	0.6314	0.5619
0	8	0.8501	0.5761	0.3582
0	17	0.8500	0.4324	0.5891
1	2	0.9987	0.7405	0.2376
1	3	0.9500	0.4236	0.7369
1	4	0.8499	0.7509	0.3800
1	6	0.9499	0.6454	0.8682
1	7	0.7496	0.7183	0.4682
1	8	0.9934	0.5609	0.2594
1	16	0.5002	0.3248	0.6148
1	17	0.6003	0.8094	0.3358
2	3	0.9995	0.6496	0.5030
2	4	0.9996	0.5158	0.4672
2	5	0.9995	0.5194	0.6202
2	6	0.9986	0.3583	0.2827
2	7	0.7483	0.4291	0.5445
2	17	0.8495	0.2143	0.5206
3	4	0.9995	0.6762	0.5736
3	6	0.7997	0.7641	0.7083
4	5	0.9995	0.6506	0.6084
4	6	0.7990	0.4893	0.3289
4	17	0.5500	0.2964	0.5941
5	6	0.9999	0.7129	0.1878
5	7	0.9998	0.5502	0.7682
6	7	0.9977	0.8433	0.5881
6	8	0.7012	0.4848	0.0717
6	17	0.9491	0.4866	0.6438
7	8	0.9973	0.6820	0.0745
7	15	0.9983	0.6033	0.4685
7	17	0.8493	0.6115	0.5803
8	9	0.9996	0.6099	0.5696
8	10	0.9984	0.6109	0.5741
8	11	0.8990	0.4381	0.4170
8	12	0.9983	0.8661	0.1638
8	13	0.6000	0.6543	0.1069
8	14	0.7996	0.5082	0.3680
8	15	0.9988	0.4562	0.4559
8	16	0.9982	0.6022	0.3429
8	17	0.9992	0.2433	0.4602
9	10	0.9940	0.5087	0.5407
9	11	0.9981	0.5708	0.5582
9	12	0.9993	0.2997	0.5210
9	13	0.8994	0.9453	0.4481
9	14	0.8996	0.7516	0.6450
9	15	0.9994	0.4762	0.4616
9	16	0.6009	0.2806	0.3448
9	17	0.9999	0.6689	0.4701
10	11	0.9992	0.6578	0.5464
10	12	0.9994	0.4519	0.5912
10	13	0.8489	0.9370	0.2322
10	15	0.9489	0.4409	0.4340
10	17	0.7526	0.5669	0.4703
11	12	0.9990	0.9684	0.4509
11	15	0.9485	0.5102	0.5030
11	17	0.8994	0.5575	0.4121
12	13	0.8997	0.7648	0.1237
12	14	0.9984	0.5096	0.1619
12	15	0.9990	0.3134	0.4082
12	16	0.9488	0.0880	0.9286
12	17	0.5506	0.4685	0.4174
13	14	0.9487	0.5156	0.8651
13	15	0.8001	0.3531	0.2982
14	15	0.8476	0.7285	0.0653
15	16	0.9985	0.8457	0.5578
15	17	0.9991	0.5417	0.3503
16	17	0.9976	0.6032	0.0900
