0	1	0.9995	0.6187	0.5077
0	2	0.7499	0.5757	0.6880
0	3	0.8503	0.5659	0.5796
0	4	0.8503	0.7255	0.4273
0	25	0.5567	0.4022	0.2632
0	26	0.9992	0.6104	0.7590
0	27	0.9987	0.8251	0.1369
0	32	0.9986	0.5213	0.7067
0	33	0.9993	0.6202	0.3576
1	3	0.9988	0.4861	0.6019
1	4	0.8496	0.4701	0.5895
1	5	0.6584	0.6023	0.5632
1	23	0.5975	0.3824	0.5353
1	26	0.9989	0.7393	0.8122
1	27	0.9994	0.7765	0.3620
1	32	0.8994	0.7261	0.8546
1	33	0.9994	0.7563	0.5235
2	3	0.9998	0.5388	0.5875
2	4	0.9497	0.5990	0.5487
2	5	0.8497	0.4947	0.6055
2	6	0.7506	0.4212	0.7159
2	26	0.7998	0.4255	0.7551
2	27	0.9000	0.6788	0.2802
2	32	0.6222	0.5270	0.6515
2	33	0.6999	0.5775	0.4620
3	4	0.9999	0.6765	0.5687
3	5	0.9999	0.6230	0.6764
3	6	0.9996	0.6858	0.8351
4	5	0.9999	0.6365	0.6364
4	6	0.9999	0.5936	0.7323
4	7	0.9992	0.6107	0.3730
4	8	0.8499	0.5588	0.5442
5	6	0.9999	0.5939	0.5403
5	7	0.9995	0.7265	0.4632
5	8	0.9992	0.6456	0.6082
6	7	0.9992	0.7813	0.3789
6	8	0.9998	0.6974	0.4929
6	9	0.6005	0.2806	0.3875
6	10	0.8990	0.4438	0.4265
6	11	0.9988	0.5582	0.3736
6	12	0.6500	0.4782	0.3793
7	8	0.9989	0.4388	0.4651
8	10	0.5013	0.6662	0.3130
9	10	0.8504	0.6105	0.2868
9	11	0.7998	0.4783	0.4809
9	12	0.8991	0.3490	0.4538
9	13	0.7504	0.5594	0.5641
10	11	0.7987	0.5431	0.3734
10	12	0.9985	0.5068	0.5481
10	13	0.8998	0.5379	0.4551
10	14	0.7484	0.3504	0.5090
11	12	0.9983	0.4741	0.5428
11	13	0.8995	0.6096	0.5261
11	14	0.9977	0.5609	0.6584
11	16	0.7498	0.3672	0.3352
11	17	0.6000	0.4821	0.5375
12	13	0.9985	0.6174	0.5302
12	14	0.9481	0.4491	0.6021
12	16	0.9988	0.4492	0.4047
12	17	0.6008	0.4970	0.5587
13	14	0.9987	0.6958	0.6192
13	15	0.6526	0.4686	0.4303
13	16	0.9991	0.5194	0.4909
13	17	0.7997	0.4851	0.5214
13	18	0.5513	0.5016	0.4528
13	19	0.5017	0.5710	0.3621
14	15	0.9493	0.5645	0.5455
14	16	0.9993	0.5842	0.4736
14	17	0.9980	0.6559	0.6099
14	18	0.9479	0.6603	0.5157
14	19	0.7004	0.6287	0.5590
15	16	0.6001	0.4848	0.6156
15	17	0.7002	0.5634	0.6772
15	19	0.5009	0.4162	0.4028
16	17	0.9976	0.5628	0.6122
16	18	0.9990	0.5999	0.4994
16	19	0.9992	0.5311	0.4930
17	18	0.9996	0.5981	0.5427
17	19	0.9492	0.6118	0.5067
17	20	0.6498	0.6231	0.5765
17	22	0.6501	0.6048	0.5378
18	19	0.9498	0.6279	0.4754
18	20	0.8490	0.6202	0.5241
18	21	0.7507	0.6684	0.3767
18	22	0.6001	0.6115	0.4785
19	20	0.8998	0.6609	0.5478
19	21	0.8001	0.6687	0.4475
19	23	0.6507	0.8422	0.3946
19	24	0.6006	0.7262	0.3324
20	21	0.7009	0.5633	0.4573
20	22	0.6502	0.5478	0.5977
20	23	0.8499	0.6534	0.5836
20	24	0.5508	0.3470	0.4203
21	22	0.9990	0.6272	0.5897
21	23	0.9990	0.6082	0.5042
21	24	0.9996	0.6945	0.6778
21	25	0.9998	0.6987	0.5470
21	26	0.5997	0.5346	0.4792
22	23	0.9992	0.6699	0.5394
22	24	0.9985	0.6401	0.6484
22	25	0.9998	0.6742	0.5178
22	27	0.5244	0.6447	0.3360
23	24	0.9980	0.5505	0.6317
23	25	0.9995	0.5498	0.5361
23	26	0.9500	0.5790	0.5970
23	27	0.9980	0.5014	0.4442
23	28	0.7001	0.4777	0.3281
23	32	0.6983	0.2567	0.4155
24	25	0.9998	0.5455	0.5001
24	26	0.9987	0.6637	0.6363
24	27	0.7006	0.7065	0.5058
24	32	0.5505	0.3706	0.3567
25	26	0.9985	0.5458	0.6859
25	27	0.9989	0.6288	0.4907
25	28	0.9497	0.7642	0.2101
25	30	0.7014	0.4267	0.5375
25	32	0.6500	0.5381	0.5818
26	27	0.9994	0.7394	0.5356
26	28	0.8509	0.7323	0.3138
26	32	0.9001	0.6202	0.5670
27	28	0.9998	0.9844	0.1426
27	31	0.5006	0.4215	0.3141
27	32	0.9488	0.5175	0.5066
28	29	0.9994	0.6942	0.6694
28	30	0.8499	0.4279	0.4421
28	31	0.5502	0.2708	0.6959
28	32	0.9996	0.2603	0.7265
28	33	0.8506	0.2035	0.9312
28	35	0.5025	0.7775	0.2173
29	30	0.9981	0.7492	0.1400
29	34	0.9486	0.5683	0.4348
29	35	0.7504	0.5584	0.6122
29	36	0.6503	0.5412	0.5477
30	31	0.9493	0.9032	0.2900
30	32	0.7995	0.6841	0.2873
31	32	0.7500	0.5942	0.3077
31	33	0.9986	0.7878	0.4125
32	33	0.9995	0.6346	0.5083
33	34	0.9000	0.9865	0.2371
34	35	0.9493	0.4917	0.3860
34	36	0.5503	0.4725	0.2977
35	36	0.9998	0.7492	0.3810
35	37	0.9501	0.8418	0.4751
35	38	0.9999	0.6388	0.4759
36	37	0.9499	0.6062	0.4997
36	38	0.9995	0.5758	0.4963
36	39	0.9998	0.6073	0.4451
37	38	0.9001	0.6842	0.6369
37	39	0.9500	0.7687	0.4964
38	39	1.0000	0.6850	0.5667
38	41	0.5007	0.6070	0.4748
39	40	0.7502	0.6307	0.7991
39	41	0.9499	0.5401	0.3386
40	41	0.9990	0.8246	0.1709
41	42	0.9999	0.6570	0.5173
41	43	0.9503	0.8645	0.3086
41	44	0.6500	0.6122	0.4948
41	45	0.5509	0.6165	0.3891
42	43	0.9999	0.9549	0.2978
42	44	0.9998	0.7553	0.4387
43	44	0.9490	0.4741	0.2918
43	45	0.7011	0.4930	0.2627
43	46	0.6502	0.7237	0.2079
44	45	0.8998	0.5853	0.4947
44	46	0.7500	0.6621	0.4874
45	46	0.9999	0.6377	0.4768
45	47	0.7000	0.7505	0.2925
46	47	0.9981	0.7194	0.4988
46	48	0.6999	0.5084	0.3526
46	49	0.7503	0.4883	0.6361
48	49	0.9496	0.6023	0.5243
48	50	0.9498	0.4637	0.6332
48	51	0.9501	0.6319	0.5778
48	52	0.6007	0.6272	0.4276
48	53	0.7003	0.5938	0.3872
49	50	0.7002	0.5336	0.4598
49	51	0.8541	0.5135	0.5667
49	53	0.8998	0.6198	0.3948
50	51	0.9989	0.5583	0.6023
50	52	0.6502	0.5339	0.4286
50	53	0.5001	0.7485	0.1527
51	52	0.7177	0.5292	0.4815
51	53	0.8499	0.7408	0.3581
52	53	0.9994	0.7355	0.3691
52	54	0.7999	0.6597	0.4667
53	54	1.0000	0.7192	0.5043
53	55	0.9993	0.6897	0.5735
54	55	0.9998	0.6197	0.5651
54	56	0.9495	0.4540	0.6196
54	57	0.8003	0.4877	0.5810
55	56	1.0000	0.6526	0.4838
55	57	0.9501	0.5092	0.7067
55	58	0.7998	0.6583	0.5606
56	57	0.9996	0.6423	0.6532
56	58	0.9000	0.6466	0.5611
57	58	0.9998	0.6441	0.5247
57	59	0.5505	0.5041	0.4389
58	59	0.9000	0.5966	0.5596
59	60	1.0000	0.6916	0.6212
59	61	0.8502	0.6507	0.4800
59	62	0.6008	0.5811	0.3764
59	63	0.6509	0.5818	0.4214
60	61	0.7997	0.6806	0.5137
60	62	0.9998	0.8026	0.5630
60	63	0.7534	0.5197	0.4936
61	62	0.9500	0.5998	0.5538
61	63	0.9012	0.5519	0.4560
62	63	0.9997	0.7576	0.4264
