0	1	0.9984	0.8228	0.6845
0	2	0.9987	0.6719	0.7694
0	3	0.8998	0.5432	0.4124
0	4	0.9991	0.7515	0.6453
0	5	0.8499	0.5371	0.4125
0	7	0.8991	0.4320	0.3398
0	8	0.7498	0.5755	0.5403
0	11	0.8004	0.4677	0.5861
0	13	0.7504	0.5979	0.4507
0	21	0.5996	0.3642	0.3795
1	2	0.9484	0.9559	0.3231
1	3	0.7509	0.3257	0.4368
2	3	0.9984	0.4706	0.1890
2	4	0.9484	0.7094	0.7499
3	4	0.9970	0.4588	0.5430
3	5	0.9967	0.3903	0.5151
3	6	0.5503	0.4322	0.5499
3	8	0.8981	0.5261	0.5594
4	5	0.9997	0.7300	0.5554
4	6	0.9988	0.6052	0.6596
4	7	0.9497	0.5909	0.4820
4	8	0.9993	0.7111	0.5677
5	6	0.9993	0.7772	0.5422
5	7	0.9994	0.5290	0.5121
5	8	0.9493	0.5611	0.4839
6	7	0.9981	0.6372	0.2415
6	8	0.9993	0.4481	0.4717
6	11	0.9982	0.8466	0.5639
6	13	0.5501	0.6579	0.3594
6	15	0.5005	0.4838	0.5644
6	18	0.8002	0.4053	0.5671
7	8	0.9993	0.5750	0.5376
9	10	0.7993	0.7764	0.5528
9	15	0.6509	0.5352	0.5302
10	11	0.9983	0.7146	0.1864
10	14	0.6009	0.4196	0.4495
11	12	0.9000	0.6725	0.4262
11	13	0.8999	0.5652	0.5807
11	14	0.7005	0.3785	0.5411
11	15	0.8990	0.5363	0.3472
11	18	0.6009	0.6466	0.4008
11	21	0.7005	0.5133	0.3703
12	13	0.9991	0.8272	0.4020
12	14	0.5007	0.5266	0.5714
12	19	0.9997	0.6127	0.5714
12	20	0.6006	0.5324	0.4200
12	21	0.9498	0.8237	0.3492
12	22	0.6498	0.6949	0.6445
13	14	0.6002	0.7162	0.3987
13	21	0.7503	0.6269	0.4227
14	15	0.7995	0.7850	0.2034
14	17	0.6001	0.8793	0.2119
14	18	0.6504	0.7431	0.3744
14	19	0.6001	0.7769	0.7757
14	21	0.6855	0.5699	0.4687
15	16	0.8489	0.6428	0.5874
15	17	0.9986	0.7595	0.7274
15	18	0.8990	0.5418	0.4889
16	17	0.6004	0.6422	0.5617
16	18	0.9487	0.5489	0.0867
17	18	0.9975	0.7575	0.0837
18	19	0.8001	0.6376	0.2098
18	20	0.5003	0.6752	0.3381
19	20	1.0000	0.8613	0.2536
19	21	1.0000	0.8757	0.2940
19	22	0.6470	0.6458	0.2612
20	21	0.9496	0.4678	0.3962
20	22	0.9995	0.3626	0.3863
21	22	1.0000	0.4905	0.5288
