0	1	0.9988	0.5759	0.6432
0	2	0.8994	0.3710	0.4513
0	3	0.8002	0.4367	0.4763
0	4	0.7000	0.3853	0.5263
0	5	0.9996	0.5274	0.4905
0	19	0.7000	0.6636	0.3930
1	2	0.9495	0.6769	0.4574
1	3	0.5506	0.3938	0.3925
1	4	0.6008	0.4893	0.5021
1	5	0.6497	0.4910	0.3954
1	19	0.9994	0.6574	0.3387
1	20	0.5007	0.2724	0.2733
1	24	0.5998	0.7371	0.5552
2	3	0.8003	0.8053	0.4749
2	4	0.7005	0.6998	0.4861
2	5	0.7004	0.4704	0.2957
2	17	0.8494	0.6509	0.4165
2	18	0.8488	0.5162	0.7127
2	19	0.9977	0.5168	0.6859
2	20	0.8494	0.7004	0.5045
2	21	0.8994	0.7502	0.5552
3	4	0.9976	0.8623	0.3068
3	5	0.9487	0.5464	0.3268
3	6	0.7495	0.7116	0.6426
4	5	0.9993	0.7517	0.2165
4	6	0.9995	0.6866	0.4318
4	7	0.9991	0.5820	0.4621
4	9	0.8461	0.5825	0.1804
4	11	0.5006	0.5041	0.3175
5	6	0.9998	0.6970	0.4602
5	7	0.9979	0.7701	0.4541
5	8	0.9991	0.5355	0.5094
5	9	0.9998	0.6929	0.2558
5	19	0.8509	0.4211	0.2527
6	7	0.9988	0.8155	0.5942
6	8	0.9982	0.5229	0.4967
6	9	0.9000	0.6539	0.3677
7	8	0.9479	0.8319	0.2730
7	9	0.9981	0.6185	0.2913
8	9	0.8990	0.4710	0.0581
9	10	0.8999	0.9154	0.2818
9	14	0.6430	0.6243	0.5683
9	18	0.5515	0.4995	0.3777
10	11	0.9003	0.6317	0.4028
10	12	0.6503	0.6092	0.5714
10	14	1.0000	0.6894	0.3865
11	12	0.9990	0.6626	0.4167
11	14	0.9997	0.5688	0.4633
12	13	0.9989	0.6296	0.8398
12	14	0.9995	0.5346	0.2660
13	14	0.9958	0.9813	0.0540
14	15	0.9984	0.6524	0.6732
14	16	0.8982	0.7346	0.2252
14	18	0.6006	0.7348	0.3068
14	20	0.8987	0.4180	0.7206
15	18	0.6505	0.6854	0.5588
16	17	0.9495	0.8312	0.4373
16	18	0.7999	0.7630	0.4829
16	19	0.7497	0.8318	0.3964
16	20	0.5506	0.4915	0.6257
16	21	0.6501	0.6468	0.2583
17	18	0.9989	0.4589	0.5746
17	19	0.9985	0.4926	0.4806
17	20	0.9497	0.1715	0.7116
17	21	0.8497	0.3497	0.4071
17	22	0.5003	0.5380	0.4082
17	23	0.5007	0.6117	0.2476
18	19	0.9996	0.5999	0.3513
18	20	0.9996	0.3053	0.6504
18	21	0.7503	0.4336	0.5453
19	20	0.8994	0.8517	0.6233
19	21	0.9495	0.7349	0.5954
19	23	0.7999	0.4691	0.4052
20	21	0.9988	0.7830	0.2963
21	22	0.9989	0.7435	0.3831
21	23	1.0000	0.7131	0.5204
21	24	0.9991	0.8155	0.4466
22	23	0.9996	0.5785	0.4903
22	24	0.9994	0.6634	0.5667
23	24	0.9999	0.5154	0.4768
