0	1	0.9987	0.8102	0.2536
0	2	0.9010	0.7239	0.6551
0	3	0.5500	0.5103	0.4189
1	2	0.9500	0.7001	0.3252
1	3	0.9990	0.7349	0.8901
1	4	0.9997	0.7671	0.8111
1	5	0.9985	0.8558	0.5658
1	9	0.5994	0.4954	0.3611
1	14	0.7373	0.7604	0.4243
1	21	0.9500	0.6149	0.6773
1	22	0.6508	0.6934	0.6119
1	23	0.6490	0.6826	0.9190
1	24	0.6499	0.7361	0.8190
1	25	0.9993	0.9467	0.9014
2	3	0.9972	0.9888	0.4512
2	4	0.9989	0.6434	0.4075
2	5	0.5708	0.7909	0.5328
2	25	0.5499	0.8406	0.6477
3	4	0.9967	0.9618	0.0133
3	5	0.9485	0.9094	0.7525
4	5	0.9997	0.6498	0.4066
4	9	0.8997	0.2980	0.2587
4	14	0.7079	0.2880	0.3241
4	16	0.8499	0.1303	0.1944
4	20	0.8507	0.3217	0.6229
4	21	0.9977	0.9181	0.2682
4	22	0.8025	0.6955	0.7686
4	24	0.9494	0.4531	0.5434
4	25	0.9997	0.8053	0.5521
5	6	0.9978	0.9415	0.5915
5	9	0.9993	0.5672	0.5438
5	14	0.9989	0.4306	0.4622
5	16	0.6997	0.4709	0.4248
5	20	0.7989	0.6788	0.6777
5	24	0.9488	0.3040	0.6550
5	25	0.9999	0.2773	0.9284
6	7	1.0000	0.6486	0.4006
6	8	0.6506	0.4915	0.3591
6	9	1.0000	0.5970	0.4760
6	10	0.5012	0.3694	0.2439
6	11	0.7997	0.6380	0.3668
6	12	0.8504	0.6005	0.5307
6	14	0.9992	0.5392	0.4541
7	8	0.9995	0.7126	0.3479
7	10	0.9498	0.5595	0.6840
7	11	0.6499	0.5988	0.4286
7	12	0.9999	0.5101	0.4831
7	14	0.7009	0.6402	0.3713
8	10	0.9999	0.1806	0.6708
8	11	0.8522	0.2580	0.4406
8	12	0.7999	0.3726	0.6052
8	13	0.9500	0.4926	0.5379
8	14	0.5009	0.5853	0.3346
9	10	0.9482	0.6639	0.1146
9	14	1.0000	0.5163	0.5259
9	15	0.6001	0.5859	0.7339
9	16	0.8995	0.4488	0.4392
10	11	0.9978	0.8798	0.3139
10	12	0.9997	0.7652	0.5956
10	13	0.7986	0.5444	0.3825
10	14	0.9996	0.1477	0.6365
10	16	0.5002	0.2037	0.6567
11	12	1.0000	0.5528	0.4066
11	13	0.8006	0.4478	0.4609
12	13	0.9999	0.6208	0.3830
13	14	0.9998	0.6600	0.4249
13	16	0.9999	0.6129	0.4569
13	19	0.7494	0.6870	0.3243
14	15	0.9981	0.6449	0.4686
14	16	0.9991	0.5145	0.4302
14	20	0.8494	0.4895	0.4908
14	25	0.8981	0.3218	0.7725
15	16	0.8970	0.8508	0.1512
15	20	0.8477	0.9170	0.2544
15	25	0.5997	0.8875	0.8876
16	17	0.8001	0.8807	0.4759
16	18	0.5511	0.7359	0.6161
16	19	1.0000	0.5496	0.5353
16	20	0.9994	0.4669	0.4416
16	24	0.9491	0.3459	0.3469
16	25	0.9987	0.5446	0.7664
17	18	1.0000	0.6933	0.3159
17	19	0.9483	0.6515	0.5287
17	20	1.0000	0.4780	0.8700
17	22	0.6005	0.4035	0.4848
17	23	0.7992	0.4184	0.6396
17	24	0.9490	0.5443	0.2381
17	25	0.8001	0.6165	0.7268
18	19	0.9983	0.7577	0.3665
18	20	0.9999	0.6004	0.6467
18	24	0.9990	0.7314	0.2273
18	25	0.9997	0.8326	0.9236
19	20	1.0000	0.5880	0.5044
19	25	0.7003	0.3425	0.6979
20	21	0.9500	0.8602	0.1757
20	24	1.0000	0.6016	0.3477
20	25	0.9985	0.6542	0.7814
21	22	0.7032	0.5582	0.3975
21	23	0.9991	0.1444	0.7067
21	24	0.9997	0.3301	0.3634
21	25	0.9999	0.4468	0.6313
22	23	0.8976	0.9300	0.7717
22	24	0.9999	0.7895	0.3870
22	25	1.0000	0.8655	0.6244
23	24	0.9973	0.5785	0.1075
23	25	0.9976	0.8847	0.7356
24	25	0.9997	0.5074	0.5430
