0	1	0.9991	0.5115	0.4304
0	4	0.9979	0.1230	0.6601
0	7	0.9996	0.3245	0.3475
0	8	1.0000	0.9586	0.3593
0	9	0.9998	0.9914	0.9990
0	10	1.0000	0.4211	0.4730
0	11	0.9492	0.3276	0.3963
0	12	0.9999	0.5267	0.4938
0	13	0.5429	0.1510	0.0257
1	2	0.9986	0.9041	0.0008
1	3	0.9972	0.5447	0.0586
1	4	0.9998	0.4479	0.3210
1	7	0.9951	0.1488	0.7049
1	8	0.9996	0.0716	0.2043
1	10	0.8500	0.5237	0.2639
1	11	0.5493	0.8478	0.5357
1	12	0.9998	0.5365	0.4383
1	13	1.0000	0.4957	0.4779
1	14	0.9987	0.4496	0.4850
2	4	0.7003	0.4395	0.8938
2	5	0.9957	0.4322	0.0189
3	4	1.0000	0.7827	0.4589
3	5	0.9999	0.9472	0.1582
3	13	0.6993	0.1809	0.3818
3	14	0.5043	0.5540	0.1576
4	5	0.9999	0.6138	0.2561
4	6	0.9967	0.1205	0.3353
4	7	0.9987	0.4361	0.3771
4	8	0.9998	0.3270	0.8763
4	10	0.9987	0.9654	0.8858
4	13	1.0000	0.0367	0.8147
4	14	1.0000	0.0613	0.0461
5	6	0.9991	0.5385	0.5903
5	7	0.9993	0.1889	0.0807
6	7	1.0000	0.2894	0.5564
6	8	1.0000	0.3060	0.6868
6	9	0.9949	0.3909	0.0584
7	8	0.9998	0.5571	0.5659
7	10	0.9992	0.2758	0.5345
7	11	0.8597	0.0846	0.0209
7	13	0.9986	0.9757	1.0000
7	14	0.9991	0.9698	0.0043
8	9	0.9969	0.7289	0.5403
8	10	0.9998	0.6620	0.2207
8	11	0.8339	0.9309	0.2840
8	13	0.9998	0.0397	0.9461
9	10	0.9999	0.9637	0.0757
10	11	0.9998	0.4826	0.3802
10	12	0.9994	0.3289	0.7001
11	12	1.0000	0.5630	0.6928
12	13	0.9983	0.2972	0.3087
12	14	0.9999	0.3147	0.6887
13	14	1.0000	0.4584	0.5570
