0	1	0.9499	0.9602	0.6442
0	3	0.7005	0.5423	0.1401
0	6	1.0000	0.3676	0.9122
0	7	0.9982	0.4118	0.0890
0	12	0.9494	0.8672	0.9898
0	17	0.8504	0.0040	0.5679
0	18	0.9983	0.2829	0.2388
0	25	0.9988	0.9985	0.9992
0	26	1.0000	0.6575	0.4648
0	28	1.0000	0.3598	0.9764
1	2	0.9999	0.9840	0.1921
1	3	0.9999	0.6045	0.7175
1	4	0.9998	0.4273	0.5700
1	7	1.0000	0.5214	0.6544
1	26	0.8987	0.6989	0.2865
2	3	0.9994	1.0000	0.0098
2	4	0.9990	0.2035	0.8541
2	7	0.9974	1.0000	0.0024
3	4	0.9985	0.7832	0.2643
3	5	0.9969	0.7067	0.6801
3	6	0.9986	0.5242	0.7825
3	7	0.9991	0.5515	0.4964
3	14	0.8991	0.5017	0.4528
3	26	1.0000	0.9720	0.0827
4	5	1.0000	0.0550	0.5895
4	7	1.0000	0.2568	0.8590
5	6	0.9995	0.9993	0.4404
5	7	0.9978	0.8665	0.7297
5	26	0.9993	0.9989	0.0352
6	7	1.0000	0.6924	0.2785
6	11	0.9993	0.0604	0.1178
6	17	0.9000	0.9736	0.4268
6	18	1.0000	0.4937	0.5201
6	26	0.9979	0.3164	0.3194
6	27	1.0000	0.0920	0.8910
6	28	1.0000	0.3547	0.5638
7	8	0.6514	0.9792	0.0325
7	14	0.9977	0.6550	0.6857
7	18	0.6008	0.4291	0.2916
7	26	0.9980	0.9389	0.0532
8	9	0.9987	0.9909	0.2114
9	10	0.9990	0.4906	0.3621
9	23	0.7493	0.5905	0.0075
10	11	0.8496	0.7026	0.0932
10	23	0.9994	0.7091	0.0317
11	12	0.9971	0.6353	0.1064
11	19	0.9987	0.4438	0.4340
11	20	0.9961	0.7332	0.0045
11	23	1.0000	0.7553	0.1336
11	26	0.9500	0.0549	0.7760
11	27	0.9999	0.1876	0.9637
11	28	0.5015	0.1560	0.0820
12	15	0.9997	0.3845	0.7755
12	20	0.5508	0.0606	0.3144
12	21	0.7180	0.4948	0.0481
12	22	1.0000	0.3839	0.9754
12	23	0.9997	0.2331	0.3019
12	24	0.9968	0.4131	0.3162
12	25	0.9982	0.7389	0.6153
12	26	1.0000	0.8972	0.7963
13	14	0.9999	0.8200	0.4033
13	16	0.7998	0.3190	0.7843
14	16	0.7788	0.5671	0.6727
15	16	0.9983	0.8410	0.1668
15	25	0.5502	0.3910	0.5103
16	17	0.6011	0.9745	0.3759
16	18	0.9986	0.9130	0.4727
17	18	0.9975	0.8608	0.0071
17	26	1.0000	0.9234	0.9823
17	28	0.9993	0.4930	0.9949
18	19	0.5495	0.9942	0.3599
18	20	0.9995	0.6364	0.3146
18	22	0.6991	0.2914	0.5660
18	26	1.0000	0.4649	0.3708
18	27	0.9999	0.5188	0.4270
18	28	0.9998	0.5277	0.5656
19	20	0.9977	0.9470	0.0543
19	23	0.9965	0.9205	0.1249
19	26	0.7006	0.3056	0.4510
19	27	0.9957	0.6723	0.9927
19	28	0.9939	0.9618	0.0428
20	21	0.9981	0.9000	0.0230
20	22	0.9996	0.3061	0.8485
20	23	0.9996	0.1267	0.5882
20	24	0.7486	0.2091	0.1802
20	27	0.9991	0.2213	0.6792
20	28	1.0000	0.4549	0.4140
21	22	0.9990	0.2998	0.2164
21	23	0.9512	0.0001	0.9934
21	24	0.5501	0.3143	0.9306
21	27	0.9971	0.9988	0.0137
22	23	0.9974	0.9803	0.5445
22	24	0.9996	0.3061	0.9991
22	26	0.9983	0.9128	0.6212
22	27	0.9999	0.6379	0.4276
22	28	0.9970	0.6961	0.7282
23	24	0.9983	0.6529	0.0361
23	25	0.9988	0.0815	0.2220
23	26	0.8003	0.4446	0.9772
23	27	1.0000	0.4948	0.8592
23	28	0.8490	0.4898	0.0982
24	26	0.9992	1.0000	0.6680
24	27	0.9964	0.9033	0.0824
25	26	0.9990	0.5438	0.3457
26	27	0.9999	0.5064	0.4491
26	28	1.0000	0.5692	0.7396
27	28	0.9994	0.5317	0.4677
