0	1	0.9994	0.8084	0.4182
0	2	0.9995	0.3699	0.4938
0	3	0.9986	0.7000	0.6414
0	4	1.0000	0.5602	0.5057
0	5	0.9988	0.9471	0.4993
0	6	0.9996	0.7471	0.3685
0	19	0.9993	0.0410	0.8115
1	2	1.0000	0.6528	0.3410
1	4	1.0000	0.5265	0.9130
1	6	0.7999	0.4420	0.6958
1	10	0.8540	0.0289	0.0153
1	17	0.9983	0.2762	0.1778
1	18	0.6993	0.1479	0.4447
1	19	1.0000	0.7069	0.4035
2	3	0.9980	0.8764	0.6223
2	4	0.9987	0.4785	0.2827
2	19	0.9496	0.0020	0.8138
3	4	0.9999	0.8566	0.2650
3	5	0.9999	0.3956	0.6276
4	5	0.9998	0.7257	0.5541
4	6	0.9999	0.6821	0.4828
4	7	0.7491	0.9790	0.3928
4	8	0.8989	0.8508	0.2368
4	13	0.8997	0.6800	0.8005
4	16	0.9980	0.9236	0.9808
4	19	0.9999	0.2281	0.7498
5	6	0.9998	0.5696	0.3366
5	7	1.0000	0.1424	0.8047
5	8	0.9980	0.4771	0.2409
5	10	0.8011	0.1850	0.2592
6	7	0.9987	0.9144	0.5100
6	8	0.9989	0.5185	0.5836
6	10	0.9990	0.9563	0.2000
6	13	0.9992	0.8362	0.7227
6	16	0.9490	0.8968	0.8157
6	19	0.9991	0.3460	0.7979
7	8	0.9985	0.5520	0.3359
7	9	0.8496	0.2823	0.8340
7	10	0.9988	0.2670	0.0651
7	13	0.6004	0.2712	0.4856
7	14	0.6009	0.0986	0.5854
7	16	0.6509	0.1692	0.4057
8	9	0.5503	0.7697	0.2212
8	10	0.9988	0.3343	0.3094
8	13	0.9990	0.7741	0.3855
8	16	0.9995	0.6759	0.7084
9	10	1.0000	0.6981	0.4587
9	11	0.9998	0.6307	0.4882
9	12	0.9986	0.7871	0.6468
9	13	1.0000	0.5582	0.4719
9	15	0.9982	0.9797	0.3736
9	16	0.8504	0.7718	0.4637
10	11	0.9997	0.5514	0.2988
10	13	1.0000	0.5823	0.5790
10	16	0.9995	0.4750	0.7187
11	12	0.9987	0.7594	0.5849
12	13	0.9973	0.7636	0.0589
12	14	0.5954	0.2913	0.4306
12	15	0.9994	0.2753	0.7408
13	14	0.9974	0.9971	0.5346
13	15	0.9987	0.8470	0.5409
13	16	1.0000	0.6384	0.5950
13	17	0.9493	0.9996	0.7526
13	19	0.8997	0.6378	0.3621
14	15	0.9969	0.5131	0.1280
14	16	0.8503	0.5020	0.9296
14	17	0.7003	0.3721	0.6941
15	16	1.0000	0.6185	0.3035
15	17	0.8500	0.1006	0.7573
15	19	0.8982	0.5180	0.0885
16	17	0.8995	0.9957	0.5725
16	18	0.5006	0.9134	0.4685
16	19	1.0000	0.8966	0.2182
17	18	0.8497	0.7788	0.1848
17	19	0.7503	0.3092	0.0787
