0	1	0.7992	0.5549	0.4107
0	2	0.5029	0.5446	0.3210
0	4	0.7501	0.7769	0.4225
1	2	0.7499	0.5605	0.2525
1	4	0.9486	0.6362	0.3387
2	3	0.9998	0.9425	0.4844
2	4	0.6481	0.4707	0.5921
2	5	0.5013	0.3710	0.5871
3	4	0.9990	0.8327	0.4713
3	5	0.5005	0.3969	0.2468
4	5	0.9998	0.9762	0.2063
5	6	0.9995	0.7535	0.4752
5	7	0.6007	0.6764	0.5114
5	8	0.7005	0.7337	0.5207
6	7	0.9990	0.4015	0.2544
6	8	0.8501	0.2200	0.4657
6	11	0.6500	0.4341	0.3560
6	15	0.6506	0.4967	0.1680
7	8	0.9979	0.9804	0.5950
7	9	0.9493	0.7310	0.5768
8	9	0.9998	0.7021	0.5266
8	10	0.7507	0.4856	0.2731
10	11	0.6012	0.5231	0.2330
11	12	0.9982	0.8081	0.3376
11	13	0.9984	0.5474	0.6000
11	14	0.9997	0.4807	0.5177
11	15	0.9974	0.5184	0.2528
11	16	0.8498	0.3427	0.3549
12	13	0.9997	0.6916	0.4252
12	14	0.9999	0.6013	0.7428
12	15	0.7996	0.5337	0.7002
12	16	0.7497	0.4395	0.5557
13	14	0.9995	0.5059	0.5394
13	15	0.8991	0.5124	0.4479
14	15	0.9985	0.9236	0.4935
14	16	1.0000	0.6175	0.5152
15	16	0.9994	0.4366	0.6183
