0	1	0.9999	0.7273	0.5635
0	2	0.6003	0.5285	0.5466
0	3	0.9429	0.6462	0.4865
1	2	0.9998	0.8856	0.6039
1	3	0.8498	0.6337	0.6386
1	4	0.5502	0.4862	0.4107
2	3	0.9502	0.6973	0.4581
3	4	0.9500	0.6968	0.3739
3	7	0.5011	0.6233	0.3791
4	5	0.8999	0.5113	0.4812
4	6	0.7506	0.5508	0.6663
5	6	0.9501	0.6327	0.5774
5	7	0.9491	0.6375	0.5436
5	8	0.8992	0.4688	0.6237
5	9	0.9497	0.7856	0.5359
6	7	0.9997	0.8060	0.5814
6	8	0.6997	0.4409	0.7537
6	9	0.9999	0.7170	0.7122
6	11	0.5501	0.3418	0.4621
7	8	0.8501	0.5643	0.3609
7	9	0.8003	0.5585	0.5491
8	9	0.8489	0.8044	0.6975
9	10	0.8003	0.6289	0.6737
9	11	0.9004	0.5581	0.6036
10	11	0.9994	0.5333	0.5225
10	12	0.6876	0.4767	0.5807
11	12	0.9984	0.8544	0.5253
11	13	0.8003	0.5862	0.5894
11	14	0.7499	0.7766	0.2382
11	16	0.9492	0.7756	0.4131
11	17	0.9995	0.6996	0.5087
11	18	0.9001	0.7397	0.5481
11	19	0.8499	0.6594	0.5411
11	20	0.6004	0.5993	0.3865
12	13	0.6494	0.6670	0.3403
12	14	0.8502	0.5777	0.4409
12	15	0.5516	0.3940	0.4581
12	16	0.8497	0.6360	0.3127
12	17	0.7998	0.7506	0.5093
12	18	0.9994	0.8353	0.9465
12	20	0.7012	0.4437	0.4962
13	14	0.9982	0.9506	0.0467
13	17	0.8482	0.6837	0.6223
13	18	0.8487	0.9278	0.5856
14	15	0.9995	0.7743	0.4358
14	16	0.9477	0.4033	0.5571
14	17	0.9974	0.4237	0.5326
14	18	0.9972	0.3512	0.6062
14	19	0.7987	0.6317	0.2730
14	20	0.5511	0.3438	0.6731
14	23	0.8490	0.3653	0.2758
15	16	0.9987	0.5656	0.2974
15	17	0.9999	0.6327	0.5650
15	18	0.9999	0.6864	0.7958
15	19	0.7505	0.4477	0.6076
16	17	0.9990	0.4884	0.5456
16	18	1.0000	0.4784	0.5796
16	19	0.8489	0.5179	0.4453
16	20	0.6501	0.5129	0.5945
17	18	1.0000	0.5850	0.4885
17	19	0.5513	0.2841	0.3441
18	19	0.9974	0.9578	0.2392
18	20	0.9998	0.7566	0.6713
18	21	0.9978	0.6516	0.6114
18	24	0.7003	0.6437	0.7389
19	20	1.0000	0.8523	0.3756
19	24	0.5981	0.5905	0.6306
20	21	0.6005	0.6603	0.4008
20	22	0.5506	0.5412	0.5337
20	23	0.9003	0.4497	0.7906
20	24	0.5004	0.4636	0.4172
21	22	0.9487	0.5237	0.4702
21	23	0.7004	0.2798	0.4035
22	23	0.8499	0.6583	0.3163
23	24	0.8493	0.7502	0.7641
