0	1	0.9988	0.7101	0.2122
0	2	1.0000	0.3154	0.7970
0	3	0.8011	0.7817	0.1691
0	4	0.5514	0.5910	0.6355
0	6	0.9995	0.7536	0.4289
1	2	1.0000	0.7802	0.3537
1	6	0.9991	0.4809	0.6406
2	3	1.0000	0.7759	0.2741
2	4	1.0000	0.3114	0.8466
2	5	0.9993	0.8418	0.3643
2	6	1.0000	0.5011	0.7910
3	4	0.9993	0.8977	0.4377
3	5	0.9995	0.4387	0.5664
3	6	0.9990	0.4393	0.5363
4	5	0.9998	0.6494	0.4000
4	6	0.9998	0.6487	0.7701
5	6	0.9994	0.5888	0.4548
7	8	0.9981	0.5854	0.3369
7	9	0.9992	0.7131	0.6214
7	10	0.9982	0.7380	0.4459
8	9	0.9505	0.6063	0.4828
8	10	1.0000	0.5677	0.5237
8	13	0.5501	0.4749	0.5326
9	10	0.9996	0.7648	0.4574
9	12	0.7001	0.5278	0.4185
10	11	0.7997	0.8144	0.3878
10	12	0.7997	0.4103	0.4455
10	13	0.9999	0.4234	0.6535
11	12	0.9472	0.8735	0.0247
11	13	0.9002	0.3740	0.9295
11	14	0.9485	0.6304	0.0215
11	15	0.6500	0.2228	0.7705
12	13	0.9990	0.7785	0.5802
12	14	0.9987	0.4989	0.5160
12	15	0.8500	0.8586	0.4358
12	16	0.9985	0.5362	0.5581
12	17	0.8496	0.6269	0.4723
13	14	0.9997	0.6740	0.4761
13	15	0.7494	0.4001	0.5407
13	16	0.8002	0.7476	0.2756
14	15	0.9997	0.7902	0.5400
14	16	0.9976	0.5034	0.5736
14	17	0.9991	0.5784	0.5164
14	19	0.5521	0.6414	0.5001
15	16	0.9998	0.6914	0.4106
15	17	0.9998	0.5881	0.4268
15	19	0.6005	0.4919	0.2432
16	17	0.9494	0.5963	0.5663
16	19	0.6510	0.4770	0.4732
17	18	0.5502	0.8775	0.3732
17	19	0.9997	0.7221	0.5145
18	19	0.6509	0.4044	0.2075
19	20	0.8496	0.8311	0.5255
19	21	0.7508	0.4869	0.4446
19	22	0.9986	0.8108	0.2809
20	21	0.9988	0.8451	0.5890
20	22	0.9992	0.6093	0.5486
20	23	0.9988	0.9536	0.5530
20	24	0.9495	0.6350	0.5583
20	25	0.8995	0.8574	0.6547
20	26	0.9995	0.4791	0.6417
21	22	0.9999	0.5073	0.6490
21	23	0.9995	0.3153	0.4526
21	24	0.9496	0.4262	0.4964
21	25	0.5007	0.1794	0.5059
21	26	0.8001	0.5067	0.4620
21	27	0.7702	0.5313	0.4227
21	32	0.7998	0.3544	0.7494
21	33	0.6000	0.3568	0.6808
22	23	0.9988	0.8219	0.4171
22	24	0.5008	0.6274	0.5508
22	25	0.7004	0.6776	0.5564
22	26	0.9991	0.5745	0.5655
22	27	0.6513	0.2280	0.6311
23	24	0.9999	0.4872	0.6778
23	25	0.9494	0.2808	0.5682
23	26	0.6014	0.5652	0.4215
23	27	0.5520	0.5918	0.4913
23	32	0.5513	0.5161	0.6258
24	25	0.8498	0.6476	0.5083
24	26	0.9495	0.3104	0.4056
24	27	0.7499	0.2004	0.4608
25	26	0.8004	0.7837	0.3698
25	27	0.5508	0.6810	0.3783
26	27	0.9990	0.8813	0.4589
26	28	0.6996	0.5927	0.1924
27	28	0.9979	0.7414	0.0799
27	31	0.5497	0.5439	0.6889
27	32	0.9497	0.8022	0.8357
27	33	0.9500	0.7279	0.8167
28	29	0.9994	0.8168	0.4672
28	30	0.8994	0.6107	0.6553
28	31	0.9985	0.6530	0.6642
28	32	0.9992	0.7752	0.6635
28	33	0.9988	0.5694	0.5549
28	34	0.9993	0.2695	0.5804
29	30	0.9998	0.5758	0.5160
29	31	0.9997	0.5039	0.4343
29	32	0.9999	0.4857	0.4335
29	33	1.0000	0.4836	0.5644
29	34	0.5006	0.6118	0.5147
30	31	0.8991	0.5235	0.5443
30	32	0.9495	0.7391	0.6286
30	33	0.9001	0.6607	0.5986
31	32	0.9499	0.6743	0.4883
31	33	0.9998	0.5706	0.4491
31	34	0.9495	0.4754	0.4608
32	33	1.0000	0.4774	0.5172
32	34	0.9995	0.5802	0.3191
33	34	0.9999	0.8449	0.4557
