0	1	0.9999	0.8490	0.3800
0	2	0.9997	0.6177	0.5856
0	4	0.9001	0.5691	0.5911
0	5	0.5505	0.4320	0.4611
0	7	0.7504	0.4633	0.4468
0	12	0.7001	0.4907	0.4264
1	2	0.9960	0.6961	0.0753
1	7	0.6008	0.5612	0.4845
1	11	0.6025	0.4032	0.3217
2	3	1.0000	0.7207	0.4499
2	4	0.9997	0.5632	0.7116
2	5	0.8000	0.5700	0.5519
2	6	0.9495	0.6416	0.5469
2	7	0.9994	0.5503	0.5700
2	9	0.5504	0.4278	0.5027
2	10	0.6993	0.5243	0.5849
2	12	0.5995	0.5953	0.5425
3	5	0.5009	0.5637	0.3463
3	6	0.9497	0.5328	0.5195
3	12	0.7014	0.4141	0.4563
4	5	0.9993	0.9303	0.1790
4	6	0.9998	0.6816	0.3369
4	7	0.5690	0.5681	0.5107
4	12	0.5008	0.5449	0.4930
5	6	0.9989	0.6940	0.1268
5	7	0.7501	0.5312	0.6325
6	7	0.9996	0.4854	0.5290
6	9	0.9996	0.4547	0.4906
6	10	0.8997	0.6174	0.4170
7	8	0.8003	0.9225	0.5110
7	9	0.7500	0.7571	0.3351
8	9	0.6999	0.6685	0.2775
9	10	0.9494	0.8461	0.2390
9	11	0.6003	0.7027	0.3726
9	12	0.7499	0.7776	0.3801
10	11	0.9997	0.6070	0.6289
10	12	0.8999	0.5812	0.3802
11	12	0.6998	0.5372	0.3578
