0	1	0.9981	0.7695	0.1742
0	2	0.5505	0.4064	0.4028
1	2	0.9997	0.7986	0.4335
1	3	0.9988	0.4868	0.5051
1	17	0.5499	0.2733	0.3744
2	3	0.9996	0.6843	0.2076
2	6	0.9506	0.5471	0.9039
2	7	0.8498	0.5698	0.8634
2	8	0.7005	0.4586	0.6653
2	11	0.5509	0.3443	0.7349
2	13	0.5506	0.4951	0.5948
2	17	0.5500	0.6229	0.4862
3	4	0.7504	0.9384	0.2201
3	6	0.9995	0.7691	0.7118
3	7	0.9985	0.6670	0.5213
3	8	0.5007	0.8218	0.3908
4	5	0.9992	0.8009	0.6637
4	6	0.9996	0.4890	0.4017
4	8	0.8001	0.4887	0.5040
5	6	0.9976	0.7090	0.2545
6	7	0.9977	0.8699	0.3007
6	8	0.8506	0.4612	0.5291
6	9	0.8501	0.6300	0.5721
6	10	0.9985	0.5252	0.3201
7	10	0.6005	0.6452	0.5459
8	9	0.8501	0.5197	0.5664
8	10	0.6979	0.5293	0.2995
9	10	0.8003	0.5814	0.3894
9	16	0.5510	0.6452	0.6197
9	17	0.8003	0.5944	0.4058
10	11	0.7434	0.4772	0.3699
10	13	0.5512	0.4787	0.5177
10	15	0.7493	0.6253	0.5336
10	16	0.7503	0.5030	0.5648
11	12	0.7504	0.6644	0.2966
11	13	0.9998	0.6550	0.4362
11	14	0.7995	0.5293	0.5552
11	15	0.7991	0.9070	0.5756
11	16	0.8502	0.6224	0.4892
11	17	0.9497	0.5194	0.5073
11	18	0.7992	0.5966	0.5588
12	13	0.8494	0.7630	0.3228
12	16	0.6005	0.5677	0.4903
13	14	0.9997	0.6317	0.5117
13	15	0.6010	0.4222	0.7435
13	16	0.7003	0.6670	0.4246
13	17	0.9996	0.6279	0.5867
13	18	0.9997	0.5511	0.6693
13	19	0.7500	0.6111	0.4462
13	21	0.5009	0.5499	0.6789
13	22	0.7501	0.4193	0.5037
14	15	0.9478	0.9594	0.6590
14	16	0.9997	0.5013	0.5031
14	17	0.7969	0.4411	0.4747
14	18	0.7503	0.5908	0.5276
14	19	0.6816	0.7544	0.3806
14	23	0.6009	0.5042	0.4075
15	16	0.9967	0.7890	0.1166
15	17	0.8494	0.5640	0.8202
15	18	0.5507	0.5823	0.8756
16	17	0.9499	0.5779	0.4674
16	18	0.8498	0.4316	0.7497
16	19	0.5527	0.3850	0.3592
17	18	0.8497	0.5397	0.4286
18	19	0.7008	0.6543	0.5242
18	21	0.6010	0.6804	0.6594
18	22	0.6499	0.5511	0.6463
18	23	0.7001	0.6480	0.4927
19	20	0.9490	0.6764	0.4692
19	21	0.8001	0.4690	0.5239
19	22	0.7996	0.4692	0.3236
19	23	0.5005	0.6276	0.4504
20	21	0.9990	0.5318	0.5254
21	22	0.7502	0.8543	0.3124
21	23	0.6007	0.5490	0.4650
22	23	0.9975	0.7374	0.4533
22	24	0.9990	0.7825	0.4110
22	25	0.5509	0.6091	0.4654
22	27	0.5007	0.6315	0.4100
23	24	0.9993	0.6515	0.3730
23	25	0.8502	0.5158	0.4536
23	27	0.7002	0.5639	0.5620
24	25	0.9498	0.7377	0.3786
24	26	0.8003	0.7175	0.5594
24	27	0.9495	0.6813	0.4688
24	28	0.5509	0.5148	0.3070
24	31	0.6087	0.6177	0.5577
25	26	0.9990	0.5881	0.5520
25	27	0.9987	0.5648	0.6259
25	28	0.8994	0.5913	0.5585
25	29	0.7496	0.8095	0.5123
25	30	0.9986	0.3904	0.6271
25	31	0.9975	0.5184	0.6665
25	32	0.6501	0.4812	0.4472
25	34	0.5003	0.4204	0.5663
26	27	0.8998	0.5534	0.5691
26	28	0.8003	0.4504	0.6704
26	29	0.6007	0.5109	0.3681
26	30	0.9985	0.6311	0.5573
26	31	0.9986	0.6105	0.7419
27	28	0.9991	0.6501	0.5711
27	29	0.6999	0.4133	0.5099
27	30	0.9491	0.5502	0.5386
27	31	0.9993	0.7013	0.5674
28	29	0.9493	0.8063	0.5061
28	30	0.8998	0.6981	0.4899
28	31	0.9994	0.5829	0.6445
28	32	0.5504	0.5991	0.5217
29	30	0.9982	0.6118	0.2511
29	31	0.8498	0.5660	0.8222
29	32	0.8500	0.3754	0.6543
30	31	0.9495	0.6179	0.4890
30	32	0.8989	0.5199	0.6346
30	33	0.5500	0.5274	0.4476
31	32	0.9498	0.6858	0.4731
31	33	0.8996	0.6988	0.5638
32	33	0.9991	0.7263	0.6335
32	34	0.9989	0.5576	0.6618
32	37	0.7006	0.5537	0.5374
32	39	0.5676	0.5746	0.2904
32	40	0.6520	0.4327	0.4636
32	41	0.6506	0.3698	0.2733
33	34	0.9990	0.6860	0.7168
33	37	0.8995	0.9024	0.6092
33	39	0.5702	0.5115	0.4040
33	40	0.9496	0.7051	0.5165
33	41	0.6003	0.6484	0.7019
34	35	0.6996	0.7483	0.6153
34	36	0.8990	0.7784	0.4570
34	37	0.9496	0.6237	0.5533
34	38	0.8993	0.8310	0.5309
34	39	0.9501	0.6795	0.4945
34	40	0.9994	0.5571	0.5096
34	41	0.9994	0.6611	0.6092
35	36	0.6999	0.5910	0.4751
35	39	0.5502	0.4554	0.4241
35	40	0.6504	0.4101	0.6900
36	37	0.9982	0.8680	0.8178
36	39	0.6006	0.5219	0.3553
36	40	0.9987	0.8333	0.5229
36	41	0.8501	0.7916	0.7770
37	38	0.9981	0.6527	0.5712
37	39	0.9995	0.7054	0.5298
37	40	0.9994	0.6821	0.5783
37	41	0.9991	0.4491	0.5198
38	39	0.8997	0.6490	0.1832
38	40	0.8997	0.4331	0.5618
38	41	1.0000	0.5955	0.8077
39	40	0.9989	0.7398	0.5980
39	41	0.9989	0.4044	0.4968
40	41	0.9997	0.6682	0.4533
