0	1	0.8999	0.6929	0.2519
0	6	0.5006	0.3451	0.4924
0	12	0.6005	0.5726	0.4211
1	2	0.9976	0.7184	0.6540
1	3	0.9486	0.6114	0.4300
1	6	0.9495	0.5301	0.4395
1	7	0.6936	0.4090	0.2948
1	10	0.5003	0.7006	0.4549
1	12	0.9982	0.4857	0.6695
2	3	0.9996	0.5905	0.3603
2	6	0.7502	0.6824	0.5224
2	7	0.5504	0.4287	0.3375
2	11	0.6501	0.5273	0.3803
2	12	0.9994	0.2046	0.7546
3	4	1.0000	0.9792	0.4073
3	5	0.7994	0.5661	0.6209
3	6	0.9988	0.5035	0.4855
3	7	0.6500	0.4292	0.2237
3	11	0.7006	0.4113	0.3255
3	12	0.9975	0.5615	0.8412
3	13	0.8002	0.9492	0.2409
4	5	0.9005	0.7089	0.2471
4	6	0.6505	0.6026	0.2995
4	12	0.9999	0.4454	0.9175
4	13	0.8995	0.4987	0.6187
5	6	0.9986	0.7671	0.2539
5	11	0.7503	0.5524	0.3588
5	12	0.6004	0.4514	0.4376
5	13	0.9984	0.4420	0.3624
6	7	0.9993	0.6312	0.3636
6	9	0.6501	0.5497	0.6524
6	10	0.9493	0.7883	0.7715
6	11	0.9995	0.6568	0.3512
6	12	0.9993	0.5764	0.5203
6	13	0.7041	0.5225	0.3487
7	8	0.9999	0.9610	0.6636
7	9	0.9997	0.7681	0.5686
7	10	0.9988	0.5684	0.5956
7	11	0.9999	0.4891	0.4316
7	12	0.9497	0.5523	0.5213
8	9	0.9482	0.8824	0.0844
8	10	0.7501	0.7553	0.5930
8	11	0.6501	0.6403	0.5350
9	10	0.7985	0.5691	0.4766
9	11	0.9985	0.4635	0.4303
10	11	1.0000	0.5956	0.4386
10	12	0.9983	0.6586	0.6989
11	12	0.9999	0.4053	0.5039
11	13	0.7498	0.3268	0.2360
12	13	0.8002	0.6813	0.2590
