0	1	0.9000	0.6936	0.3614
0	2	0.7003	0.3854	0.5165
0	3	0.6003	0.6902	0.4056
1	2	0.9998	0.8487	0.5050
1	3	0.9001	0.6309	0.3936
2	3	0.9997	0.7526	0.2906
3	7	0.9502	0.5389	0.6984
3	8	0.9493	0.6777	0.4094
3	11	0.7503	0.4795	0.5643
4	5	0.9992	0.6476	0.3927
4	6	0.9493	0.4932	0.4250
4	7	0.8991	0.8898	0.5245
4	8	0.9500	0.0973	0.9033
4	9	0.9990	0.5326	0.5135
4	10	0.9997	0.8987	0.2909
4	11	0.7005	0.7025	0.8021
4	12	0.9489	0.5348	0.5195
4	13	0.8496	0.6724	0.5073
4	14	0.8990	0.6553	0.1859
5	6	0.9984	0.6645	0.1888
5	9	0.9003	0.5383	0.3577
5	11	0.6002	0.5122	0.8626
5	22	0.8496	0.4484	0.4287
6	7	0.8995	0.9427	0.3746
6	8	0.8999	0.3300	0.5687
6	9	0.9987	0.4939	0.5006
6	12	0.5999	0.5786	0.5535
7	8	0.9988	0.8708	0.3295
7	9	0.9497	0.4389	0.8750
7	11	0.7498	0.5476	0.4113
8	9	0.9983	0.8759	0.1037
8	10	0.5507	0.4886	0.6325
8	11	0.7499	0.4567	0.7318
8	12	0.8653	0.8620	0.1377
9	10	0.9988	0.9427	0.3502
9	11	0.9997	0.3455	0.8488
9	12	0.9495	0.6548	0.6368
9	13	0.9997	0.7658	0.6011
9	14	0.7008	0.7355	0.1695
10	11	0.8500	0.7657	0.5197
10	12	0.9994	0.5925	0.5225
10	13	0.8502	0.3550	0.6005
10	14	0.6506	0.6153	0.3868
10	22	0.5501	0.5690	0.6863
10	24	0.6502	0.6397	0.2996
11	12	0.9983	0.9225	0.1956
11	14	0.9504	0.6991	0.5548
11	16	0.5001	0.7672	0.4105
11	22	0.6000	0.8042	0.8880
11	24	0.6529	0.8037	0.2449
12	13	0.8997	0.6721	0.5496
12	14	0.9992	0.4200	0.4035
13	14	0.7509	0.7511	0.4317
13	16	0.5510	0.5938	0.4647
13	17	0.5012	0.4997	0.3496
14	15	0.9978	0.9601	0.5254
14	16	0.9996	0.6612	0.3801
14	17	0.9994	0.6513	0.5174
14	20	0.5497	0.4249	0.2900
15	16	0.8497	0.6709	0.2668
16	17	0.9993	0.5316	0.4030
17	18	0.8503	0.8805	0.2671
17	19	0.7500	0.3929	0.6536
17	20	0.7973	0.4108	0.5701
17	21	0.5992	0.6101	0.5931
18	19	0.8491	0.3803	0.2827
18	23	0.8496	0.7261	0.5138
19	20	0.8990	0.8657	0.3798
19	21	0.9980	0.7770	0.6920
20	21	0.9982	0.4519	0.5536
20	22	0.5506	0.2065	0.1498
21	22	0.6615	0.8923	0.3438
22	23	0.9994	0.6920	0.2636
22	24	0.9991	0.6797	0.3997
23	24	0.9993	0.6334	0.4164
23	25	0.5996	0.4696	0.5799
