0	1	0.8986	0.5889	0.3225
0	3	0.5006	0.5353	0.4164
0	5	0.5973	0.3539	0.7027
1	2	0.9982	0.8402	0.5533
1	3	0.9990	0.4588	0.4956
1	5	0.8502	0.6568	0.6504
1	7	0.9984	0.4876	0.5391
1	8	0.9988	0.8759	0.5912
1	11	0.9494	0.5577	0.4006
1	13	0.6001	0.3010	0.3398
1	14	0.9976	0.5411	0.6352
1	15	0.5995	0.4593	0.5726
1	16	0.6986	0.4148	0.5062
1	17	1.0000	0.6017	0.3910
2	3	0.9999	0.7184	0.2298
2	7	0.8993	0.5637	0.3995
2	14	1.0000	0.3946	0.9259
2	16	0.7507	0.3802	0.9132
2	17	0.9998	0.6157	0.3256
2	18	0.7000	0.5732	0.5252
3	4	0.9998	0.9495	0.2414
3	5	0.9970	0.8655	0.7018
3	6	0.7504	0.0143	0.6737
3	7	0.9997	0.5524	0.4931
3	8	0.8501	0.9550	0.5679
3	10	0.9977	0.6136	0.5638
3	11	0.9991	0.7283	0.3828
3	14	0.5005	0.6022	0.3233
3	17	0.5508	0.2566	0.4609
4	5	0.9994	0.7875	0.1294
4	7	0.9507	0.4204	0.9606
4	8	0.9991	0.6581	0.2393
4	9	0.5007	0.6977	0.3351
5	6	0.9957	0.9830	0.3362
5	7	0.9993	0.6767	0.2879
5	8	0.9002	0.4349	0.7118
5	9	0.9986	0.8598	0.7617
5	10	0.7988	0.6416	0.5122
6	7	0.9492	0.3409	0.0819
7	8	0.9993	0.9372	0.5395
7	9	0.5012	0.4374	0.5544
7	10	0.9983	0.5141	0.5884
7	11	0.9995	0.7136	0.5193
8	9	0.9996	0.8923	0.5070
8	10	0.7995	0.5986	0.6411
8	11	0.9000	0.4081	0.8355
10	11	0.9496	0.6920	0.4140
10	14	0.5023	0.4793	0.3501
10	17	0.5507	0.7644	0.4925
11	12	0.9975	0.9788	0.5636
11	13	0.8501	0.2946	0.1874
11	14	0.9993	0.5221	0.5375
11	15	0.9992	0.8963	0.5793
11	16	0.9978	0.4231	0.5351
11	17	0.9993	0.6972	0.3798
12	13	0.8501	0.9280	0.1046
12	14	0.6516	0.4291	0.6555
12	15	0.9498	0.2995	0.6870
12	16	0.5000	0.5558	0.3106
13	14	0.9491	0.3696	0.0740
13	15	1.0000	0.1022	0.9631
13	16	0.6503	0.5318	0.2068
14	15	0.9990	0.7272	0.5210
14	16	0.9978	0.4603	0.5220
14	17	0.9998	0.9100	0.2724
15	16	0.9998	0.7535	0.2500
15	17	0.6002	0.3174	0.6976
16	17	0.9997	0.9268	0.3561
17	18	0.9996	0.9281	0.2117
