0	1	0.9491	0.8415	0.3484
0	2	0.9968	0.4718	0.5764
0	7	0.9998	0.3545	0.9050
1	2	0.9984	0.6422	0.1722
1	5	0.7005	0.7878	0.0591
1	7	0.9995	0.2980	0.5932
1	10	0.6498	0.7647	0.7448
1	12	0.8486	0.7624	0.3430
2	3	0.5503	0.8468	0.4428
2	7	0.9977	0.7104	0.6047
2	9	0.6989	0.4878	0.5872
2	10	0.6496	0.6263	0.6244
2	12	0.9487	0.6898	0.3146
3	4	0.9988	0.9692	0.3164
3	5	0.9995	0.6837	0.4089
3	6	0.7006	0.2088	0.4415
3	7	1.0000	0.6627	0.4728
3	8	0.9488	0.6769	0.4297
3	15	0.6504	0.5337	0.8860
4	5	0.9995	0.7468	0.1562
4	7	0.8003	0.4176	0.5384
4	8	0.7009	0.6793	0.2640
5	6	0.8488	0.8720	0.3921
5	7	0.9996	0.4987	0.4657
5	9	0.5519	0.4130	0.4657
5	10	0.5947	0.3367	0.3559
5	12	0.6007	0.4073	0.4228
5	14	0.6996	0.4848	0.5517
5	15	0.8119	0.3753	0.4211
6	7	0.9976	0.6730	0.0857
6	8	0.9497	0.4328	0.8331
7	8	0.9989	0.6847	0.2788
7	9	0.5998	0.4138	0.4394
7	12	0.8996	0.4515	0.3652
7	13	0.9497	0.6594	0.3778
7	15	0.9998	0.8784	0.8713
7	19	0.6006	0.5865	0.4370
8	9	0.9495	0.5947	0.4980
8	10	0.5511	0.6183	0.4345
8	12	0.8996	0.5718	0.5392
8	13	0.8994	0.3543	0.2708
8	14	0.9995	0.5846	0.4216
8	15	0.9991	0.4522	0.6840
9	10	0.7976	0.4598	0.5673
9	11	0.9985	0.4560	0.5464
9	12	0.9982	0.4776	0.5098
9	13	0.9465	0.7219	0.1989
9	14	0.9995	0.5687	0.5122
9	15	0.9995	0.4715	0.4720
10	11	0.8997	0.6619	0.3537
10	12	0.8990	0.4710	0.5292
10	14	0.9994	0.5743	0.4803
10	15	0.9989	0.4072	0.2337
11	12	0.9981	0.3635	0.6349
11	14	0.5811	0.3174	0.3943
12	13	0.9966	0.9329	0.2249
12	14	0.9490	0.6052	0.4819
12	15	0.9993	0.4511	0.6572
12	20	0.5993	0.8343	0.6208
13	15	1.0000	0.3168	0.9822
13	16	0.9996	0.6056	0.9944
13	17	0.9489	0.4289	0.6582
13	19	0.9998	0.5517	0.7013
13	20	0.9998	0.6335	0.6748
14	15	0.9990	0.7473	0.4519
15	16	0.8993	0.9222	0.2339
16	17	0.7502	0.8444	0.5264
16	18	0.6206	0.7933	0.4092
16	19	0.7008	0.7999	0.5350
17	19	0.9983	0.4701	0.4274
18	19	0.9493	0.8746	0.3881
19	20	0.9970	0.9692	0.0748
