0	37	0.5515	0.4936	0.4975
0	51	0.9994	0.5078	0.3165
1	2	0.5500	0.6632	0.5373
1	3	0.9993	0.7172	0.5450
1	31	0.6004	0.5797	0.5971
2	3	0.9994	0.7954	0.2135
2	4	0.9994	0.6159	0.8368
2	6	0.9986	0.6782	0.4897
2	7	0.6995	0.4237	0.6323
2	8	0.7498	0.5926	0.2838
3	4	1.0000	0.5588	0.5153
3	5	0.6999	0.3492	0.4345
3	6	0.9991	0.3840	0.5676
3	7	0.9493	0.3721	0.7491
3	8	1.0000	0.5713	0.4514
3	9	0.7500	0.5250	0.4676
3	31	0.9487	0.3531	0.8324
4	5	0.9959	0.9861	0.6276
4	6	0.9490	0.7916	0.5234
4	7	0.8978	0.8944	0.7187
4	8	1.0000	0.5855	0.5132
4	9	0.6503	0.5003	0.6012
5	6	0.5506	0.6569	0.6046
6	7	0.7998	0.5557	0.7739
6	8	0.7501	0.6660	0.3790
7	8	0.8985	0.6987	0.3595
8	9	0.9997	0.5345	0.5490
8	10	0.6503	0.4339	0.5956
8	11	0.6502	0.4626	0.5545
8	12	0.6994	0.4803	0.7504
8	13	0.8993	0.4519	0.4793
9	10	0.9974	0.9812	0.7302
9	11	0.9992	0.8903	0.8065
9	12	0.9989	0.6213	0.7964
9	13	0.9994	0.8992	0.5651
9	14	0.5504	0.4621	0.5230
9	15	0.5507	0.4733	0.4613
11	12	0.9985	0.7420	0.6382
11	13	0.9987	0.6555	0.6014
11	14	0.6005	0.7313	0.6169
11	15	0.8014	0.7803	0.5039
12	13	0.9983	0.5625	0.5532
12	14	0.5002	0.4896	0.4279
12	15	0.8990	0.7619	0.4575
12	16	0.7496	0.4869	0.5152
13	14	0.8495	0.5608	0.4842
13	15	0.9999	0.6011	0.5215
13	16	0.9990	0.6681	0.5668
13	17	0.8990	0.5590	0.4649
14	15	0.8997	0.5234	0.4534
14	16	0.8497	0.6515	0.3747
15	16	0.9996	0.5705	0.4259
15	17	0.9997	0.5174	0.4329
15	18	0.9492	0.5380	0.5221
15	19	0.7992	0.4025	0.3071
16	17	0.9997	0.5870	0.5142
16	18	0.9999	0.6015	0.4586
16	19	0.9500	0.6371	0.4543
17	18	0.8499	0.5631	0.4970
17	19	0.9998	0.5995	0.4597
17	20	0.6988	0.3340	0.5665
17	21	0.6004	0.5284	0.3772
18	19	0.9995	0.5356	0.4535
18	20	0.9996	0.4973	0.4515
18	21	0.9498	0.5502	0.4656
18	22	0.8997	0.5104	0.5127
19	20	0.9991	0.4519	0.4823
19	21	0.9991	0.4892	0.5367
19	22	0.9994	0.4830	0.5429
19	23	0.5503	0.4333	0.4977
20	21	0.9992	0.5633	0.3637
20	22	0.7997	0.4361	0.3663
20	23	0.8997	0.6232	0.5303
21	22	0.9995	0.6547	0.4195
21	23	0.9995	0.6868	0.5212
21	24	0.8496	0.5257	0.4712
21	25	0.5509	0.6867	0.4245
21	26	0.9500	0.7499	0.4457
21	27	0.6487	0.6453	0.3730
22	23	0.9994	0.5237	0.5063
22	24	0.8006	0.3637	0.5660
22	26	0.9992	0.5553	0.5120
22	27	0.8534	0.5827	0.6343
23	24	0.9987	0.6107	0.6085
23	25	0.9993	0.3648	0.3870
23	26	0.9984	0.5215	0.5142
23	27	0.9980	0.5812	0.7559
23	29	0.7494	0.3895	0.4025
24	25	0.5504	0.6807	0.4226
24	26	0.9993	0.7147	0.4754
24	27	0.9986	0.7264	0.7973
25	26	0.9980	0.8433	0.3199
25	27	0.9491	0.6742	0.6295
26	27	0.9997	0.5482	0.5025
26	28	0.9992	0.4803	0.5645
26	29	0.9993	0.5217	0.5019
26	30	0.9984	0.5173	0.5829
27	28	0.9494	0.5505	0.6090
27	29	0.9999	0.5108	0.4295
27	30	0.9484	0.4719	0.7172
28	29	0.9499	0.5603	0.4421
28	30	0.8988	0.6541	0.6181
29	30	0.9986	0.4682	0.5785
29	31	0.7001	0.4154	0.4607
30	31	0.9000	0.5489	0.5207
30	32	0.6503	0.5209	0.5029
30	37	0.5066	0.6063	0.3250
31	51	0.8502	0.2486	0.4619
32	33	0.7004	0.8859	0.4516
32	35	0.8489	0.8067	0.7076
32	36	0.5500	0.7038	0.4838
32	37	0.9959	0.6903	0.5425
32	40	0.7990	0.7445	0.7512
32	51	0.5501	0.3415	0.6849
33	34	0.5005	0.1987	0.2244
33	35	0.9487	0.3759	0.1173
33	37	0.5488	0.4591	0.7061
33	39	0.6999	0.4242	0.6868
33	40	0.9009	0.0766	0.0437
34	35	0.9982	0.5158	0.5841
34	36	0.9968	0.4289	0.5998
34	37	0.9485	0.2245	0.6139
34	38	0.9969	0.3058	0.7814
34	40	1.0000	0.6108	0.5094
34	41	0.5002	0.2861	0.3662
35	36	0.9493	0.6340	0.6134
35	37	0.9991	0.7605	0.6826
35	38	0.9980	0.5437	0.7637
35	39	0.9498	0.0906	0.7680
35	40	1.0000	0.3059	0.5475
36	37	0.9992	0.7053	0.4210
36	38	0.9495	0.5049	0.5775
36	40	0.9990	0.7103	0.5776
36	41	0.9987	0.4208	0.4062
36	51	0.9985	0.1543	0.8026
37	38	0.9995	0.5150	0.4750
37	41	0.9995	0.3025	0.6714
37	51	0.9999	0.4050	0.6275
38	40	0.9987	0.9766	0.4930
38	41	0.9984	0.3836	0.4502
38	51	0.9984	0.0089	0.7573
39	40	0.9974	0.9852	0.0228
39	45	0.9997	0.7100	0.9627
40	41	1.0000	0.8178	0.3136
40	42	0.9997	0.2166	0.6571
40	43	0.5509	0.5707	0.1428
40	44	0.9496	0.0036	0.6299
40	45	1.0000	0.0410	0.9837
41	42	0.9996	0.9526	0.2673
41	43	1.0000	0.6609	0.2959
41	48	0.8999	0.7763	0.2986
41	51	0.9998	0.3967	0.6693
42	43	1.0000	0.2977	0.7875
42	44	0.9992	0.1265	0.3599
42	45	0.9007	0.3060	0.9723
42	46	0.9508	0.2888	0.9803
42	47	0.8495	0.7656	0.1300
42	48	0.9995	0.2300	0.2336
42	49	0.9997	0.4089	0.5798
43	48	0.9998	0.6615	0.3553
43	49	0.6999	0.8786	0.3820
43	50	0.7499	0.7925	0.7400
43	51	0.9988	0.2970	0.6775
44	45	0.9999	0.4139	0.8808
44	46	0.9997	0.3987	0.7974
44	47	0.9494	0.6099	0.2488
44	49	0.9968	0.5053	0.1434
45	46	0.9991	0.9049	0.7542
46	47	0.9499	0.9850	0.2654
46	49	0.9999	0.8267	0.3525
47	49	0.9992	0.2116	0.7563
48	49	1.0000	0.5263	0.4116
48	50	0.9991	0.5556	0.5859
48	51	0.9987	0.2363	0.6205
49	50	0.9998	0.4468	0.2239
50	51	0.9995	0.8566	0.5887
