0	1	0.9988	0.6256	0.2478
0	15	0.9499	0.5447	0.4650
0	16	0.5006	0.6065	0.5265
0	20	0.9992	0.5878	0.6279
0	23	0.9499	0.6303	0.5621
1	5	0.9993	0.8672	0.5389
1	6	0.7498	0.5432	0.3029
1	7	0.9003	0.4347	0.7824
1	8	0.8993	0.7372	0.1892
1	9	0.6014	0.7620	0.5049
1	10	0.7999	0.6705	0.4986
1	14	0.5503	0.7632	0.5617
1	15	0.9996	0.5169	0.6256
1	16	0.9992	0.2314	0.6163
1	17	0.6508	0.5259	0.6110
1	18	0.8497	0.4208	0.6847
1	19	0.9986	0.5736	0.6259
1	20	1.0000	0.4461	0.6335
1	21	0.9493	0.5180	0.3789
1	22	0.8990	0.4412	0.7638
1	23	0.9990	0.3720	0.6095
2	5	0.8495	0.7376	0.5332
2	10	0.5010	0.5151	0.3664
3	4	0.8500	0.3720	0.7378
3	5	0.9489	0.5413	0.5509
4	5	0.7998	0.5436	0.1893
5	6	0.7000	0.5468	0.1518
5	7	0.7505	0.6010	0.5576
6	7	0.8959	0.4679	0.3850
6	16	0.9000	0.3822	0.6945
6	17	0.5998	0.3888	0.4230
7	16	0.7001	0.2828	0.5522
8	9	0.6504	0.7024	0.5291
8	15	0.7583	0.4330	0.2802
9	10	0.5996	0.3543	0.1832
9	14	0.6998	0.4987	0.4116
9	15	0.6499	0.4591	0.3857
10	11	0.9002	0.8688	0.3249
10	13	0.8990	0.5088	0.5717
10	14	0.9986	0.5675	0.5195
10	15	0.7042	0.3722	0.2999
11	12	0.9995	0.7394	0.4463
11	13	0.8008	0.4026	0.4394
11	15	0.5013	0.4032	0.7090
13	14	0.9493	0.5597	0.5099
13	15	0.9495	0.6027	0.4758
14	15	0.9995	0.5182	0.3912
15	16	0.9996	0.8414	0.2864
15	19	0.9993	0.5724	0.4780
15	20	0.9996	0.5223	0.4573
15	21	0.9493	0.6146	0.4864
15	22	0.8498	0.6460	0.5919
15	23	0.9013	0.4466	0.4596
16	17	0.9498	0.8075	0.2636
16	18	0.9989	0.6226	0.4116
16	19	0.9991	0.5204	0.3345
16	20	0.9499	0.5149	0.6774
16	23	0.6501	0.4630	0.5747
17	18	0.8497	0.5774	0.4482
17	19	0.8495	0.2945	0.4125
18	19	0.6002	0.2438	0.3490
18	20	0.9977	0.8710	0.5566
18	23	0.6982	0.5470	0.2419
19	20	0.9999	0.5340	0.6096
19	21	0.9001	0.4815	0.4937
19	22	0.8994	0.4008	0.5097
19	23	0.9491	0.4507	0.4931
20	21	0.9984	0.7320	0.5670
20	22	0.9988	0.5612	0.7413
20	23	0.9998	0.5671	0.4940
21	22	0.8995	0.7051	0.6744
21	23	0.9492	0.6347	0.5333
22	23	0.9496	0.7676	0.4986
