0	1	0.9498	0.8674	0.4627
0	5	0.7501	0.7070	0.7014
0	19	0.9992	0.5670	0.6543
1	2	0.9994	0.8052	0.1989
1	6	0.9498	0.7836	0.2552
1	15	0.7001	0.7780	0.6595
1	16	0.6009	0.5720	0.5165
1	19	0.7515	0.6387	0.6549
2	3	0.9996	0.7849	0.4236
2	4	0.9993	0.5427	0.4650
2	5	0.9990	0.8201	0.6398
2	6	0.9993	0.5025	0.4918
2	7	0.8178	0.8896	0.5331
2	8	0.9499	0.5904	0.4011
2	19	0.9993	0.3490	0.4476
3	4	0.8997	0.5023	0.3579
3	6	0.9998	0.6327	0.6365
3	19	0.9997	0.8638	0.2638
4	5	0.9493	0.7321	0.6110
4	6	0.9994	0.6025	0.4748
4	8	0.8499	0.5612	0.3938
4	15	0.5496	0.3805	0.5284
4	19	0.6499	0.3169	0.5270
5	6	0.9998	0.6918	0.3924
5	7	0.9486	0.4007	0.6991
5	8	0.9994	0.6242	0.6446
5	9	0.7511	0.5397	0.3084
6	8	0.9492	0.6040	0.5441
6	9	0.8502	0.5833	0.3892
6	15	0.5993	0.5308	0.5357
6	19	0.9987	0.5385	0.6176
7	8	0.8982	0.6224	0.5408
7	9	0.5004	0.6018	0.4826
8	9	0.8495	0.8306	0.2482
8	19	0.8007	0.5637	0.6106
9	10	0.8994	0.4858	0.3839
9	11	0.9998	0.6400	0.8943
9	12	0.9494	0.8102	0.6083
10	11	0.9995	0.5404	0.5137
10	12	0.9491	0.4440	0.4282
10	13	0.7991	0.5622	0.4444
10	14	0.7002	0.5373	0.4436
11	12	1.0000	0.5933	0.4193
11	13	0.8999	0.1258	0.4897
11	14	0.9497	0.4627	0.6460
12	13	0.6501	0.9661	0.7023
12	14	1.0000	0.6396	0.6037
12	15	0.9998	0.5762	0.4334
12	16	0.7494	0.5063	0.5003
12	18	0.9493	0.6897	0.4505
13	14	0.9975	0.6720	0.0595
14	15	1.0000	0.7840	0.1856
14	16	0.9993	0.7536	0.6040
14	18	0.9482	0.6654	0.0383
15	16	0.9997	0.5352	0.5158
15	17	0.9489	0.4516	0.4695
15	18	0.9986	0.4818	0.5529
15	19	0.9500	0.7513	0.3137
16	17	0.9994	0.9300	0.4107
16	18	0.9988	0.6612	0.6369
16	19	0.8497	0.6336	0.2906
17	18	0.9981	0.5150	0.2054
18	19	0.9995	0.9415	0.1908
