0	1	0.9999	0.4150	0.9736
0	2	0.9990	0.0051	0.3808
0	8	0.9999	0.9784	0.0001
0	10	0.6002	0.9188	0.0092
0	14	0.9009	0.9984	0.0436
0	17	0.9998	1.0000	0.0915
0	19	0.9986	0.7292	0.1257
0	22	0.9986	0.1384	0.0057
1	2	0.9959	0.9933	0.5364
1	7	0.9983	0.3102	0.9867
1	8	0.9989	0.8259	0.0187
1	10	0.9952	0.5667	0.0092
1	12	0.5523	0.0518	0.0132
1	17	0.9496	0.9690	0.2811
1	19	0.9499	0.9981	0.1191
1	22	0.9483	0.9932	0.0000
2	3	1.0000	0.9859	0.9345
2	8	0.9998	0.7693	0.1010
2	17	0.9000	0.9435	0.8653
2	18	1.0000	0.0072	0.3046
2	19	0.9955	0.7380	0.5992
2	20	0.9990	0.9366	0.4068
2	21	0.9985	0.2785	0.2128
3	4	0.9952	0.4857	0.0012
3	6	0.9479	0.2278	0.0621
3	7	0.9990	0.2520	0.7050
3	8	0.9983	0.3507	0.1134
3	20	1.0000	0.8142	0.4205
3	21	0.9962	0.7714	0.0000
4	5	1.0000	0.8748	0.3125
4	6	1.0000	0.6817	0.4467
5	6	0.9961	0.2909	0.4954
6	7	0.7019	0.3077	0.0786
6	9	0.6055	0.7675	0.1829
7	8	0.9977	0.3526	0.1951
7	9	0.9975	0.1313	0.8626
8	9	0.9977	0.9058	0.5788
8	10	1.0000	0.5237	0.5020
8	12	0.9998	0.5760	0.4712
8	14	0.9984	0.7799	0.6698
8	17	0.9991	0.6503	0.8622
8	19	0.9986	0.5216	0.7889
9	10	0.9995	0.5655	0.4117
9	11	0.9998	0.3751	0.7107
9	12	0.9975	0.5036	0.0000
10	11	0.9966	0.9255	0.7424
10	12	0.9997	0.5250	0.4644
10	14	0.9999	0.7208	0.4745
10	17	0.9994	0.7515	0.6098
10	19	0.9986	0.9529	0.7340
11	12	1.0000	0.8564	0.3371
11	13	0.9959	0.1058	0.7898
11	16	0.9991	0.0284	0.9786
12	13	0.9953	0.8813	0.6866
12	14	1.0000	0.6912	0.4791
12	16	0.9970	0.9959	0.6034
12	17	0.9996	0.6437	0.5196
12	19	0.9975	0.8064	0.6261
13	14	1.0000	0.5947	0.3818
13	16	0.9999	0.2033	0.6685
13	17	0.9471	0.4908	0.0033
14	16	0.9984	0.8030	0.6419
14	17	0.9992	0.5164	0.5258
14	18	0.8499	0.9973	0.7700
14	19	0.9985	0.8056	0.6042
15	16	0.8971	0.2093	0.0175
16	17	0.9996	0.4991	0.2442
16	18	0.9995	0.2118	0.7582
16	19	0.8509	0.3647	0.0000
17	18	0.9980	0.7990	0.7041
17	19	0.9998	0.7295	0.4543
18	19	0.9990	0.4627	0.1825
18	21	0.9996	0.2182	0.5681
18	22	0.9999	0.8856	0.3890
19	20	0.9998	0.9999	0.1819
19	21	1.0000	0.8798	0.1501
20	21	0.9966	0.7264	0.0530
21	22	1.0000	0.7935	0.2464
