0	1	0.9489	0.5129	0.4995
0	2	0.9500	0.6357	0.4270
0	3	0.9993	0.7447	0.8852
0	4	0.9489	0.5121	0.3178
0	24	0.9491	0.5329	0.7411
0	25	0.8993	0.2426	0.4597
1	2	0.8498	0.6341	0.4405
1	3	0.9501	0.6774	0.8286
1	4	0.9499	0.5643	0.3969
2	3	0.9990	0.8437	0.8273
2	4	0.9990	0.4924	0.4891
2	5	1.0000	0.6662	0.4986
2	6	0.9986	0.6088	0.3712
2	9	0.9002	0.6867	0.2167
2	24	0.9495	0.6014	0.5183
2	25	0.7186	0.5858	0.6609
3	4	0.9966	0.8569	0.0180
3	9	0.8001	0.7102	0.1032
3	24	0.9985	0.4375	0.4741
3	25	0.5701	0.3661	0.2792
4	5	0.9998	0.7658	0.2535
4	6	0.9983	0.6675	0.2683
4	9	0.9982	0.4188	0.2126
4	24	0.8006	0.2008	0.6777
4	25	0.5505	0.4310	0.4269
5	6	0.9999	0.9433	0.4634
5	9	0.9998	0.6789	0.4981
5	11	0.7994	0.6720	0.2191
5	22	0.7004	0.8753	0.4541
5	24	0.8491	0.5695	0.3110
5	25	0.5028	0.2010	0.2517
6	7	0.8491	0.9148	0.4174
6	8	0.9985	0.7069	0.3311
6	9	0.8999	0.7053	0.2430
7	8	0.7492	0.5480	0.5188
7	9	0.9479	0.8889	0.1225
8	9	0.9954	0.8031	0.0349
9	10	0.9998	0.8445	0.2099
9	11	0.9999	0.5266	0.5123
9	16	0.9495	0.9041	0.5860
9	20	0.9994	0.6887	0.7428
9	22	0.8004	0.4515	0.4700
9	24	0.9480	0.4847	0.4697
9	25	0.9978	0.7377	0.4454
10	11	1.0000	0.7918	0.3165
10	12	0.9999	0.5390	0.4992
10	13	0.9498	0.8452	0.6481
10	14	0.9999	0.6979	0.3967
10	16	0.9999	0.7595	0.4077
10	18	0.9988	0.6692	0.1312
11	12	0.9996	0.4879	0.3937
11	13	1.0000	0.2270	0.8882
11	24	0.6569	0.1839	0.5953
12	13	0.9998	0.7684	0.5728
12	14	0.9998	0.5795	0.3870
12	15	0.8996	0.8745	0.5689
12	16	0.8996	0.5130	0.3074
13	14	0.9998	0.7097	0.4358
14	15	0.9985	0.7913	0.5743
14	16	0.9995	0.5826	0.3344
14	17	0.9998	0.9298	0.5244
15	16	0.9990	0.8139	0.0691
15	17	0.9996	0.3222	0.7240
16	17	1.0000	0.6225	0.5909
16	18	1.0000	0.6893	0.3825
16	19	0.9989	0.8580	0.5121
16	20	0.9997	0.6971	0.4945
16	22	0.9498	0.9367	0.4320
17	18	0.9996	0.5741	0.3870
17	19	0.9999	0.4560	0.8232
18	19	0.9486	0.7267	0.6040
18	20	0.9987	0.5356	0.5739
19	20	0.9989	0.3765	0.2749
19	21	0.7997	0.3577	0.7312
19	22	0.9999	0.1964	0.5283
20	21	0.9501	0.8588	0.2830
20	22	0.9002	0.7020	0.3942
21	22	0.9999	0.5895	0.6560
22	23	0.9990	0.7627	0.6605
22	24	0.8508	0.5518	0.1448
23	24	0.9977	0.7111	0.0851
24	25	0.9981	0.5334	0.2792
