0	1	0.9991	0.7693	0.5184
0	2	0.9989	0.6008	0.6423
0	3	0.9498	0.8084	0.4338
1	2	0.9999	0.6190	0.5021
1	3	0.8500	0.6811	0.5043
2	3	0.9998	0.6440	0.4523
2	5	0.6502	0.5229	0.3915
3	4	0.7999	0.5118	0.2203
3	5	0.5499	0.4080	0.5982
4	5	0.9997	0.6114	0.4779
4	6	0.9490	0.7418	0.7270
5	6	0.9990	0.8800	0.2810
5	7	0.8992	0.7509	0.1597
5	11	0.9993	0.5230	0.7852
6	7	0.9981	0.7473	0.1511
6	10	0.9494	0.7750	0.5138
6	11	0.9985	0.8674	0.7580
7	8	0.9987	0.7604	0.1655
7	9	0.9996	0.6980	0.9923
7	10	0.9998	0.7514	0.8667
7	11	0.9005	0.1876	0.8615
8	9	0.9999	0.5543	0.4903
8	22	0.9995	0.5714	0.2598
9	10	0.9516	0.9913	0.5289
9	21	0.9981	0.7151	0.6297
9	22	0.9971	0.5311	0.6359
10	11	0.9000	0.7798	0.6123
10	22	0.8995	0.6077	0.6908
11	12	0.9987	0.8345	0.0395
11	19	0.9998	0.5381	0.6315
11	20	0.6500	0.7613	0.6860
12	13	0.9997	0.7661	0.5417
12	14	0.9490	0.4914	0.1726
12	15	1.0000	0.6504	0.4703
12	16	1.0000	0.6148	0.7939
12	17	0.8689	0.3864	0.0875
12	19	1.0000	0.4310	0.7764
12	20	0.9499	0.8139	0.7465
12	21	0.8987	0.4435	0.2591
13	14	0.9943	0.9875	0.5018
13	15	0.9996	0.6071	0.4561
13	16	0.8494	0.5430	0.6570
13	19	0.8522	0.7555	0.8692
14	15	0.8979	0.7885	0.2764
14	19	0.7998	0.6688	0.7807
15	16	0.9996	0.8184	0.5497
15	19	0.7001	0.1966	0.6947
16	17	0.9963	0.8632	0.0092
16	19	1.0000	0.6950	0.9002
17	18	0.9952	0.9853	0.4054
17	19	0.9999	0.9037	0.4260
18	19	0.9981	0.7742	0.0683
19	20	0.9996	0.9938	0.3658
21	22	0.9987	0.4748	0.3563
