0	1	0.9972	0.9541	0.0194
0	2	0.9992	0.8435	0.9641
0	3	0.9973	0.9733	0.0489
0	7	0.9980	0.9011	0.0170
0	14	0.9980	0.5735	0.9677
1	2	0.9968	0.7653	0.4804
1	3	0.9998	0.5063	0.4753
1	4	0.9499	0.9355	0.5506
1	5	0.9999	0.5921	0.4100
1	6	1.0000	0.4837	0.7394
1	7	1.0000	0.5280	0.5492
1	8	0.9975	0.9342	0.5782
1	9	0.7498	0.7849	0.6336
1	14	0.9993	0.5635	0.9369
2	3	1.0000	0.7784	0.2110
2	4	1.0000	0.5680	0.7595
2	5	0.9973	0.9432	0.0037
2	7	0.9997	0.6005	0.6090
2	9	0.9998	0.2858	0.9109
2	12	0.9999	0.2033	0.9702
2	14	0.9995	0.3515	0.3965
3	4	0.9988	0.7570	0.3703
3	5	1.0000	0.5762	0.4705
3	6	1.0000	0.4334	0.6535
3	7	0.9493	0.0935	0.5314
3	8	0.9995	0.9579	0.5579
4	5	0.9995	0.4462	0.2866
5	6	0.9999	0.5262	0.5999
6	7	1.0000	0.8187	0.3205
6	8	0.9998	0.3588	0.7573
7	8	0.9968	0.8610	0.7236
7	9	0.9999	0.6360	0.4712
7	11	0.9994	0.9940	0.4480
7	12	0.9999	0.6739	0.4986
7	14	0.9991	0.4030	0.9135
8	9	0.9998	0.7486	0.4439
8	11	1.0000	0.4935	0.5900
8	12	0.9981	0.8329	0.0687
9	10	0.9991	0.9669	0.5746
9	11	0.9969	0.7130	0.5429
9	12	0.9998	0.5062	0.4837
9	14	1.0000	0.5254	0.9108
9	15	0.9999	0.7138	0.3555
10	11	0.9987	0.8983	0.1358
10	12	0.9995	0.3854	0.9576
10	15	0.9997	0.1138	0.8191
10	16	0.9484	0.2782	0.4634
11	12	0.9998	0.6610	0.2118
11	15	0.9947	0.5401	0.0001
12	14	0.9984	0.6850	0.8408
12	15	1.0000	0.6467	0.4470
13	14	1.0000	0.0118	0.0291
14	15	0.9995	0.7916	0.8266
15	16	0.9988	0.7873	0.3918
16	17	0.9500	0.8680	0.2969
