0	1	0.9978	0.9930	0.5961
0	2	0.9985	0.4644	0.3736
0	3	0.9477	0.1602	0.5445
0	4	1.0000	0.4226	0.4682
0	5	1.0000	0.9993	0.1652
0	8	0.9963	0.7719	0.6658
0	9	1.0000	0.7022	0.4279
0	19	0.9968	0.0592	0.6225
1	2	0.8999	0.8239	0.2038
1	4	0.9999	0.4038	0.9958
1	5	0.9994	0.5642	0.3741
1	8	0.9998	0.4872	0.5838
1	9	1.0000	0.4800	0.9996
2	3	0.9999	0.9010	0.2380
2	4	0.9997	0.3345	0.9469
2	8	0.8505	0.2659	0.4239
2	9	0.8500	0.1850	0.8908
2	19	0.9930	0.3541	0.3541
2	20	0.9964	0.0824	0.3602
3	4	0.9965	0.7786	0.0846
3	19	0.9496	0.0048	0.7799
4	5	0.5002	0.9532	0.0030
4	8	0.9964	0.9972	0.9897
5	6	1.0000	0.8573	0.2405
5	8	0.9992	0.5791	0.5874
5	9	0.8508	0.0598	0.9476
5	10	0.7992	0.5547	0.1039
6	7	0.9997	0.6440	0.2561
6	8	0.9967	0.5143	0.1449
6	20	0.5494	0.1111	0.5972
6	21	0.9991	0.3107	0.5090
7	8	0.9002	0.2681	0.0024
8	9	0.9997	0.8555	0.3907
8	10	0.9999	0.8063	0.4477
8	16	0.9985	0.9940	0.1061
8	18	0.9979	0.9781	0.5450
8	20	0.9968	0.0236	0.7682
9	10	0.9999	0.9143	0.1718
9	18	0.9993	0.8293	0.7150
9	19	0.9993	0.6600	0.4901
10	11	0.9961	0.5479	0.1521
10	12	0.8496	0.1738	0.9016
10	13	0.9953	0.5103	0.0058
10	16	1.0000	0.4053	0.5625
10	18	0.9998	0.0760	0.9402
11	12	0.9999	0.5708	0.4941
11	13	0.9993	0.3874	0.3914
11	14	0.9930	0.5885	0.6015
11	15	1.0000	0.5532	0.7770
11	16	0.9497	0.3888	0.3693
12	13	0.9999	0.5512	0.2914
12	14	0.9999	0.4981	0.4632
13	14	0.9999	0.5140	0.5021
13	15	1.0000	0.3405	0.7073
14	15	0.9983	0.6981	0.6003
14	21	0.9993	0.6940	0.6944
15	16	1.0000	0.7524	0.2336
15	17	0.9997	0.5147	0.5776
15	21	1.0000	0.3245	0.8532
15	22	0.7998	0.8120	0.9836
16	17	0.9998	0.7272	0.8194
16	18	1.0000	0.5382	0.4919
16	19	0.8004	0.9878	0.6849
17	18	1.0000	0.8382	0.1100
18	19	0.9992	0.9811	0.4786
19	20	1.0000	0.4563	0.8912
19	22	0.9964	0.4710	0.4615
20	21	0.5995	0.4535	0.2364
21	22	0.7494	0.6129	0.1630
