0	1	1.0000	0.9464	0.6752
0	25	0.6502	0.4281	0.9873
0	26	0.8992	0.2026	0.7075
0	27	0.8993	0.5012	0.5178
1	27	0.9500	0.5874	0.6813
2	3	0.9933	0.7756	0.0094
2	5	0.9989	0.4885	0.9483
2	6	0.9477	0.3710	0.0027
2	27	0.6497	0.5114	0.7270
3	4	0.9997	0.8641	0.3568
3	5	0.9999	0.4645	0.5337
3	6	0.9998	0.4725	0.4254
3	7	0.8501	0.8380	0.2668
3	8	0.9996	0.9218	0.7562
3	9	1.0000	0.5785	0.5124
3	11	0.9994	0.3411	0.3971
3	14	0.9972	0.3580	0.1314
3	18	0.9998	0.1883	0.1040
3	24	0.6512	0.1703	0.9781
3	25	1.0000	0.4225	0.6271
3	26	0.9959	0.3687	0.0149
3	27	0.9990	0.1975	0.5246
4	5	0.5996	0.5872	0.5341
4	6	0.9959	0.4057	0.8969
4	8	1.0000	0.5619	0.4545
4	9	0.9977	0.4904	0.9710
4	10	0.9488	0.3026	0.5514
4	11	0.6506	0.3109	0.8675
4	14	0.9164	0.2794	0.4297
4	18	0.7498	0.3743	0.1523
4	20	0.9987	0.5422	0.7414
4	25	0.9973	0.5867	0.8135
4	26	0.9968	0.7219	0.3345
5	6	0.9998	0.6242	0.1605
5	8	0.9997	0.3641	0.9099
5	9	0.9986	0.8336	0.0390
5	26	0.5005	0.5597	0.0993
5	27	0.9000	0.7848	0.3603
6	7	1.0000	0.9996	0.4062
6	8	0.9992	0.5902	0.6596
6	9	0.9998	0.5546	0.5293
6	10	0.7008	0.9458	0.6032
6	11	1.0000	0.4149	0.4671
6	14	0.9988	0.3800	0.3577
6	18	0.7550	0.2980	0.1231
6	25	0.9962	0.5864	0.9480
7	8	0.9952	0.5430	0.0242
7	9	0.9993	0.4122	1.0000
7	10	0.9993	0.6228	0.0471
8	9	1.0000	0.7164	0.1372
9	10	1.0000	0.5766	0.7531
9	11	0.9995	0.5508	0.5298
9	14	0.9993	0.8042	0.4846
9	18	0.7497	0.8986	0.2205
9	25	0.9966	0.9258	0.9738
10	11	1.0000	0.7593	0.1337
10	12	0.9497	0.0730	0.5585
10	13	1.0000	0.4378	0.9453
10	14	0.9948	0.6294	0.0000
11	12	0.9998	0.9997	0.2672
11	13	0.9987	0.5871	0.7590
11	14	0.9998	0.5417	0.3838
11	15	0.9989	0.9994	0.5364
11	16	0.7494	0.6548	0.8351
11	18	1.0000	0.8162	0.2041
11	25	0.9983	0.8326	0.6575
12	13	0.9996	0.8617	0.0475
12	14	0.9999	0.4755	0.9488
12	15	0.9501	0.4925	0.5970
12	18	0.7002	0.0928	0.2297
13	14	0.9965	0.5222	0.0967
13	15	1.0000	0.0631	0.9652
13	18	0.9998	0.1297	0.0046
14	15	0.9983	0.9261	0.6312
14	17	0.5028	0.5160	0.7302
14	18	0.9998	0.6665	0.2538
14	25	0.9979	0.6325	0.6620
15	16	0.9969	0.8904	0.5890
15	17	0.9993	0.8874	0.3950
15	18	0.9999	0.5284	0.2622
15	20	0.9993	0.1245	0.5703
15	24	0.9998	0.1910	0.8833
16	17	0.8981	0.6161	0.5897
16	18	0.9983	0.9658	0.1911
16	25	0.5999	0.8561	0.3378
17	18	0.9965	0.5890	0.0658
17	20	0.9993	0.3066	0.3896
18	19	0.9921	0.9869	0.7140
18	20	0.9997	0.8962	0.1702
18	21	0.9979	0.6980	0.6843
18	22	0.7497	0.9963	0.1126
18	23	0.9000	0.9208	0.8845
18	24	0.9990	0.8778	0.5325
18	25	1.0000	0.4191	0.5759
18	26	0.9972	0.9820	0.5426
18	27	0.8506	0.6174	0.2018
19	20	0.9973	0.8327	0.0590
19	23	0.7985	0.7177	0.4773
19	24	0.8487	0.6292	0.1474
19	26	0.5509	0.3680	0.7551
20	21	0.9492	0.3344	0.6312
20	22	0.9990	0.1679	0.4849
20	23	0.9988	0.3548	0.2669
20	24	0.6001	0.1939	0.2343
20	26	0.5005	0.0401	0.5378
21	22	0.9995	0.9493	0.2916
21	23	0.9970	0.7525	0.7308
21	24	0.8976	0.8502	0.3737
22	23	0.9997	0.4506	0.4013
23	24	0.8997	0.9917	0.2055
24	25	1.0000	0.7570	0.2282
24	27	1.0000	0.3044	0.6639
25	26	0.9001	0.9044	0.4015
25	27	0.9985	0.8871	0.5365
26	27	0.9963	0.4118	0.0533
