0	1	1.0000	0.6249	0.4433
0	2	0.8503	0.5743	0.3956
0	4	0.9999	0.6051	0.5113
0	6	0.8012	0.5787	0.5150
0	7	0.8000	0.4743	0.6184
0	8	0.9996	0.5329	0.5764
0	9	0.8992	0.5639	0.7500
0	11	0.9486	0.5526	0.7722
0	12	0.8488	0.5684	0.6284
0	13	0.9998	0.5166	0.6117
0	14	0.8503	0.6890	0.4885
1	2	0.9998	0.5956	0.4381
1	3	1.0000	0.5924	0.5267
1	4	0.9997	0.4982	0.4950
1	6	0.7006	0.4698	0.5795
1	7	0.7496	0.4432	0.5926
1	8	0.9971	0.4869	0.6340
1	9	0.7990	0.6389	0.6462
1	11	0.9491	0.5522	0.6984
1	13	0.9994	0.4448	0.7804
1	14	0.8983	0.6903	0.4421
2	3	0.9998	0.6436	0.4340
2	4	0.9997	0.6174	0.3870
2	6	0.5005	0.3974	0.2892
2	8	0.5998	0.3981	0.4403
2	13	0.7999	0.4454	0.6289
3	4	0.9999	0.5879	0.4251
3	5	0.7502	0.5628	0.5285
3	6	0.8506	0.5459	0.4066
4	5	0.9999	0.8443	0.5435
4	6	0.9999	0.6672	0.5268
4	7	0.9999	0.6150	0.5146
4	8	0.9994	0.6411	0.5297
4	9	0.6501	0.6845	0.5915
4	11	0.7005	0.5888	0.5554
4	13	0.8990	0.5211	0.5747
4	14	0.5004	0.8680	0.3183
5	6	0.8999	0.6922	0.2915
5	7	0.5502	0.5574	0.2517
5	8	0.8005	0.5217	0.4862
6	7	0.9496	0.4990	0.5276
6	8	0.7003	0.6023	0.4538
6	9	0.5007	0.5221	0.7057
6	13	0.5507	0.5156	0.3855
7	8	0.9993	0.5197	0.4807
7	9	0.8505	0.4852	0.6561
8	9	0.9996	0.6451	0.5638
8	10	0.8000	0.6140	0.3544
8	11	0.9997	0.5945	0.5497
8	12	0.9983	0.5111	0.6107
8	13	0.9995	0.5721	0.5679
9	10	0.9994	0.9836	0.3049
9	11	0.9990	0.6865	0.6483
9	12	0.9499	0.8080	0.7120
9	13	0.9998	0.6305	0.6257
10	11	0.9987	0.5435	0.2840
10	12	0.7002	0.2120	0.4445
10	13	1.0000	0.3890	0.8882
11	12	0.9989	0.5299	0.5692
11	13	0.9998	0.5315	0.5034
12	13	1.0000	0.6319	0.4811
13	14	0.9990	0.9422	0.5599
