0	1	0.9999	0.6245	0.3323
0	2	1.0000	0.5836	0.5695
0	3	0.9977	0.9649	0.4719
0	4	0.9980	0.3311	0.4176
0	5	0.9482	0.4451	0.4089
0	6	0.9980	0.1211	0.7184
1	2	1.0000	0.5039	0.2016
1	4	1.0000	0.4518	0.2994
1	6	0.9999	0.4376	0.3864
1	7	0.5496	0.3409	0.7746
1	8	1.0000	0.0347	0.6842
1	9	0.6512	0.0133	0.1492
1	10	1.0000	0.1003	0.3126
1	11	0.9984	0.4065	0.3320
1	12	1.0000	0.5171	0.5544
1	13	1.0000	0.5466	0.5797
1	14	0.9995	0.2937	0.4046
2	3	0.9995	0.9999	0.5813
2	4	0.9983	0.2811	0.3063
2	13	0.8488	0.5610	0.5777
2	14	0.9978	0.2118	0.5209
3	4	0.9976	0.7219	0.0339
3	5	0.9996	0.9541	0.0876
4	5	0.9997	0.4447	0.3795
4	6	0.9995	0.5292	0.5260
5	6	0.9996	0.9370	0.4104
6	7	0.9995	0.3641	0.8252
6	8	0.8992	0.1800	0.3726
6	10	0.6804	0.3013	0.0304
7	8	0.9991	0.2933	0.7018
7	10	0.7501	0.6614	0.2383
8	9	1.0000	0.5111	0.4554
8	10	1.0000	0.5548	0.3603
8	11	0.9968	0.6990	0.2362
8	12	0.9496	0.4977	0.3015
9	10	1.0000	0.5581	0.6434
9	11	0.9976	0.3333	0.1780
9	12	0.6001	0.3424	0.2271
10	11	1.0000	0.6414	0.4879
10	12	0.9498	0.5048	0.4351
10	13	0.6003	0.4471	0.4161
11	12	1.0000	0.5569	0.5710
11	13	0.9995	0.8841	0.4507
12	13	0.9999	0.8509	0.4957
12	14	0.5506	0.6091	0.2860
