0	1	0.6000	0.6864	0.4079
0	2	0.6994	0.7277	0.4402
1	5	0.9979	0.7573	0.4652
1	21	0.6003	0.3463	0.4360
2	3	0.9480	0.7537	0.4767
2	4	0.7492	0.3982	0.5512
2	5	0.8516	0.4822	0.7565
2	21	0.6504	0.4476	0.4872
3	4	0.9989	0.8781	0.1513
3	5	0.9999	0.7729	0.9221
3	19	0.6494	0.8505	0.6933
3	21	0.6005	0.3814	0.5225
4	5	0.9997	0.7117	0.3133
4	6	0.9989	0.4756	0.4473
4	7	0.9987	0.8719	0.8284
4	8	0.9982	0.5188	0.5027
4	9	0.9479	0.7229	0.4003
4	10	0.9473	0.4688	0.7349
4	19	0.5997	0.5606	0.6576
4	20	0.5002	0.8396	0.1909
5	6	0.9988	0.5733	0.2394
5	7	0.9504	0.4265	0.8771
5	8	0.7995	0.6793	0.1516
5	10	0.5509	0.4604	0.6323
5	19	0.6002	0.3680	0.9675
5	20	0.9493	0.2621	0.1200
5	21	0.7999	0.4371	0.3679
6	7	0.9987	0.7337	0.6625
6	8	0.9992	0.5959	0.5405
6	9	0.9989	0.8887	0.4614
6	10	0.9985	0.5214	0.6267
7	8	0.9996	0.7362	0.5525
7	9	1.0000	0.4852	0.7200
7	10	0.9988	0.7317	0.2140
8	9	0.9983	0.8898	0.5884
8	10	0.9993	0.5904	0.5234
9	10	0.9998	0.5204	0.4004
9	18	0.5505	0.3060	0.5821
10	11	0.7503	0.9229	0.1677
10	19	0.8504	0.8081	0.4126
11	12	0.9992	0.6556	0.4128
11	13	0.9500	0.6584	0.5576
11	14	0.9997	0.5942	0.7415
11	15	0.9488	0.3156	0.7235
11	16	0.9499	0.5650	0.3797
11	17	0.6504	0.7344	0.4914
11	18	0.9470	0.6741	0.2893
11	19	0.8502	0.1944	0.7503
11	20	0.9980	0.4371	0.3091
12	13	0.9497	0.5590	0.4856
12	14	0.9985	0.6775	0.7227
12	15	0.5509	0.3622	0.3189
12	17	0.5503	0.5841	0.3502
13	14	0.9500	0.5052	0.5919
14	15	0.9971	0.8238	0.4361
14	17	0.8002	0.7452	0.3181
15	16	0.5506	0.4297	0.5170
15	17	0.8002	0.4996	0.4868
16	17	0.6006	0.6095	0.4878
16	18	0.6541	0.6338	0.3478
16	20	0.9001	0.5520	0.5687
16	21	0.5003	0.5745	0.2070
17	18	0.9502	0.7248	0.3962
18	19	0.9981	0.9420	0.3464
19	20	0.9489	0.9957	0.3073
19	21	0.8002	0.6502	0.6233
20	21	0.9489	0.6536	0.2477
