0	1	0.9996	0.4855	0.5059
0	2	0.9483	0.4351	0.5743
0	3	0.6505	0.6679	0.5254
0	6	0.9978	0.6759	0.3274
0	7	0.5022	0.5724	0.2462
0	10	0.9486	0.3300	0.4266
0	33	0.9991	0.4124	0.7916
1	2	0.9991	0.4996	0.5225
1	3	0.9993	0.1230	0.4201
1	5	0.6000	0.4765	0.2951
1	6	0.9987	0.5653	0.4182
1	33	0.9984	0.2628	0.4764
2	3	0.8993	0.9547	0.2358
2	6	0.6499	0.4740	0.4903
4	5	0.9482	0.5793	0.9248
4	6	0.7491	0.7747	0.1414
5	6	0.9970	0.5116	0.3372
5	7	0.9985	0.0715	0.9138
5	33	0.6059	0.2958	0.4689
6	7	0.9976	0.6511	0.1537
6	8	0.9976	0.3800	0.2880
7	8	0.9992	0.5012	0.2705
7	10	0.9491	0.1447	0.5844
7	12	0.9479	0.4861	0.3801
7	33	0.9999	0.7234	0.5025
7	43	0.5501	0.2649	0.2586
8	9	0.8001	0.8569	0.6447
8	10	0.9990	0.4151	0.3831
8	11	0.9997	0.5427	0.5015
8	12	0.9999	0.8565	0.3075
8	33	0.9999	0.3128	0.4484
8	44	0.5493	0.8954	0.4464
9	10	0.9974	0.9631	0.0639
9	12	0.9979	0.7955	0.5104
10	11	0.9996	0.8449	0.1244
10	12	1.0000	0.6347	0.7725
10	15	0.7003	0.7101	0.2609
10	33	0.5418	0.4516	0.2147
11	12	0.9991	0.7639	0.3931
11	15	0.9501	0.5940	0.4390
11	32	0.7460	0.6145	0.4703
11	33	1.0000	0.5933	0.4087
11	42	0.6513	0.4891	0.9558
12	13	1.0000	0.7205	0.7090
12	14	0.9995	0.4900	0.6030
12	15	1.0000	0.3842	0.5868
12	16	0.9990	0.1016	0.5126
12	32	0.7517	0.1135	0.7120
12	43	0.8002	0.1949	0.7309
13	14	0.9999	0.9806	0.0638
13	15	0.9987	0.6195	0.5444
13	16	0.8992	0.7551	0.3629
13	23	0.7504	0.3779	0.5215
14	15	0.9980	0.8465	0.0027
14	16	0.7994	0.7408	0.4088
14	18	0.9996	0.1502	0.1287
14	23	0.9001	0.1479	0.7641
14	24	0.6511	0.0629	0.1751
15	16	0.9999	0.5456	0.4405
15	17	0.7498	0.4004	0.5718
15	18	0.8498	0.4639	0.0470
15	32	0.9991	0.4913	0.5169
15	33	0.9983	0.6923	0.4059
15	42	0.9997	0.3897	0.8983
15	43	0.5499	0.2414	0.2174
16	17	0.9940	0.9955	0.2832
16	18	0.5003	0.7303	0.0792
16	31	0.9479	0.8927	0.9589
16	32	0.9988	0.6639	0.6216
16	33	0.9976	0.2986	0.1022
16	42	0.9993	0.6180	0.9672
17	18	0.8474	0.9335	0.1173
17	24	0.9447	0.8659	0.9637
17	33	0.6022	0.2508	0.0574
17	42	0.8987	0.4254	0.6996
17	44	0.5021	0.0086	0.3332
18	19	0.9987	0.9716	0.3115
18	20	0.9990	0.1626	0.3817
18	22	0.8994	0.6257	0.4407
18	23	0.9500	0.9357	0.5380
18	24	0.9991	0.8858	0.6702
18	27	0.6512	0.7617	0.3564
18	28	0.7999	0.9028	0.4985
18	31	0.9999	0.6698	0.4993
19	20	0.5503	0.4955	0.1801
19	22	0.9998	0.6920	0.7824
19	23	0.9998	0.5473	0.4152
19	24	0.9999	0.5669	0.6509
19	27	0.8497	0.6020	0.5934
19	31	0.6492	0.7128	0.4486
20	21	0.9999	0.9330	0.4747
20	22	0.7506	0.3198	0.4278
20	24	1.0000	0.0898	0.9366
20	26	0.7996	0.8020	0.4522
20	28	0.9993	0.1265	0.7007
20	29	0.8495	0.5294	0.6856
20	31	0.9994	0.0775	0.6577
21	22	0.8012	0.5151	0.1128
21	24	0.9990	0.6054	0.9848
21	26	0.8996	0.5586	0.5706
21	29	0.9486	0.7343	0.9062
21	31	0.7983	0.2778	0.6021
22	23	1.0000	0.8376	0.3790
22	24	0.9993	0.7640	0.5183
22	31	0.8494	0.5872	0.1436
23	24	0.9999	0.7277	0.2806
23	27	0.8503	0.5998	0.6485
23	31	0.9998	0.7940	0.5286
24	25	0.9484	0.9889	0.1580
24	27	0.9994	0.6680	0.6588
24	28	0.9981	0.9376	0.7454
24	30	0.8160	0.9491	0.5188
24	31	0.9993	0.8714	0.4823
25	26	1.0000	0.5993	0.4539
25	29	0.9994	0.4122	0.9648
25	30	0.9988	0.3872	0.4138
25	31	1.0000	0.0159	0.2282
26	28	0.5713	0.8048	0.2716
26	29	0.9981	0.8644	0.8735
26	30	0.9997	0.5174	0.4123
26	31	0.9993	0.5162	0.5050
27	28	0.9999	0.6568	0.6395
27	29	0.9979	0.6353	0.1769
27	30	0.5014	0.0542	0.3212
27	31	1.0000	0.7221	0.4433
28	29	0.9989	0.9306	0.1533
28	30	0.7010	0.6111	0.3444
28	31	1.0000	0.7599	0.4985
29	30	1.0000	0.7328	0.4067
29	31	1.0000	0.4812	0.5465
30	31	0.9993	0.4879	0.3109
31	35	0.8978	0.6490	0.1263
31	40	0.8504	0.4417	0.6193
31	41	0.7503	0.5011	0.6227
31	45	0.7999	0.3642	0.8489
32	33	0.9996	0.9653	0.0996
32	42	0.9992	0.9428	0.9688
32	43	0.6493	0.5955	0.4845
32	44	0.8498	0.9667	0.2172
33	34	0.9989	0.3330	0.4480
33	35	0.6512	0.1538	0.0273
33	37	0.9986	0.3140	0.5196
33	38	0.7500	0.3010	0.4788
33	39	0.8999	0.0798	0.5425
33	42	0.6481	0.3702	0.6914
33	43	1.0000	0.5031	0.6840
33	44	0.9996	0.3525	0.4756
33	51	0.7496	0.5128	0.5004
34	35	0.9976	0.9757	0.0078
34	36	0.9999	0.7255	0.5996
34	37	1.0000	0.6688	0.5915
34	38	0.9982	0.9371	0.6031
34	42	1.0000	0.6136	0.7756
34	43	0.9981	0.7148	0.3515
35	36	0.9990	0.4247	0.2954
35	37	0.7522	0.0241	0.3623
35	40	0.9995	0.4909	0.6165
35	41	0.7500	0.2890	0.6431
35	42	0.9987	0.3394	0.1885
36	37	0.9996	0.6415	0.2014
36	38	0.9996	0.4801	0.7899
36	39	0.9992	0.4385	0.6021
36	40	0.9998	0.4735	0.8116
36	42	0.5971	0.3962	0.2583
37	38	0.9992	0.4507	0.4645
37	39	0.9993	0.1117	0.2497
37	42	0.9991	0.2539	0.8037
37	43	0.5004	0.3460	0.3272
38	39	0.9975	0.9320	0.1681
38	42	0.6997	0.6090	0.6498
39	42	0.9974	0.9292	0.4993
39	44	0.5007	0.4970	0.4467
40	41	0.9498	0.7851	0.6501
41	45	0.5005	0.4945	0.5639
42	43	0.9992	0.9184	0.6459
42	44	0.9003	0.8267	0.7676
43	44	0.9500	0.9871	0.0676
46	47	0.9978	0.9515	0.7672
47	48	0.8993	0.7741	0.1725
48	49	0.9507	0.9410	0.4383
48	50	0.5496	0.7548	0.3316
48	51	0.7006	0.7616	0.6211
48	52	0.8002	0.6618	0.5614
49	50	0.9985	0.7370	0.4823
49	51	0.9494	0.7245	0.6550
49	52	0.9989	0.4236	0.9414
49	53	0.7496	0.5630	0.2623
50	51	0.9984	0.3506	0.1842
50	53	0.8506	0.4772	0.5234
51	52	0.9989	0.9430	0.1523
52	53	0.9981	0.9016	0.1931
