0	1	0.9493	0.8879	0.4798
0	18	0.6009	0.5793	0.7990
1	2	0.8003	0.7004	0.2231
1	3	0.5512	0.3352	0.6061
1	4	0.9492	0.4783	0.2407
2	3	0.9983	0.9707	0.0239
2	4	0.9999	0.4573	0.8967
2	5	0.9979	0.9005	0.0073
2	7	0.5284	0.5561	0.1142
2	13	0.9476	0.6956	0.0397
2	15	0.9494	0.7859	0.0921
2	16	0.7506	0.4166	0.7994
2	17	0.9991	0.7886	0.3083
3	4	1.0000	0.8738	0.2366
3	5	0.8975	0.4317	0.2369
3	7	0.9988	0.5083	0.4051
3	15	0.9987	0.6327	0.5136
3	16	0.8981	0.4610	0.6051
3	17	0.9962	0.5276	0.6956
3	18	0.8987	0.7153	0.3575
4	5	0.9975	0.4510	0.0796
4	6	0.9997	0.2340	0.8075
4	7	0.9487	0.2836	0.0082
4	17	0.6007	0.2751	0.8482
4	18	0.9493	0.4174	0.3069
5	6	0.9999	0.5331	0.5542
5	7	0.9993	0.4600	0.5184
5	12	0.6998	0.7087	0.7584
5	13	0.9990	0.4982	0.4459
5	15	0.6493	0.2911	0.4358
6	7	0.9995	0.5719	0.2394
7	12	0.6505	0.7739	0.6381
7	13	0.9997	0.5785	0.3553
7	15	0.9990	0.5795	0.3232
8	9	0.9989	0.4421	0.2684
8	11	0.5502	0.6505	0.5468
8	12	0.9998	0.4559	0.5373
9	10	0.9993	0.9040	0.4784
9	11	0.9987	0.6229	0.7552
9	12	0.8497	0.4319	0.5039
9	14	0.7010	0.0907	0.3669
10	11	0.7999	0.6180	0.7329
10	12	0.8999	0.6373	0.5853
11	12	0.9961	0.9347	0.4276
12	13	0.9994	0.9028	0.2364
12	14	0.9999	0.6825	0.7083
12	15	0.5601	0.8952	0.0809
13	14	0.9983	0.9446	0.4693
13	15	0.9998	0.5351	0.4233
13	16	0.8499	0.9104	0.6748
13	17	0.9999	0.6334	0.4170
14	15	0.9999	0.6607	0.5244
14	16	1.0000	0.1919	0.8778
14	17	0.6010	0.6680	0.1170
15	16	0.9990	0.9382	0.6350
15	17	0.9984	0.4807	0.4516
16	17	1.0000	0.5707	0.4843
16	18	0.7500	0.2228	0.4924
17	18	0.9996	0.9874	0.3102
