0	1	0.9986	1.0000	0.0268
0	2	0.9992	0.5418	0.7454
0	3	0.9996	0.5278	0.4011
0	7	0.9500	0.3228	0.1211
0	9	1.0000	0.4261	0.6242
0	10	0.9994	0.0721	0.7637
0	11	1.0000	0.8868	0.0000
1	2	0.9982	0.4692	0.0663
1	7	0.8991	0.8230	0.9993
1	11	0.9999	0.4640	0.5101
1	14	0.9999	0.5390	0.9849
1	15	0.9517	0.0373	0.0586
2	3	0.9987	0.5846	0.3943
2	6	0.9994	0.3730	0.7422
2	7	1.0000	0.4781	0.4376
2	8	0.5031	0.0062	0.9596
2	9	0.9990	0.7017	0.4867
2	10	0.9497	0.9684	0.9138
2	11	0.9998	0.2661	0.1606
3	4	0.9983	0.5660	0.4190
3	5	0.7502	0.1362	0.1199
3	6	0.9996	0.5608	0.4809
3	7	0.9998	0.3984	0.3810
3	8	0.9993	0.8595	0.7878
3	9	0.9999	0.5340	0.5117
3	10	1.0000	0.6350	0.9938
3	11	0.9998	0.6277	0.0084
4	5	0.9986	0.7799	0.5534
4	6	0.9992	0.6434	0.4269
4	7	0.9988	0.6525	0.5620
4	8	0.9005	0.0061	0.5198
4	9	0.9987	0.4196	0.3960
4	10	0.9997	0.0782	0.9983
5	6	0.9998	0.4987	0.4860
6	7	0.9994	0.5417	0.5314
6	8	0.9509	0.0000	0.9989
6	9	1.0000	0.0009	0.1269
6	11	0.9018	0.0000	0.2910
7	8	1.0000	1.0000	0.9990
7	9	1.0000	0.7001	0.3536
7	11	1.0000	1.0000	0.3517
8	9	0.9995	0.9703	0.0592
8	11	1.0000	0.5182	0.9111
9	10	0.9991	0.7675	0.6466
9	11	1.0000	0.0183	0.1118
11	14	1.0000	0.6107	0.9172
11	15	0.9499	0.4187	0.0377
12	14	0.9989	0.3117	0.5226
12	15	0.9999	0.5371	0.6105
12	20	0.9998	0.4942	0.4433
12	21	0.9991	0.3677	0.4670
13	14	0.9936	0.5618	0.0003
13	19	0.9498	0.8737	0.5020
13	20	0.9993	0.8060	0.1962
14	15	0.9994	0.5620	0.4486
14	17	0.9967	0.2927	0.5884
14	18	0.9999	0.0796	0.1480
14	19	1.0000	0.0207	0.3108
14	20	1.0000	0.6180	0.4991
14	21	1.0000	0.6054	0.5563
15	16	0.9986	0.9830	0.1889
15	17	1.0000	0.7084	0.3585
15	18	0.9990	0.9646	0.4479
15	19	0.9967	0.9930	0.5262
15	20	0.9999	0.5807	0.4325
15	21	0.9999	0.6211	0.3082
16	17	0.9499	0.9598	0.3570
16	20	0.5500	0.2174	0.3528
17	18	0.9995	0.6282	0.2369
17	19	0.7013	0.4160	0.3290
17	20	0.9983	0.4667	0.6066
18	19	0.9994	0.3986	0.7690
18	20	1.0000	0.7089	0.3208
19	20	0.9987	0.9665	0.0714
20	21	0.9987	0.3289	0.4487
