0	2	0.9990	0.5485	0.6925
0	3	1.0000	0.7734	0.3200
0	7	0.9986	0.5813	0.1583
0	9	0.9986	0.5918	0.5754
0	10	0.9998	0.1675	0.4987
0	11	0.9998	0.9647	0.0000
1	2	0.9963	0.5022	0.0278
1	7	0.6996	0.9301	0.9981
1	9	0.5515	0.0267	0.0196
1	11	1.0000	0.4580	0.6478
1	13	1.0000	0.5067	0.9702
2	3	0.9999	0.4776	0.3344
2	6	0.9963	0.2020	0.5409
2	7	0.9999	0.3948	0.4776
2	8	0.5009	0.0159	0.9982
2	9	0.9989	0.5329	0.4538
2	11	0.9986	0.2599	0.2567
3	4	0.9992	0.5028	0.4136
3	6	0.9997	0.3933	0.4007
3	7	0.9995	0.3240	0.3927
3	8	0.9997	0.7834	0.8548
3	9	0.9989	0.5282	0.4666
3	10	1.0000	0.7079	1.0000
3	11	1.0000	0.4678	0.0408
4	5	0.9963	0.6908	0.6445
4	6	0.9979	0.8394	0.4233
4	7	0.9988	0.6722	0.5157
4	8	0.9500	0.0602	0.7687
4	9	0.9984	0.4190	0.4616
4	10	0.9503	0.0421	0.9994
5	6	1.0000	0.7729	0.2246
5	7	0.9499	0.9998	0.6667
6	7	1.0000	0.4757	0.4944
6	8	0.9527	0.0002	0.9972
6	9	1.0000	0.0003	0.2369
7	8	1.0000	1.0000	1.0000
7	9	0.9999	0.7109	0.3702
7	11	0.9993	0.9997	0.6109
8	9	1.0000	0.9217	0.1405
8	11	0.9999	0.5329	0.9235
9	10	0.9994	0.7366	0.6435
9	11	0.9988	0.1659	0.2962
9	13	0.7987	0.4291	0.5699
11	13	0.9997	0.5978	0.8191
12	13	0.9982	0.3021	0.4177
12	14	0.9984	0.9240	0.9884
12	17	0.8000	0.7373	0.4966
12	19	0.9984	0.3346	0.4988
12	20	0.9987	0.6273	0.6388
13	14	0.9998	0.3906	0.6275
13	16	0.5006	0.3029	0.7329
13	17	0.9983	0.2471	0.3942
13	18	0.9999	0.0882	0.9196
13	19	0.9489	0.6088	0.5947
14	15	0.9990	0.9861	0.5396
14	16	0.9979	0.9328	0.8386
14	17	0.9993	0.9450	0.6329
14	18	0.8987	0.9890	0.5538
14	19	1.0000	0.4850	0.4516
14	20	0.9996	0.9751	0.7593
15	16	0.9991	0.6023	0.5189
15	17	0.9991	0.5307	0.7618
15	18	0.5501	0.3873	0.1527
15	19	0.9996	0.4967	0.2997
16	17	0.8501	0.8513	0.3176
16	19	0.7503	0.8744	0.2656
17	19	0.9997	0.6295	0.3043
17	20	0.9998	0.5135	0.5810
19	20	0.9999	0.4573	0.4104
