0	1	0.9986	0.9670	0.3976
0	2	0.9996	0.8459	0.4245
0	3	0.9998	0.9321	0.2306
0	7	0.6499	0.3310	0.2248
0	10	0.7494	0.8504	0.2560
0	11	0.9986	0.7931	0.4928
0	12	0.9999	0.9261	0.2622
0	14	0.9963	0.6319	0.2947
0	15	0.9003	0.8526	0.6558
0	16	0.6501	0.7165	0.5993
1	2	1.0000	0.6814	0.4931
1	3	0.9997	0.6095	0.3811
1	10	0.9994	0.7301	0.3358
1	11	0.9992	0.7553	0.4749
1	12	1.0000	0.7139	0.4770
1	14	0.9967	0.9554	0.0423
1	15	0.9997	0.5338	0.6808
1	16	0.9487	0.4968	0.7430
2	3	1.0000	0.5975	0.3489
2	4	0.9997	0.5192	0.1901
2	5	0.9997	0.4695	0.6610
2	7	0.9999	0.4644	0.4721
2	8	1.0000	0.4350	0.4743
2	10	1.0000	0.4357	0.4245
2	11	0.9991	0.3299	0.5276
2	12	1.0000	0.5420	0.4385
2	13	0.9994	0.6146	0.5972
2	14	0.9970	0.7320	0.1195
2	15	0.7504	0.7808	0.4574
3	4	0.9998	0.4107	0.4019
3	5	0.9999	0.3801	0.5576
3	6	0.9985	0.3033	0.3504
3	7	0.9990	0.3998	0.3981
3	8	0.9990	0.3338	0.3578
3	9	0.8499	0.4346	0.9993
3	10	0.9996	0.2835	0.1060
3	11	0.6010	0.1942	0.1168
3	12	0.9993	0.3248	0.4329
4	5	1.0000	0.5517	0.5035
4	6	1.0000	0.6092	0.4335
4	7	0.9999	0.5074	0.4627
4	8	1.0000	0.5485	0.4437
5	7	0.9991	0.6781	0.5779
5	8	1.0000	0.6891	0.4431
6	7	0.9993	0.6765	0.5924
6	8	0.9998	0.7151	0.5361
7	8	1.0000	0.5445	0.5372
7	9	0.9991	0.0311	0.9134
7	10	0.9998	0.6277	0.6929
7	13	0.9495	0.0168	0.7951
8	9	0.9995	0.8301	0.6406
8	10	0.5792	0.3253	0.3092
10	11	0.9990	0.3688	0.3317
10	12	0.9985	0.4652	0.3346
10	13	0.8501	0.4206	0.5549
11	12	0.9999	0.5041	0.3654
11	14	0.5025	0.1036	0.1621
12	13	0.9996	0.9455	0.4811
12	14	0.9964	0.6439	0.0284
12	15	0.9983	0.4124	0.4340
12	16	0.9483	0.4074	0.5286
13	14	0.9951	0.7480	0.0141
15	16	0.7967	0.3350	0.3191
