0	1	0.8501	0.5302	0.3426
0	3	0.9000	0.6275	0.8669
1	2	0.9498	0.8424	0.6874
1	3	0.9998	0.5985	0.5815
1	4	0.7502	0.6511	0.4562
2	3	0.9998	0.7764	0.4927
2	4	0.9997	0.6377	0.6757
2	18	0.6004	0.6249	0.5824
2	24	0.6005	0.7019	0.3606
2	25	0.9987	0.6086	0.1700
3	4	0.9998	0.5626	0.4210
3	8	0.5505	0.5044	0.3146
3	12	0.5509	0.5489	0.6652
3	18	0.9995	0.6955	0.7287
3	22	0.9978	0.6001	0.7398
3	23	0.5500	0.4863	0.4092
3	24	0.9983	0.4718	0.7223
3	25	0.9998	0.5170	0.4375
4	7	0.6501	0.5405	0.6841
4	9	0.9494	0.8645	0.4158
4	18	0.9999	0.6243	0.5880
4	22	0.8497	0.5005	0.6012
4	24	0.7002	0.7129	0.5894
4	25	0.9995	0.5359	0.3238
5	25	0.9479	0.5186	0.4662
6	8	0.5013	0.5305	0.1205
6	9	0.8997	0.1180	0.9539
6	18	0.5011	0.5156	0.4195
6	25	0.9982	0.4681	0.1611
7	8	0.9990	0.6801	0.4345
7	9	0.9988	0.5097	0.7101
7	10	0.6007	0.4464	0.6034
7	12	0.5502	0.4379	0.6585
7	17	0.5513	0.5405	0.4268
7	25	0.9485	0.5342	0.1916
8	9	0.9974	0.8380	0.5094
8	10	0.7002	0.5100	0.4711
8	11	0.6002	0.4250	0.4439
8	14	0.7003	0.5401	0.4937
8	15	0.6508	0.5408	0.5480
8	16	0.7002	0.5095	0.4571
8	17	0.7998	0.5747	0.5802
8	18	0.7509	0.6401	0.4952
8	25	0.8000	0.4551	0.3619
9	10	0.8501	0.8341	0.5450
9	11	0.6496	0.5874	0.3328
9	12	0.9988	0.6091	0.3889
9	14	0.9001	0.6071	0.2488
9	17	0.6998	0.4079	0.6912
9	18	0.9980	0.5978	0.3591
9	24	0.6008	0.5225	0.5401
9	25	0.9978	0.5609	0.2630
10	11	0.6503	0.6123	0.6862
11	12	0.9987	0.4832	0.5624
11	14	0.8144	0.4418	0.4098
11	15	0.5502	0.5562	0.5331
11	16	0.7003	0.5457	0.5929
11	17	0.5008	0.4144	0.4438
11	18	0.6002	0.3832	0.3758
12	13	0.6493	0.5714	0.3181
12	14	0.7001	0.5509	0.4245
12	16	0.6517	0.5638	0.4070
12	17	0.9993	0.7078	0.5100
12	18	0.5514	0.6873	0.5492
12	25	0.8502	0.2064	0.1733
13	14	0.5999	0.4942	0.1431
13	18	0.7990	0.8846	0.4446
14	15	0.9982	0.4500	0.5846
14	16	0.9996	0.5055	0.5139
14	17	0.9993	0.5721	0.5645
14	18	0.7995	0.5143	0.4648
15	16	0.9997	0.5194	0.4781
15	17	0.9998	0.5544	0.4597
15	18	0.9995	0.6180	0.4501
15	19	0.8001	0.5667	0.4530
15	20	0.6505	0.5803	0.3335
15	22	0.7994	0.5092	0.6347
16	17	0.9996	0.5750	0.4509
16	18	0.8999	0.5811	0.4644
16	19	0.6996	0.4403	0.4507
16	20	0.7542	0.3697	0.4513
16	22	0.8000	0.6303	0.5437
17	18	0.8998	0.7645	0.4691
17	20	0.6507	0.5230	0.3691
18	19	0.9994	0.6783	0.5841
18	20	0.9990	0.6466	0.5187
18	21	0.9984	0.5583	0.6025
18	22	0.9989	0.7927	0.5482
18	23	0.9977	0.8577	0.7289
18	24	0.6004	0.5244	0.6020
18	25	0.5002	0.6160	0.2899
19	20	0.8994	0.5573	0.4996
19	22	0.9483	0.4971	0.5586
20	21	0.9984	0.9488	0.5391
20	22	0.9990	0.7676	0.4953
21	22	0.9483	0.7441	0.2813
21	23	0.7714	0.5921	0.8941
22	23	0.9984	0.8535	0.6157
22	24	0.7487	0.5157	0.4699
22	25	0.9997	0.6557	0.3872
23	24	0.9980	0.5200	0.3745
23	25	0.9988	0.4563	0.2545
24	25	0.9995	0.5797	0.3576
24	27	0.7497	0.4169	0.2552
25	26	0.8974	0.5289	0.5084
26	27	0.9974	0.8448	0.0947
27	28	0.8501	0.6419	0.5151
27	29	0.7508	0.5800	0.4092
28	29	0.8501	0.5553	0.5533
