0	1	0.9995	0.9914	0.1979
0	2	1.0000	0.8471	0.8606
0	4	0.9997	0.7476	0.9038
0	8	0.9997	0.8740	0.2351
0	9	0.9989	0.1315	0.6542
1	2	0.8993	0.4238	0.6378
1	4	0.9970	0.1403	0.9793
1	8	1.0000	0.0064	0.1141
1	10	0.8492	0.1495	0.4876
2	3	0.9501	0.9896	0.0949
2	4	0.9977	0.7741	0.7985
2	5	0.9977	0.2426	0.4902
2	6	0.9998	0.0453	0.8168
2	7	0.9498	0.2197	0.1234
2	8	0.9988	0.9564	0.5756
2	10	0.9999	0.3561	0.8152
2	11	0.9990	0.4844	0.3181
3	4	0.9989	0.1807	0.4096
3	8	0.9998	0.0159	0.9079
3	9	0.9991	0.6851	0.2335
4	5	0.9991	0.9777	0.1523
4	6	0.9989	0.9875	0.5971
4	7	0.9990	0.9104	0.7050
4	8	1.0000	0.6403	0.5163
4	9	0.9995	0.1870	0.3051
4	10	0.9998	0.7055	0.4397
5	6	0.9993	0.9849	0.3949
5	7	1.0000	0.8321	0.5334
6	7	0.9985	0.4832	0.1623
6	10	0.9501	0.6256	0.9612
6	11	0.5501	0.5694	0.0883
7	8	1.0000	0.9603	0.2940
7	10	0.9998	0.5523	0.4252
8	9	1.0000	0.4639	0.5480
8	10	0.9992	0.5135	0.2718
9	10	0.9991	0.9127	0.0278
10	11	0.9987	0.7914	0.7043
