0	1	0.8000	0.5544	0.4318
0	2	0.5007	0.6216	0.4936
0	3	0.8008	0.5385	0.4030
1	2	0.9998	0.6187	0.4096
1	3	0.9996	0.4959	0.4184
1	4	0.7507	0.4961	0.4847
1	8	0.6003	0.5222	0.5768
2	3	0.5397	0.4467	0.3112
2	4	0.9996	0.5860	0.6117
2	5	0.7506	0.5949	0.5042
2	6	0.8499	0.6998	0.4391
2	7	0.9984	0.5475	0.7060
2	8	0.9993	0.6475	0.6006
2	9	0.7502	0.6211	0.4891
3	4	0.9500	0.5945	0.5278
3	5	0.9500	0.7494	0.4792
3	6	0.9996	0.6819	0.4973
3	7	0.9985	0.6716	0.7296
3	8	0.9982	0.5720	0.6884
3	9	0.6005	0.5378	0.4544
4	5	0.9998	0.5473	0.4681
4	6	0.9990	0.4597	0.5197
4	7	0.9983	0.5159	0.5992
4	8	0.9988	0.6099	0.6470
4	9	0.7517	0.3933	0.4170
5	6	0.9990	0.5938	0.4172
5	7	0.8998	0.6974	0.5108
5	8	0.8004	0.5998	0.6093
5	9	0.9497	0.6800	0.5093
6	7	0.9987	0.5694	0.5478
6	8	0.9979	0.4763	0.6450
6	9	0.9998	0.5664	0.4035
7	8	0.9996	0.6043	0.5361
7	9	0.9995	0.6246	0.5271
7	10	0.5214	0.4612	0.3705
7	11	0.8013	0.5920	0.3824
8	9	0.9995	0.6265	0.5091
8	10	0.5006	0.4357	0.5711
8	11	0.8497	0.6111	0.5132
9	10	0.5007	0.4515	0.4703
9	11	0.7498	0.5424	0.5192
9	13	0.6000	0.5390	0.5726
9	15	0.5498	0.6569	0.5895
10	11	0.6506	0.6069	0.4386
11	12	0.8999	0.5126	0.4492
11	13	0.8002	0.4817	0.4033
11	14	0.6501	0.4775	0.5408
12	13	0.8001	0.5149	0.6020
12	14	0.9993	0.6024	0.5378
12	16	0.8500	0.6338	0.5172
12	18	0.7002	0.6159	0.7049
13	14	0.9995	0.5356	0.5815
13	15	0.6001	0.4696	0.5463
13	16	0.9500	0.5987	0.4925
13	17	0.5012	0.4148	0.3177
13	18	0.9496	0.5828	0.4585
14	15	0.9989	0.7906	0.6791
14	16	0.9999	0.6574	0.3818
14	17	0.9988	0.6444	0.4727
14	18	0.9000	0.6641	0.5038
14	19	0.5420	0.4533	0.5707
16	17	0.9996	0.6606	0.4748
16	18	0.9494	0.4729	0.5210
16	19	0.5504	0.5509	0.3629
16	20	0.8001	0.5529	0.6356
16	21	0.9500	0.6072	0.5160
16	22	0.5008	0.3881	0.4718
17	18	0.9992	0.6189	0.5412
17	19	0.8002	0.5446	0.5099
17	20	0.9993	0.5256	0.5655
17	21	0.9493	0.5313	0.2920
17	22	0.6504	0.3813	0.4420
18	19	0.9497	0.5421	0.4456
18	20	0.9001	0.5107	0.5977
18	21	0.9995	0.5670	0.4167
18	22	0.7505	0.6238	0.4615
19	20	0.5499	0.5929	0.3767
19	21	0.8498	0.5294	0.3257
19	22	0.6509	0.4050	0.4186
20	21	0.8499	0.5427	0.3371
20	22	0.9496	0.4795	0.4098
20	23	0.6505	0.5804	0.4226
21	22	0.9994	0.5694	0.4605
21	23	0.8497	0.5398	0.3646
22	23	0.9498	0.5478	0.5506
22	26	0.5998	0.4932	0.5429
23	24	0.8993	0.6064	0.4144
23	25	0.9987	0.5930	0.6061
23	26	0.8488	0.5142	0.5731
23	27	0.5527	0.5943	0.6343
23	29	0.9495	0.4201	0.4030
24	25	0.9489	0.5598	0.5246
24	26	0.9977	0.6127	0.5591
24	27	0.8988	0.4318	0.7152
24	28	0.7506	0.4166	0.3416
24	29	0.5513	0.6134	0.3811
25	26	0.9994	0.5424	0.4846
25	27	0.9489	0.6538	0.5805
25	28	0.8386	0.3416	0.4955
25	29	0.7499	0.4513	0.3800
26	27	0.8002	0.6387	0.5154
26	29	0.7999	0.3905	0.4764
28	29	0.9500	0.5944	0.4039
29	30	0.8503	0.7470	0.5135
