0	1	0.9995	0.4550	0.4935
0	2	0.9988	0.6858	0.4396
0	6	0.5009	0.5664	0.2660
0	7	0.9996	0.7114	0.6068
0	8	0.5989	0.6800	0.5850
0	9	0.9999	0.6871	0.4714
0	10	0.9497	0.7634	0.4169
0	11	0.9996	0.7748	0.3008
0	21	0.5507	0.6143	0.2605
1	2	0.9998	0.7143	0.6381
1	3	0.9998	0.6822	0.5676
1	6	0.8999	0.4393	0.5749
1	7	0.9999	0.6600	0.5793
1	8	0.8981	0.6717	0.7680
1	9	0.9993	0.6474	0.4916
2	3	0.9992	0.5742	0.6209
2	6	0.6502	0.3185	0.4658
2	7	1.0000	0.5771	0.6959
2	8	0.6996	0.4313	0.4555
3	4	0.9997	0.8685	0.7365
3	5	0.9992	0.6433	0.4149
3	6	0.9986	0.6258	0.2530
3	7	0.5496	0.6140	0.6066
3	8	0.8494	0.7303	0.9163
4	5	0.7999	0.3744	0.3614
4	6	0.6008	0.6860	0.3877
4	7	0.6501	0.7284	0.7626
5	6	0.9497	0.4053	0.3217
5	7	0.9994	0.7020	0.7767
6	7	0.9989	0.5744	0.7685
6	8	0.9495	0.2390	0.5836
7	8	0.7995	0.9267	0.7257
7	9	0.7003	0.7006	0.3381
9	10	0.8500	0.4956	0.4108
9	11	0.8498	0.5943	0.5127
10	11	0.9987	0.6339	0.7044
10	12	0.6002	0.4131	0.4953
10	13	0.5987	0.4003	0.5632
10	14	0.8982	0.5722	0.3311
10	15	0.5499	0.5011	0.6583
10	18	0.5995	0.5892	0.6245
11	12	0.9967	0.9466	0.4700
11	13	0.7002	0.6043	0.4487
11	14	0.6502	0.6244	0.3331
11	15	0.6500	0.5898	0.4488
11	17	0.7498	0.5811	0.5279
11	18	0.8499	0.5690	0.5452
11	21	0.9502	0.5476	0.3981
12	13	0.9992	0.7473	0.6214
12	14	0.9996	0.6227	0.7732
12	16	0.9497	0.3408	0.8038
12	17	0.9989	0.6232	0.5288
12	18	0.9994	0.6013	0.7969
13	14	0.9492	0.5216	0.5384
13	16	0.5510	0.3475	0.4892
13	17	0.5978	0.5931	0.4496
13	18	0.5500	0.4591	0.4877
14	15	0.8001	0.7588	0.6942
14	16	0.9001	0.7545	0.5703
14	17	0.9992	0.7273	0.5241
14	18	0.7502	0.4907	0.5081
15	16	0.7624	0.5531	0.5574
16	17	0.8995	0.8164	0.4013
16	18	0.8497	0.8259	0.6873
17	18	0.9990	0.6226	0.5638
17	20	0.8996	0.2727	0.7243
17	21	0.9002	0.6707	0.3554
17	22	0.5011	0.4031	0.5073
17	24	0.7001	0.3020	0.4247
18	19	0.9489	0.9742	0.3972
18	20	0.9987	0.9163	0.7144
18	21	0.9996	0.6479	0.5650
18	22	0.9993	0.8734	0.6280
18	23	0.9981	0.9805	0.5611
18	24	0.9980	0.7606	0.5351
18	25	0.6501	0.7673	0.7291
18	26	0.8005	0.8275	0.1337
19	20	0.8498	0.7994	0.2972
19	21	0.7000	0.2241	0.9561
19	23	0.9496	0.2631	0.5537
19	24	0.8498	0.2237	0.4370
19	26	0.8986	0.7341	0.1014
20	21	0.9993	0.8734	0.6893
20	22	0.9480	0.6483	0.2911
20	23	0.8001	0.1963	0.8637
20	24	0.7493	0.6665	0.5784
20	25	0.5528	0.1130	0.5312
20	26	0.5016	0.5106	0.0439
21	22	0.9990	0.8415	0.5075
21	23	0.8992	0.9079	0.4343
21	24	0.9496	0.5348	0.6779
22	23	0.7999	0.4430	0.4507
22	24	0.7500	0.5012	0.3757
22	26	0.7494	0.8297	0.1187
23	24	0.7497	0.4566	0.3764
23	26	0.6501	0.5303	0.3311
24	25	0.5990	0.6134	0.2269
24	26	0.7497	0.8641	0.1375
25	26	0.9969	0.9385	0.1100
26	27	0.9999	0.8151	0.3681
26	28	0.7503	0.8887	0.5046
26	29	0.7994	0.3216	0.6834
26	30	0.6500	0.3589	0.4174
26	31	0.9502	0.6988	0.4793
26	32	0.9997	0.5960	0.5623
27	28	0.9999	0.7502	0.5015
27	29	0.7999	0.5114	0.5955
27	30	0.9996	0.4509	0.6691
27	31	0.9998	0.5562	0.5725
27	32	0.9999	0.6371	0.4650
27	33	0.9000	0.5784	0.4667
27	34	0.6001	0.5059	0.4806
28	29	0.9474	0.9881	0.5392
28	30	0.9996	0.8149	0.9393
28	31	0.9998	0.4741	0.6637
28	32	0.8999	0.6899	0.4872
29	30	0.8966	0.8495	0.4396
29	31	0.9982	0.6377	0.5559
29	32	0.6496	0.4682	0.4845
30	31	0.9986	0.7144	0.4212
30	32	0.7999	0.4870	0.5392
31	32	0.9998	0.7358	0.3952
31	33	0.7505	0.7089	0.5372
32	33	0.9993	0.5694	0.5260
32	34	0.6506	0.6164	0.5838
33	34	0.9992	0.6514	0.3834
33	35	0.5501	0.5010	0.2794
34	35	0.8990	0.7442	0.3017
34	36	0.5501	0.7256	0.4554
34	37	0.6000	0.6424	0.2955
34	38	0.5998	0.6858	0.3871
35	36	0.9988	0.4257	0.4401
35	37	0.9991	0.4918	0.4499
35	38	0.9991	0.4994	0.5835
35	39	0.9992	0.5160	0.4230
35	40	0.9990	0.5842	0.3555
35	41	0.9991	0.4776	0.5128
35	42	0.7499	0.7389	0.1572
35	43	0.8500	0.4488	0.1028
36	37	0.9995	0.5662	0.4684
36	38	0.9968	0.4591	0.5241
36	39	0.9990	0.5933	0.5483
36	40	0.9988	0.6624	0.4392
36	41	0.9993	0.5665	0.6118
36	42	0.8988	0.6431	0.2632
36	43	0.8983	0.5467	0.0804
37	38	0.9985	0.4902	0.5864
37	39	0.9995	0.6157	0.5407
37	40	0.9996	0.6452	0.4857
37	41	0.9992	0.6141	0.5856
37	42	0.6507	0.6594	0.2180
37	43	0.9983	0.6639	0.0832
38	39	0.7965	0.5884	0.5253
38	40	0.9998	0.5745	0.4043
38	41	0.9989	0.6203	0.6410
38	42	0.7500	0.4273	0.3522
38	43	0.6497	0.4594	0.1595
39	40	0.9490	0.5454	0.4078
39	41	0.9489	0.6743	0.6734
39	43	0.7993	0.5519	0.0933
40	41	0.9515	0.4878	0.6324
40	42	0.5503	0.2886	0.3163
40	43	0.8500	0.5049	0.1984
41	42	0.9495	0.9262	0.2130
41	43	0.9002	0.9648	0.2150
42	43	0.9991	0.6890	0.1316
42	44	0.8004	0.5402	0.4313
43	44	1.0000	0.7984	0.3981
43	45	0.9996	0.4312	0.5671
43	46	0.8007	0.4164	0.5168
44	45	0.9992	0.7937	0.6477
44	46	0.8500	0.6389	0.3604
44	47	0.8003	0.7532	0.8201
45	46	0.9991	0.8203	0.5442
45	47	0.9990	0.7576	0.4126
45	48	0.9414	0.5504	0.5216
46	47	0.9997	0.7668	0.3250
46	49	0.5040	0.5646	0.1947
47	48	0.9995	0.7667	0.7877
47	49	0.9999	0.6326	0.4495
48	49	0.9495	0.8132	0.5591
49	50	0.9991	0.7447	0.7341
49	51	0.9491	0.5726	0.6863
49	52	0.7503	0.5786	0.6553
49	53	0.7002	0.6260	0.6250
50	51	0.9998	0.6303	0.5326
50	52	0.8986	0.6024	0.4635
50	53	0.9999	0.7229	0.5869
51	52	0.9497	0.5210	0.5714
51	53	0.9998	0.6325	0.5198
51	54	0.6511	0.6714	0.5057
51	55	0.8996	0.5840	0.5493
52	53	0.9998	0.6551	0.5822
52	55	0.9992	0.8294	0.6130
53	54	0.9989	0.7441	0.6253
53	55	0.9999	0.7836	0.6370
54	55	0.9999	0.6570	0.6891
54	57	0.9996	0.6713	0.4615
55	56	0.9991	0.7615	0.7228
55	57	1.0000	0.6393	0.5013
55	59	0.5011	0.7934	0.4525
56	57	0.9996	0.6511	0.4166
56	58	0.6504	0.4235	0.5866
56	59	0.8502	0.5333	0.6374
57	58	0.9998	0.7637	0.6121
57	59	0.9998	0.8321	0.4871
57	60	0.7502	0.6649	0.4431
58	59	1.0000	0.6559	0.5117
58	60	0.8996	0.5788	0.4710
59	60	1.0000	0.6870	0.5112
