0	1	0.9999	0.6426	0.4644
0	2	0.9997	0.6593	0.4394
1	2	0.9997	0.5532	0.2659
1	4	0.7002	0.4527	0.4178
2	3	0.9979	0.8709	0.5476
2	4	0.9999	0.5025	0.5520
2	6	0.9987	0.8272	0.2600
3	4	0.9998	0.6234	0.3177
3	5	0.5507	0.5317	0.3421
3	6	0.8989	0.6314	0.1616
4	5	0.9997	0.6166	0.3541
5	6	1.0000	0.5891	0.3498
6	7	0.9486	0.4768	0.2446
6	8	0.8000	0.3495	0.3984
6	10	0.9995	0.3745	0.6533
7	8	0.9499	0.9917	0.4191
7	9	0.6006	0.8224	0.4141
7	10	0.9998	0.7687	0.6359
8	9	0.9981	0.8046	0.2270
9	10	0.9487	0.5596	0.3864
