0	1	0.5978	0.6141	0.3447
0	8	0.9986	0.5083	0.5608
1	2	0.7495	0.9007	0.3864
1	5	0.5502	0.5456	0.4678
1	8	0.6487	0.7589	0.5807
1	9	0.8490	0.4686	0.6112
2	3	0.9499	0.6946	0.4793
2	4	0.6515	0.7397	0.4719
2	5	0.6508	0.5630	0.4547
2	8	0.9484	0.6610	0.4597
3	4	0.6500	0.7499	0.4794
3	5	0.8500	0.6879	0.4711
3	7	0.8997	0.5414	0.3589
3	8	0.7003	0.5721	0.3404
4	5	0.9499	0.5572	0.4098
4	7	0.9987	0.4534	0.5692
5	6	0.9998	0.9272	0.2757
5	7	0.9984	0.4288	0.5187
5	8	0.9992	0.4936	0.3966
5	9	0.9489	0.5125	0.5331
6	7	0.8496	0.4528	0.3842
6	8	0.9999	0.3999	0.9146
6	9	0.9496	0.4290	0.7638
7	8	1.0000	0.6407	0.3494
7	9	0.8977	0.3901	0.5559
8	9	0.9998	0.5822	0.5535
9	10	0.9484	0.8888	0.5303
9	13	0.5510	0.5192	0.4349
9	17	0.5992	0.4620	0.3981
10	17	0.7494	0.6374	0.5690
11	12	0.9996	0.7151	0.6566
11	13	0.9997	0.6140	0.5082
11	16	0.9985	0.4818	0.6774
11	17	0.9986	0.3636	0.5474
11	18	0.9988	0.4794	0.6588
12	13	0.9999	0.7423	0.4380
12	14	0.5004	0.4817	0.4568
12	15	0.9494	0.6199	0.4957
12	16	0.8998	0.6391	0.6088
12	17	0.9992	0.7933	0.5653
12	18	0.9498	0.7773	0.8079
13	14	1.0000	0.8222	0.4949
13	15	0.9985	0.6726	0.6435
13	16	0.9989	0.6925	0.6002
13	17	0.9496	0.6713	0.5638
13	18	0.9995	0.5950	0.4879
14	15	0.9997	0.5127	0.5492
14	16	0.9990	0.4423	0.4056
14	17	0.9997	0.5262	0.5008
14	18	0.9998	0.5681	0.6998
15	16	0.9985	0.5326	0.3800
15	17	0.9991	0.5290	0.5203
15	18	0.9982	0.5207	0.6238
16	17	1.0000	0.6699	0.4940
16	18	0.9991	0.6062	0.6280
17	18	0.9986	0.5196	0.4864
