0	1	0.9978	0.6548	0.1267
0	2	0.7507	0.3528	0.9195
0	4	0.9501	0.4306	0.8514
0	5	0.9981	0.6729	0.0768
0	14	0.5001	0.5872	0.6302
0	15	0.9500	0.5629	0.7705
1	2	0.9982	0.8907	0.6366
1	3	0.7983	0.7377	0.2838
1	4	0.9997	0.4171	0.7347
1	5	0.9990	0.4615	0.5994
1	6	0.9490	0.4951	0.4129
1	14	0.9991	0.5183	0.3107
1	15	0.8997	0.0540	0.8836
2	3	0.9985	0.8614	0.7010
2	4	0.9998	0.8524	0.1630
2	5	0.8499	0.7196	0.9319
2	13	0.6509	0.5629	0.8371
2	14	0.9985	0.8898	0.1328
3	4	0.9981	0.6165	0.2522
3	5	0.6500	0.3383	0.8306
3	14	0.9501	0.7551	0.6144
4	5	1.0000	0.8498	0.2182
4	14	1.0000	0.3927	0.5556
4	15	0.9990	0.8026	0.4177
5	6	0.9987	0.7925	0.4976
5	7	0.8498	0.8563	0.6462
6	7	0.9999	0.7202	0.5382
6	8	0.6003	0.6803	0.5697
6	9	0.9989	0.4403	0.3241
6	10	0.8999	0.4169	0.8879
7	8	0.9965	0.9610	0.6055
7	9	0.9990	0.7886	0.1828
7	10	1.0000	0.7516	0.9623
7	11	0.9995	0.7039	0.6388
8	9	0.9970	0.7458	0.0288
8	10	0.9498	0.2827	0.8154
9	10	0.9997	0.4670	0.5814
9	11	0.9978	0.4884	0.6100
9	12	1.0000	0.2680	0.9081
9	13	0.8990	0.2546	0.2843
9	14	0.8483	0.8832	0.1476
10	11	0.7972	0.5848	0.5145
10	12	0.9999	0.5311	0.8296
10	13	0.9988	0.6367	0.3587
10	14	0.9003	0.3086	0.1900
11	12	0.9983	0.7359	0.7274
11	13	0.9981	0.6545	0.6416
11	14	0.9986	0.9085	0.2710
12	13	0.9994	0.8858	0.4876
12	14	0.9992	0.3343	0.4615
13	14	0.9988	0.9963	0.1567
13	15	0.7507	0.8020	0.8707
14	15	0.9983	0.7586	0.2030
