0	1	0.9997	0.6841	0.3853
0	16	0.5999	0.4123	0.5456
0	17	0.8496	0.5417	0.5015
0	18	0.8994	0.5890	0.6129
0	20	0.9500	0.6981	0.3967
1	2	0.9972	0.8945	0.2960
1	3	0.9001	0.6323	0.4220
1	4	0.9986	0.7842	0.6050
1	5	0.6006	0.6214	0.5563
1	16	0.6501	0.5476	0.3395
1	17	0.8379	0.4831	0.4937
1	18	0.7006	0.5152	0.5536
1	20	0.9497	0.4331	0.4510
2	3	0.9977	0.6240	0.1532
2	4	0.7004	0.2949	0.6119
2	5	0.5505	0.5674	0.5176
3	4	1.0000	0.6162	0.5604
3	5	1.0000	0.6995	0.4260
3	6	0.6005	0.3294	0.5717
3	7	0.6506	0.5600	0.4877
3	8	0.7502	0.6203	0.2135
4	5	0.9994	0.5974	0.4466
4	6	1.0000	0.6327	0.7331
4	7	0.9995	0.6773	0.3334
4	8	0.7207	0.5650	0.3437
5	6	0.9502	0.8723	0.5315
5	7	0.9999	0.6329	0.4978
5	8	0.8003	0.6306	0.5251
5	17	0.7501	0.5445	0.5184
5	20	0.5004	0.6842	0.5987
6	7	0.9998	0.8392	0.1199
6	8	0.9000	0.4877	0.8249
7	8	1.0000	0.7565	0.3806
7	10	0.5007	0.2699	0.4166
8	9	0.9979	0.9563	0.4556
8	10	0.7503	0.6479	0.4722
8	11	0.9995	0.4828	0.5330
8	12	0.9998	0.5322	0.4960
8	13	0.5503	0.8739	0.4817
8	14	0.5018	0.4644	0.4916
8	17	0.6005	0.4971	0.5073
9	10	0.9975	0.9356	0.5791
9	11	0.9996	0.8510	0.1238
9	12	0.9998	0.5579	0.7277
10	11	0.9967	0.9523	0.1818
10	12	0.9997	0.6386	0.3682
11	12	0.9994	0.5500	0.2124
11	13	0.8996	0.2419	0.5699
11	14	0.9498	0.3795	0.6593
12	13	0.9994	0.8978	0.3190
12	14	0.9998	0.6358	0.4914
12	15	0.6506	0.7201	0.4385
12	16	0.8002	0.6597	0.4898
13	14	1.0000	0.6428	0.4756
13	15	1.0000	0.5811	0.5482
13	16	0.9997	0.6347	0.3382
14	15	0.9999	0.7763	0.6135
14	16	0.9995	0.6519	0.5814
14	17	0.8999	0.5964	0.5466
15	16	0.9999	0.6685	0.6187
15	17	0.9999	0.5922	0.5056
15	18	0.6492	0.6055	0.4414
16	17	0.9999	0.6632	0.5008
16	18	0.9997	0.5922	0.5799
16	20	0.5008	0.4412	0.4670
17	18	1.0000	0.6031	0.5110
17	19	0.9969	0.7329	0.5825
17	20	0.9996	0.6273	0.4623
18	19	0.9966	0.9415	0.4013
18	20	1.0000	0.5926	0.5654
19	20	0.9988	0.2315	0.6438
