0	1	0.9992	0.5279	0.4438
0	2	0.5523	0.0792	0.0076
0	3	0.9980	0.0503	0.6770
0	6	0.9961	0.2156	0.3697
0	7	1.0000	0.9413	0.3272
0	8	0.7998	0.7884	0.9566
0	9	0.9982	0.3213	0.4201
0	10	1.0000	0.2854	0.5050
0	11	1.0000	0.5440	0.3829
0	12	0.9995	0.8257	0.4643
1	2	0.9973	0.7615	0.0049
1	3	1.0000	0.5706	0.3339
1	6	0.9958	0.2264	0.7355
1	7	0.9983	0.1385	0.2514
1	9	0.7516	0.6373	0.4713
1	10	0.6501	0.9432	0.4643
1	11	0.9991	0.5867	0.4191
1	12	0.9997	0.5141	0.5443
1	13	0.9993	0.5262	0.4558
2	3	0.9999	0.4831	0.4595
2	4	0.9979	0.7251	0.3442
2	5	1.0000	0.9530	0.3896
2	6	0.9979	0.7188	0.5248
2	12	0.9500	0.0010	0.3205
2	13	0.9987	0.0655	0.2450
3	4	0.9996	0.6822	0.1874
3	5	0.9995	0.1190	0.1558
3	6	0.9984	0.4571	0.4176
3	7	0.9994	0.3633	0.7750
3	9	0.9970	0.9725	1.0000
3	12	0.9984	0.0573	0.7785
3	13	1.0000	0.1316	0.1011
4	5	0.9996	0.4964	0.5635
4	6	1.0000	0.0837	0.0992
5	6	1.0000	0.2616	0.5794
5	7	0.9999	0.2466	0.7127
5	8	0.9965	0.2818	0.0000
6	7	1.0000	0.5286	0.5810
6	9	1.0000	0.3168	0.7294
6	12	0.9988	0.9663	0.9985
6	13	0.9989	0.9434	0.0274
7	8	0.9969	0.7054	0.4850
7	9	0.9966	0.6996	0.4306
7	12	0.9991	0.1004	0.9777
8	9	1.0000	0.9474	0.0938
9	10	0.9998	0.4074	0.3530
9	11	0.9988	0.5132	0.6987
10	11	0.9996	0.5664	0.6276
11	12	0.9995	0.4250	0.3515
11	13	0.9987	0.3124	0.7212
12	13	1.0000	0.4498	0.4997
