0	1	0.9965	0.4874	0.1207
0	3	0.9998	0.1113	0.9656
0	4	0.9936	0.5481	0.0052
0	7	0.9950	0.5101	0.0005
0	18	0.9997	0.7937	0.9457
0	19	1.0000	0.5895	0.6742
0	21	1.0000	0.3693	0.6229
1	2	0.9991	0.9981	0.6265
1	3	0.9956	0.8344	0.6004
1	4	0.9997	0.5406	0.3358
1	6	0.9991	0.9859	0.4478
1	7	1.0000	0.0482	0.0547
1	10	0.9507	0.0200	0.1117
1	13	0.8010	0.0035	0.5753
1	17	0.9984	0.2415	0.5529
1	18	0.9499	0.0150	0.6769
1	19	0.9999	0.3306	0.7119
1	20	0.7997	0.9076	0.7503
1	21	0.9976	0.1068	0.4700
2	3	0.9988	0.9515	0.0490
2	4	0.6018	0.5845	0.6410
2	6	0.9976	0.2932	0.4201
2	20	0.9989	0.9571	0.9989
3	4	0.9999	0.6303	0.2512
3	6	1.0000	0.4976	0.7126
3	19	1.0000	0.6243	0.9995
3	20	1.0000	0.2068	0.9999
3	21	1.0000	0.8128	0.2445
4	6	0.9979	0.6206	0.5447
4	7	0.9998	0.4294	0.1939
4	10	0.9988	0.5699	0.1617
4	13	0.7774	0.3543	0.4376
4	17	0.9988	0.5617	0.5834
4	19	0.9994	0.5008	0.7296
5	6	0.9999	0.9853	0.1319
5	7	0.9992	0.0153	0.9593
5	8	0.9984	0.0033	0.6396
5	9	0.9997	0.3356	0.6460
5	10	0.9988	0.1075	0.4067
5	11	1.0000	0.0164	0.3683
6	7	0.9954	0.4262	0.0930
6	9	0.9999	0.1786	0.9750
7	8	0.8498	0.9827	0.3475
7	9	0.9985	0.9587	0.7519
7	10	1.0000	0.5359	0.4677
7	11	0.9996	0.9999	0.2175
7	12	0.9996	0.9906	0.3524
7	13	0.9998	0.5655	0.5398
7	15	0.9992	0.6112	0.6144
7	17	0.9987	0.3785	0.5494
7	19	0.9989	0.2261	0.5833
8	9	1.0000	0.8624	0.2954
8	11	0.9987	0.9466	0.2874
9	10	0.9995	0.8184	0.4073
9	11	1.0000	0.2363	0.6248
9	12	1.0000	0.4122	0.5865
9	13	0.9976	0.8206	0.0069
10	11	0.9994	0.9989	0.2058
10	12	1.0000	0.5290	0.5418
10	13	0.9999	0.5100	0.4939
10	14	0.8494	0.9713	0.3885
10	15	1.0000	0.4588	0.4977
10	17	1.0000	0.3982	0.5184
10	19	0.9973	0.2147	0.4468
11	12	0.9966	0.5764	0.1059
12	13	0.9985	0.5271	0.1672
12	14	0.9999	0.2323	0.7799
12	15	0.9949	0.5902	0.0079
13	14	1.0000	0.6174	0.4430
13	15	1.0000	0.5014	0.5487
13	16	0.7497	0.9590	0.6872
13	17	0.9995	0.5456	0.5033
13	19	0.9994	0.4680	0.3720
14	15	0.9988	0.5153	0.2144
14	16	0.9987	0.2820	0.8345
14	17	0.9992	0.2047	0.0087
14	18	1.0000	0.0790	0.9248
15	16	0.9989	0.7713	0.7868
15	17	1.0000	0.6517	0.4223
15	18	0.9999	0.9964	0.8585
15	19	1.0000	0.6077	0.3350
16	17	0.9996	0.5009	0.2991
16	18	1.0000	0.3793	0.5843
16	19	0.9972	0.6120	0.0687
17	18	0.9997	0.7052	0.5691
17	19	0.9999	0.4444	0.5590
17	20	0.9990	1.0000	0.0652
17	21	1.0000	0.8944	0.5696
18	19	1.0000	0.6749	0.2932
18	20	0.7515	0.0020	0.0887
18	21	1.0000	0.3860	0.6346
19	21	0.9986	0.9453	0.5901
