0	1	0.9985	0.8237	0.1239
0	2	0.9996	0.7662	0.7860
0	9	0.9980	0.7647	0.1304
0	11	0.9489	0.7017	0.1136
0	14	0.8001	0.5714	0.7123
0	24	0.9997	0.3595	0.4223
1	2	0.9996	0.6596	0.5539
1	3	0.9997	0.5524	0.4237
1	8	0.9998	0.5588	0.8868
1	9	0.9999	0.5798	0.3986
1	10	0.9498	0.7132	0.5197
1	11	0.9994	0.5956	0.3364
1	24	0.7006	0.3726	0.3850
2	3	1.0000	0.8046	0.1725
2	4	1.0000	0.4450	0.8957
2	5	0.9490	0.7182	0.2609
2	9	1.0000	0.5046	0.7281
2	11	1.0000	0.2450	0.7264
2	24	0.9001	0.3390	0.2251
3	4	0.9993	0.8712	0.5563
3	5	0.9999	0.7976	0.4300
3	8	0.9986	0.9257	0.7938
3	9	0.9996	0.5785	0.3692
4	5	0.9997	0.5627	0.3640
5	6	0.6995	0.8065	0.4363
5	8	0.9989	0.9090	0.7924
6	7	0.9985	0.7791	0.3415
6	8	0.9483	0.6086	0.4569
6	10	0.9489	0.4671	0.1413
7	8	0.9472	0.9742	0.1343
7	10	0.8490	0.7640	0.1696
8	9	0.9986	0.7450	0.2895
8	10	0.9998	0.6609	0.8051
9	10	0.9995	0.8191	0.3371
9	11	0.9997	0.5176	0.4375
10	11	0.9994	0.4118	0.4224
10	13	0.5016	0.2568	0.4472
10	14	0.6012	0.3998	0.7798
11	12	0.8489	0.9259	0.4916
11	13	1.0000	0.7297	0.4092
11	14	0.9491	0.7681	0.8078
12	13	0.7497	0.4425	0.5942
12	14	0.5006	0.3676	0.5205
12	22	0.5989	0.2906	0.3186
13	14	0.9992	0.4504	0.5120
13	15	0.8002	0.6378	0.5480
13	16	0.6002	0.7519	0.4326
13	17	0.6500	0.5413	0.4350
13	20	0.7997	0.5094	0.3946
13	22	0.8495	0.5395	0.5932
14	15	0.9993	0.7248	0.2045
14	16	0.9999	0.3535	0.6485
14	17	0.9988	0.7594	0.2964
14	20	0.9981	0.7657	0.3103
14	22	0.9982	0.5284	0.4253
14	23	0.6487	0.5053	0.4145
15	16	0.9993	0.8137	0.5030
15	17	0.9999	0.4790	0.4912
15	18	0.9983	0.9599	0.3003
15	19	0.9492	0.7041	0.6801
15	20	0.9999	0.5408	0.4416
15	21	0.5984	0.7832	0.6068
16	17	0.9997	0.5570	0.6624
16	18	0.8000	0.3122	0.5725
16	20	0.9992	0.7079	0.9880
16	22	0.5022	0.4313	0.5202
17	18	0.9982	0.9794	0.4697
17	19	0.9994	0.7137	0.6657
17	20	0.9993	0.6412	0.5606
17	21	0.5505	0.5859	0.5475
18	19	0.8997	0.6605	0.2133
18	20	0.9993	0.4183	0.9322
18	21	0.8001	0.4503	0.4830
19	20	0.9995	0.5819	0.6907
19	21	0.7999	0.4161	0.3914
20	21	0.9986	0.8034	0.6629
20	22	0.8501	0.5582	0.4374
21	22	0.9992	0.5912	0.4419
21	23	0.5002	0.4036	0.5270
22	23	1.0000	0.7201	0.5562
22	24	0.9990	0.8203	0.3523
23	24	0.9488	0.6586	0.3583
