0	1	1.0000	0.7374	0.3752
0	2	0.5013	0.7422	0.7715
0	3	0.9002	0.6780	0.2925
1	2	0.9999	0.8155	0.5392
2	3	0.9987	0.5669	0.3075
2	4	0.9495	0.5885	0.5441
3	4	0.9997	0.5633	0.4316
3	5	0.9490	0.4419	0.2587
4	5	0.9999	0.8183	0.5058
4	6	0.8003	0.5384	0.3216
4	8	0.7500	0.3872	0.5942
5	6	0.9482	0.9226	0.4087
6	7	0.7498	0.3633	0.3890
6	8	0.7006	0.6281	0.6405
7	8	0.9993	0.7336	0.4272
8	9	0.9496	0.6037	0.5495
8	10	0.9498	0.7839	0.3304
8	11	0.7002	0.5151	0.5229
8	12	0.8500	0.6452	0.3877
9	10	0.9998	0.5543	0.5097
9	11	0.9999	0.6088	0.4271
9	12	0.9995	0.5606	0.4777
9	14	0.9493	0.5485	0.7413
9	15	0.5005	0.5094	0.4228
10	11	0.9994	0.8922	0.2883
10	12	0.9990	0.5071	0.5223
10	14	0.8009	0.5295	0.6490
10	15	0.8994	0.7669	0.2809
11	12	0.9996	0.4225	0.6165
11	14	0.7994	0.4659	0.6872
12	13	0.8470	0.9163	0.4102
12	14	0.9997	0.6176	0.6514
12	15	0.9994	0.6570	0.4995
12	16	0.5217	0.5171	0.5219
13	14	0.8990	0.2451	0.6732
14	15	0.9998	0.8432	0.3216
14	16	0.9004	0.5524	0.4876
14	17	0.8488	0.8576	0.3382
15	16	0.9496	0.4884	0.4790
16	17	0.9972	0.9548	0.4773
16	18	0.6997	0.6311	0.2986
16	19	0.9995	0.5570	0.5855
16	20	0.9006	0.6288	0.4949
18	19	0.9493	0.4369	0.2081
19	20	0.9996	0.7811	0.4688
19	21	0.9997	0.7209	0.5416
20	21	0.9996	0.6215	0.5497
20	22	0.8998	0.5617	0.5047
21	22	0.9998	0.7063	0.5046
21	23	0.9496	0.5540	0.5591
22	23	0.9995	0.7861	0.4720
22	25	0.5509	0.5977	0.3836
23	24	0.7499	0.7574	0.4582
23	25	0.7004	0.4958	0.6219
24	25	0.8501	0.6473	0.3329
24	26	0.5506	0.3622	0.4854
25	26	0.8997	0.6467	0.4513
25	27	0.6006	0.6884	0.3184
26	27	0.9992	0.7816	0.4344
26	28	0.8498	0.5763	0.7337
26	29	0.9002	0.6541	0.4322
27	28	0.9998	0.6139	0.7334
27	29	0.9999	0.5830	0.4353
27	30	0.6020	0.4895	0.6529
28	29	0.9997	0.6518	0.4610
28	30	0.9500	0.6801	0.5403
29	30	0.9991	0.5776	0.4166
29	31	0.7006	0.4194	0.5563
29	32	0.7489	0.4609	0.3230
30	31	0.9606	0.6152	0.4988
30	32	0.6507	0.4534	0.2909
31	32	0.9997	0.6359	0.3241
32	33	0.6478	0.7813	0.1762
32	34	0.7502	0.7865	0.5312
32	35	0.8995	0.8693	0.3282
32	36	0.6511	0.8077	0.4691
32	37	0.9997	0.7510	0.4328
33	34	0.8990	0.5260	0.4338
33	35	0.9996	0.6359	0.3965
33	36	0.9492	0.6440	0.4952
33	37	0.7996	0.3717	0.2171
34	35	0.9993	0.6039	0.5251
34	36	0.8502	0.5279	0.5221
34	37	0.5010	0.4923	0.3389
35	36	0.9990	0.5272	0.5700
35	37	0.9488	0.4298	0.3718
36	37	0.9996	0.9035	0.2486
36	40	0.5519	0.5931	0.6066
37	38	0.9996	0.8447	0.5871
37	39	0.9491	0.4977	0.6420
37	40	0.8502	0.2984	0.5532
37	41	0.9498	0.2758	0.6132
37	42	0.5570	0.7017	0.2476
37	45	0.5996	0.7032	0.5960
39	40	0.7994	0.5409	0.4847
39	41	0.8997	0.7683	0.4182
40	41	0.9988	0.8636	0.2441
41	42	0.9495	0.9989	0.0755
41	47	0.9984	0.5173	0.5091
41	48	0.5507	0.3642	0.5455
42	43	0.8000	0.2048	0.3957
42	47	0.6489	0.0348	0.7053
43	44	1.0000	0.7551	0.3306
43	45	0.9997	0.6001	0.4472
43	46	0.6503	0.5023	0.4847
44	45	1.0000	0.6953	0.3142
44	50	0.5511	0.4496	0.3925
45	46	0.8003	0.6012	0.4543
45	47	0.7997	0.6346	0.4555
45	50	1.0000	0.6236	0.4334
45	51	0.5000	0.4672	0.3716
45	52	0.6501	0.3637	0.6705
45	53	0.5501	0.6388	0.3248
46	47	0.9991	0.7891	0.3615
46	48	0.9001	0.7159	0.7209
46	49	0.9500	0.8678	0.6429
46	50	0.9999	0.6160	0.4717
46	52	0.9990	0.8487	0.6120
46	53	0.9497	0.5379	0.4446
46	54	0.5499	0.8365	0.5368
47	48	0.9981	0.4657	0.5321
47	49	0.6512	0.3905	0.3126
47	50	0.7501	0.4023	0.6630
49	50	0.9501	0.6459	0.6313
49	52	0.7505	0.5811	0.4638
50	51	0.9997	0.6982	0.6044
50	52	0.8502	0.5617	0.6001
50	53	0.7500	0.4604	0.3738
51	52	0.9996	0.9239	0.2633
51	53	0.9002	0.5481	0.3759
52	53	0.9500	0.7539	0.3800
53	54	0.9997	0.7843	0.4304
53	55	0.8000	0.4771	0.4074
54	55	0.8990	0.8267	0.4387
