0	1	1.0000	0.5731	0.5365
0	2	0.9967	0.3422	0.1449
0	5	0.9990	0.8161	0.3679
0	6	1.0000	0.3928	0.4804
0	7	0.9980	0.1924	0.4115
0	10	0.9995	0.4664	0.5809
1	2	1.0000	0.6391	0.2766
1	3	0.9999	0.5965	0.6295
1	5	1.0000	0.2623	0.6421
1	6	0.9999	0.4336	0.2677
1	7	1.0000	0.8238	0.5230
1	11	0.9995	0.9821	0.8583
1	16	0.6003	0.7399	0.0590
2	3	0.9995	0.4819	0.7386
2	4	0.9483	0.2301	0.4595
2	5	0.9990	0.7491	0.4254
2	6	0.6484	0.0795	0.2941
2	7	0.9998	0.0102	0.5024
2	11	0.7467	0.2768	0.6689
2	16	0.5530	0.0000	0.0155
3	4	0.9982	0.9990	0.2388
3	5	0.9984	0.4268	0.2047
4	5	0.9991	0.9670	0.0562
5	6	0.9973	0.6254	0.1207
5	7	0.9997	0.3395	0.7160
5	8	0.9990	0.7427	0.7091
5	10	0.9995	0.3940	0.6645
6	7	0.9997	0.6419	0.4942
6	8	0.9996	0.4090	0.2738
6	10	0.9999	0.7452	0.2086
7	8	0.9995	0.4960	0.4146
7	9	0.9997	0.4048	0.7916
7	10	1.0000	0.5302	0.4598
8	9	1.0000	0.7052	0.4711
8	10	0.9997	0.9382	0.4665
9	10	0.9994	0.8537	0.1306
10	11	0.6983	0.5344	0.1234
12	13	1.0000	0.4273	0.5177
12	15	0.8496	0.9554	0.1294
12	16	0.9996	0.5780	0.5349
12	17	1.0000	0.5558	0.4723
13	14	1.0000	0.6868	0.3454
13	15	0.9946	0.1746	0.1631
13	16	1.0000	0.4340	0.6252
13	17	1.0000	0.4631	0.5463
14	16	0.9963	0.3008	0.4924
14	17	0.8492	0.3525	0.7079
15	16	0.9989	0.1577	0.0723
16	17	1.0000	0.6576	0.3009
