0	1	0.9994	0.9207	0.2393
0	2	0.9499	0.8290	0.2703
0	3	0.9982	0.4050	0.5153
0	9	0.8998	0.3503	0.7372
0	10	0.9990	0.6828	0.5319
1	2	0.9998	0.8271	0.1741
1	3	1.0000	0.5494	0.4407
1	4	0.7001	0.3992	0.6391
1	5	0.9482	0.5071	0.1430
1	9	0.9996	0.1243	0.7834
1	10	0.7503	0.4515	0.6556
2	3	0.9992	0.4190	0.4686
2	4	0.9492	0.3024	0.5945
2	5	0.8500	0.4551	0.3751
2	9	0.9000	0.5574	0.6228
2	10	0.5999	0.2587	0.3513
2	11	0.9499	0.2757	0.2626
3	4	0.9994	0.7686	0.6020
3	5	0.9995	0.5483	0.4609
3	7	0.6502	0.5640	0.5238
3	8	0.9985	0.6365	0.6242
3	9	0.9982	0.4384	0.6815
3	11	0.6007	0.2599	0.3158
4	5	1.0000	0.5742	0.6225
4	7	0.6505	0.5998	0.4312
4	8	0.8997	0.4138	0.5119
4	9	0.9497	0.4887	0.6138
5	6	0.9977	0.8645	0.4872
5	7	0.9997	0.7234	0.4685
5	8	1.0000	0.7487	0.4953
5	9	0.9999	0.7128	0.5397
6	7	0.9979	0.5223	0.1257
6	8	0.9999	0.5423	0.5224
6	9	1.0000	0.7002	0.3456
7	8	0.9986	0.4365	0.5001
7	9	0.9990	0.4682	0.4371
8	9	0.9997	0.4556	0.4560
10	11	0.6502	0.7191	0.1241
11	12	1.0000	0.6657	0.3610
11	13	0.7502	0.5432	0.3773
12	13	0.9996	0.5823	0.2821
