0	1	0.7492	0.6246	0.3272
0	14	0.5498	0.5670	0.6776
0	15	0.6995	0.5127	0.1842
0	18	0.9990	0.6880	0.4016
0	19	0.9484	0.5638	0.5191
0	22	0.8000	0.5882	0.3299
0	24	1.0000	0.3150	0.8234
0	25	0.9997	0.3613	0.6645
0	26	0.9978	0.8367	0.0512
0	27	0.9996	0.6749	0.9145
0	28	0.9998	0.4735	0.5648
0	29	0.9992	0.9437	0.9335
0	30	0.5997	0.7741	0.3724
0	33	0.9998	0.5305	0.7272
1	4	0.7002	0.4237	0.4863
1	5	0.6004	0.0983	0.6160
1	25	0.7006	0.6705	0.5214
2	3	1.0000	0.7669	0.5069
2	4	1.0000	0.7214	0.3438
2	5	1.0000	0.6007	0.6702
2	6	0.9985	0.8596	0.3020
2	7	0.8997	0.6533	0.5106
2	29	0.7503	0.4110	0.9529
2	30	0.9993	0.5362	0.7188
2	31	0.9998	0.5043	0.5694
2	32	0.9983	0.4894	0.2414
3	4	0.9497	0.5195	0.4199
3	5	0.9989	0.5345	0.6763
3	6	0.9993	0.7406	0.6679
3	7	0.9989	0.7351	0.6847
3	8	0.9001	0.8807	0.5241
3	30	0.9991	0.6214	0.6258
3	31	0.9987	0.3776	0.5832
3	32	0.9984	0.4518	0.2481
4	5	0.9991	0.4448	0.4429
4	6	0.9986	0.5721	0.2974
4	7	0.8690	0.5431	0.4324
4	8	0.5519	0.5118	0.6314
4	30	0.5008	0.4992	0.3901
4	31	0.9990	0.3076	0.5042
4	32	0.9994	0.2914	0.2529
5	6	0.9992	0.6782	0.3675
5	7	0.9996	0.5129	0.5588
5	8	0.9999	0.6013	0.4753
5	30	0.6494	0.4232	0.2478
5	31	0.9490	0.5493	0.3618
5	32	0.9988	0.7053	0.1242
6	7	0.9997	0.6218	0.5221
6	8	0.9997	0.8054	0.3805
6	9	0.5985	0.7520	0.4215
6	31	0.7502	0.4267	0.4070
6	32	0.9490	0.4398	0.2862
7	8	1.0000	0.5068	0.4909
7	9	0.9987	0.3483	0.5287
7	10	0.5004	0.4193	0.3435
7	11	0.9757	0.4300	0.6504
7	12	0.9990	0.4846	0.5691
7	13	0.5503	0.1628	0.2112
8	9	0.9998	0.6074	0.4838
8	10	0.8990	0.3083	0.5804
8	11	0.9999	0.5223	0.6582
8	12	0.9999	0.5788	0.5939
8	13	0.7002	0.4320	0.3637
9	10	0.9999	0.5948	0.5454
9	11	0.9974	0.5399	0.2821
9	12	0.9989	0.4569	0.2331
9	13	0.9493	0.3787	0.6802
10	11	0.5504	0.4245	0.3142
10	12	0.5000	0.4485	0.3068
11	12	0.9996	0.6061	0.5004
11	13	0.9996	0.6532	0.6234
11	15	0.9997	0.7060	0.4937
11	16	0.9494	0.6879	0.3265
12	13	0.9998	0.5043	0.3387
12	15	0.9948	0.5825	0.4905
12	16	0.9996	0.6280	0.2396
12	17	0.6505	0.1863	0.7976
13	14	0.9957	0.8604	0.3541
13	15	0.9992	0.3692	0.5219
13	16	0.9993	0.2992	0.2890
13	17	0.9993	0.2218	0.7760
14	17	0.9492	0.5014	0.7778
15	16	1.0000	0.6880	0.3987
15	17	1.0000	0.4382	0.7594
15	18	0.6995	0.2629	0.5064
15	19	0.9989	0.6045	0.5845
15	20	0.9999	0.6083	0.4895
15	21	0.8483	0.7076	0.5652
16	17	0.9990	0.3362	0.4876
16	18	0.7999	0.3127	0.6353
16	19	0.9997	0.3730	0.5604
16	20	0.9995	0.4357	0.4591
16	21	0.6016	0.3158	0.3558
17	18	0.9988	0.4620	0.3615
17	19	0.9990	0.3153	0.4322
17	20	0.9988	0.2501	0.3226
17	21	0.9493	0.0710	0.3278
18	19	0.9987	0.8061	0.1465
18	20	0.9500	0.7719	0.2460
18	21	0.9976	0.9103	0.2455
19	20	0.9998	0.5208	0.4801
19	21	0.9999	0.5986	0.3508
19	26	0.6011	0.4032	0.2907
19	30	0.5501	0.5261	0.2368
20	21	0.9993	0.5127	0.3646
21	22	1.0000	0.2039	0.5821
21	23	0.9983	0.1950	0.3556
21	24	0.9989	0.1427	0.7515
21	26	0.9996	0.1536	0.2009
21	27	0.6516	0.0720	0.1933
21	29	0.6515	0.0343	0.1418
22	23	0.9999	0.9583	0.5870
22	24	0.6021	0.8297	0.7502
22	26	0.6009	0.2010	0.3870
24	25	0.5004	0.4276	0.3239
24	29	0.6490	0.9615	0.0792
26	27	0.9993	0.9314	0.3858
26	29	0.9491	0.8890	0.6672
26	30	0.8005	0.6144	0.5036
26	32	0.9002	0.8945	0.7513
27	28	0.9480	0.9206	0.4609
27	29	0.8496	0.3809	0.5432
27	30	0.9993	0.6074	0.5341
27	31	0.9985	0.3109	0.2618
27	32	0.9991	0.8213	0.8352
27	33	0.9477	0.9326	0.3220
28	29	0.7497	0.3768	0.1416
29	30	0.9985	0.9180	0.4058
29	31	0.9995	0.9503	0.2669
29	32	0.9988	0.9136	0.8384
30	31	0.9997	0.4521	0.4131
30	32	1.0000	0.4627	0.6579
31	32	1.0000	0.4743	0.4824
32	33	0.6014	0.7622	0.5621
