0	1	0.9976	0.8351	0.5863
0	2	0.5187	0.1805	0.3908
0	3	0.9495	0.1774	0.7480
0	4	0.8985	0.6436	0.8735
0	5	0.9970	0.7229	0.3359
0	6	0.7993	0.4097	0.7626
0	7	0.9994	0.2709	0.1032
1	2	0.9979	0.6508	0.0786
1	3	0.9500	0.6934	0.9224
1	4	0.7009	0.6901	0.6221
1	5	0.8503	0.4158	0.6622
1	6	0.9986	0.5170	0.4645
1	7	0.9994	0.3956	0.3339
2	3	0.9999	0.4616	0.4460
2	4	0.9974	0.5426	0.2380
2	6	0.8983	0.2933	0.2009
2	7	0.9963	0.3833	0.7016
3	4	0.9988	0.7773	0.1507
3	6	0.9987	0.5314	0.1380
3	7	0.9992	0.4880	0.6370
4	5	0.9990	0.6970	0.5765
4	6	0.9996	0.6218	0.3040
4	7	1.0000	0.4350	0.4353
5	6	0.9986	0.8056	0.3077
5	7	0.9993	0.5545	0.2265
5	10	0.6505	0.9215	0.7595
6	7	0.9999	0.4720	0.3920
7	14	0.7008	0.9506	0.4642
7	15	0.8991	0.7849	0.5652
8	9	0.9487	0.6924	0.0990
8	10	0.8999	0.2053	0.2892
8	12	0.9984	0.3588	0.3569
8	13	0.9974	0.8105	0.4583
8	14	0.9988	0.4802	0.0168
8	17	0.8014	0.1350	0.9358
9	10	0.7500	0.4162	0.2790
9	12	0.9501	0.1097	0.2719
9	14	0.9492	0.2411	0.0963
9	17	0.9998	0.3762	0.8766
9	21	0.7210	0.5037	0.5064
10	11	0.9999	0.9580	0.3196
10	12	0.8979	0.9894	0.2614
10	14	0.9978	0.5992	0.1344
10	15	0.9993	0.8932	0.8594
10	17	1.0000	0.4810	0.5258
10	18	0.5515	0.2303	0.5851
10	19	0.5508	0.4832	0.3297
10	20	0.9998	0.5892	0.3428
10	21	0.9997	0.3396	0.5311
11	17	0.9999	0.9989	0.1865
11	19	0.9995	0.9243	0.6945
12	13	0.9989	0.5006	0.9578
12	14	0.9979	0.6331	0.1850
12	15	0.9998	0.8315	0.9989
12	17	0.9982	0.0075	0.9516
12	18	0.6510	0.4400	0.4106
13	14	0.9972	0.8250	0.0415
13	15	0.6493	0.8996	0.6568
13	17	1.0000	0.0360	0.9376
14	15	0.9994	0.5988	0.5413
14	17	0.9991	0.0068	0.5340
14	18	0.5504	0.2098	0.3913
15	17	0.7007	0.8973	0.2669
16	17	1.0000	0.0698	0.1420
16	18	0.9998	0.5744	0.4824
17	18	1.0000	0.6388	0.5923
17	19	0.9998	0.4242	0.6905
17	20	0.9993	0.4229	0.4742
18	19	0.9996	0.6150	0.8462
19	20	0.8495	0.6770	0.4969
20	21	0.9994	0.9752	0.4308
