0	1	1.0000	0.7158	0.3266
0	2	0.9999	0.4681	0.4701
0	3	0.7501	0.9517	0.3586
0	5	0.9998	0.5011	0.8086
0	6	0.9998	0.5054	0.4801
0	7	0.9992	0.7822	0.6601
0	8	0.9998	0.6653	0.4245
0	9	0.9997	0.9446	0.4406
0	10	0.9994	0.5662	0.4895
0	11	0.9999	0.0952	0.9666
1	2	1.0000	0.6754	0.4039
1	3	0.9998	0.1313	0.7046
1	6	0.9997	0.4439	0.6545
1	8	0.9999	0.2582	0.8390
1	10	1.0000	0.2698	0.9086
1	11	1.0000	0.6280	0.4633
2	3	0.9995	0.9932	0.3295
2	5	0.9975	0.7689	0.7773
2	6	0.9989	0.5029	0.4474
2	7	0.9492	0.9275	0.4509
2	11	0.5582	0.0273	0.9431
3	4	0.9480	0.9787	0.4817
3	5	0.9992	0.5521	0.2988
4	5	0.9473	0.9002	0.1034
5	6	0.9997	0.7117	0.2865
5	7	0.9995	0.2796	0.6055
5	9	0.5503	0.2751	0.5865
6	7	0.9984	0.7732	0.6509
6	8	0.9999	0.6172	0.4551
6	9	0.9999	0.9205	0.3695
6	10	0.5568	0.4200	0.3416
6	11	0.9999	0.0624	0.9247
7	8	0.9485	0.7579	0.1507
7	10	0.6014	0.8535	0.0229
8	9	1.0000	0.7170	0.4760
8	10	0.9988	0.4240	0.4537
8	11	1.0000	0.3089	0.7126
9	10	0.9986	0.6815	0.0927
10	11	1.0000	0.5434	0.5903
