0	1	0.5502	0.4441	0.3315
0	2	0.7997	0.6913	0.4690
1	2	0.9994	0.7282	0.4270
1	3	0.7996	0.5720	0.8592
1	4	0.5501	0.4963	0.4551
1	6	0.6002	0.4282	0.6069
1	16	0.7493	0.2705	0.6698
1	18	0.9976	0.5705	0.5864
1	19	0.8992	0.6056	0.6830
1	26	0.5999	0.8462	0.7782
2	3	0.9987	0.9420	0.6203
2	4	0.9996	0.3542	0.6327
2	5	0.5002	0.4215	0.3975
2	6	0.8991	0.8568	0.3053
2	7	0.9497	0.5521	0.4663
2	9	0.6992	0.8719	0.2172
2	11	0.6487	0.6676	0.6112
2	13	0.9996	0.2899	0.8882
2	15	0.9489	0.2633	0.7555
2	16	0.6997	0.2381	0.7357
2	17	0.9994	0.2213	0.9632
2	18	0.9492	0.1607	0.2775
2	19	0.5009	0.2845	0.4285
3	4	0.9960	0.9654	0.1119
3	6	0.9482	0.6632	0.0644
3	7	0.6996	0.6224	0.9884
4	5	0.9993	0.8126	0.3652
4	6	0.9995	0.3387	0.5168
4	7	0.9985	0.8903	0.0332
4	17	0.7506	0.8940	0.9624
4	19	0.7003	0.7167	0.4970
5	6	1.0000	0.8610	0.4375
5	7	0.9998	0.5704	0.5265
5	8	0.9997	0.9478	0.7922
5	9	0.9999	0.8915	0.4087
5	10	0.7506	0.9209	0.7273
5	11	0.9990	0.8368	0.5657
5	13	0.9981	0.7386	0.7209
5	15	0.7995	0.4656	0.4714
5	17	0.8497	0.1762	0.7567
6	7	0.9998	0.6159	0.3535
6	8	1.0000	0.1700	0.9500
6	9	0.9476	0.3780	0.1237
7	8	0.9983	0.7451	0.7210
7	9	0.9998	0.7511	0.4497
7	10	0.9994	0.9572	0.7280
7	11	0.9993	0.8209	0.4277
7	13	0.9485	0.5622	0.3973
8	9	0.9997	0.6836	0.3142
8	10	0.9998	0.3429	0.8664
8	11	0.5500	0.3542	0.0742
9	10	0.9983	0.7153	0.6778
9	11	0.9998	0.6755	0.5224
9	12	0.6000	0.8454	0.4206
9	13	0.7509	0.6078	0.4966
10	11	1.0000	0.5822	0.3482
10	12	1.0000	0.4352	0.6644
11	12	0.9981	0.8150	0.6531
11	13	0.9999	0.7765	0.5798
11	15	0.9492	0.6436	0.4860
12	13	0.9973	0.5511	0.1217
12	14	1.0000	0.1927	0.9138
13	14	0.9984	0.4550	0.6887
13	15	0.9930	0.4931	0.5113
13	16	0.9990	0.9563	0.7771
13	17	0.9966	0.5849	0.7085
14	15	0.9998	0.7495	0.3253
14	16	1.0000	0.3006	0.8931
14	17	0.5507	0.7165	0.1255
15	16	0.9997	0.6694	0.8047
15	17	0.9981	0.4637	0.5958
15	18	0.6500	0.6014	0.1529
16	17	0.9999	0.8898	0.1970
16	24	0.8996	0.3085	0.3093
16	28	0.5507	0.1667	0.2621
17	18	0.9993	0.9923	0.0623
18	19	0.8501	0.9995	0.2205
19	20	0.5207	0.2741	0.4725
19	21	0.6000	0.5895	0.3417
19	22	0.6013	0.5895	0.3360
19	23	0.5002	0.6167	0.7573
19	24	0.5502	0.6143	0.5290
19	25	0.5498	0.3672	0.5939
20	21	0.5512	0.7091	0.2684
20	23	0.8499	0.7893	0.7374
20	24	0.8995	0.5818	0.5816
20	25	0.8496	0.9109	0.4050
21	22	0.7995	0.6967	0.3218
21	23	0.5016	0.8232	0.6786
22	25	0.5002	0.5294	0.6939
23	24	0.9992	0.4891	0.2758
23	25	0.6004	0.5152	0.5558
24	25	0.9987	0.8110	0.4201
24	26	0.6999	0.6171	0.3775
24	28	0.8001	0.5851	0.4548
25	26	0.9967	0.9491	0.6873
25	27	0.7991	0.8634	0.6829
25	28	0.9990	0.5076	0.4871
25	29	0.9989	0.2894	0.6245
25	31	0.6499	0.6536	0.5925
26	28	0.9985	0.5084	0.2182
27	28	0.9971	0.7947	0.1099
28	29	0.9999	0.4362	0.5385
28	30	0.9985	0.6184	0.6124
28	31	1.0000	0.5840	0.5850
28	32	0.9499	0.4704	0.7619
29	30	0.9983	0.8572	0.3710
29	31	1.0000	0.7068	0.5620
29	32	0.9995	0.7061	0.6253
30	31	0.9994	0.2049	0.1148
30	32	0.7495	0.4151	0.8625
31	32	0.9992	0.9831	0.6187
