0	1	1.0000	0.5056	0.3670
0	2	0.9968	0.2075	0.6071
0	3	0.9985	0.1033	0.2072
0	4	0.9982	0.3230	0.4996
0	19	0.8985	0.2388	0.3702
1	2	0.9968	0.9907	0.8077
1	3	0.9990	0.5392	0.2092
1	4	0.9984	0.1280	0.5866
1	19	0.9476	0.5689	0.6122
2	3	0.9989	0.8234	0.1094
2	4	0.8980	0.1825	0.3939
3	4	0.9996	0.4152	0.4252
3	10	0.9008	0.1800	0.6204
4	5	0.9970	0.4026	0.2114
4	8	0.9996	0.7128	0.5932
4	9	0.9993	0.1904	0.0819
4	10	0.9002	0.3295	0.4793
4	19	0.9963	0.6418	0.0305
5	8	0.9995	0.8731	0.4012
5	9	0.9002	0.9613	0.0974
5	19	0.9997	0.7764	0.1885
6	7	0.9992	0.5522	0.2728
6	8	0.9999	0.5869	0.8820
6	11	0.7508	0.4913	0.7007
6	12	0.7003	0.7007	0.5170
6	19	0.5005	0.4787	0.7961
7	8	0.9997	0.6118	0.3038
7	9	0.7497	0.2339	0.2954
7	10	0.8507	0.3006	0.9411
7	11	0.9989	0.4267	0.3539
7	12	0.9981	0.5052	0.2220
7	13	0.6014	0.3127	0.1521
7	14	0.8500	0.2464	0.3231
7	19	1.0000	0.5661	0.5632
8	9	0.9997	0.9493	0.4226
8	10	0.9999	0.7135	0.9226
8	11	0.5506	0.5790	0.5683
8	19	0.9503	0.4018	0.5147
9	10	0.9499	0.3691	0.7944
9	19	0.9494	0.3569	0.3061
10	19	0.9993	0.9119	0.2090
11	12	0.6861	0.6033	0.3275
11	19	1.0000	0.3735	0.7246
12	19	0.9503	0.3991	0.5158
13	14	0.9999	0.6030	0.4348
13	15	0.9000	0.7606	0.2828
13	16	0.7001	0.6894	0.5184
13	18	0.5507	0.7287	0.3231
14	15	0.9985	0.6346	0.1654
14	16	1.0000	0.6668	0.6612
14	17	0.9491	0.1513	0.9614
14	18	0.9002	0.5540	0.5193
14	19	0.8005	0.7083	0.0919
15	16	1.0000	0.4423	0.6367
15	17	0.9995	0.4358	0.6241
15	18	0.9991	0.4468	0.3759
16	17	0.9992	0.9407	0.8518
16	18	0.9997	0.4845	0.4303
17	18	0.9985	0.9996	0.0660
18	19	0.8506	0.9130	0.0517
