0	1	0.9998	0.2694	0.7602
0	2	0.5004	0.3103	0.2659
0	4	0.9976	0.4151	0.1426
0	7	0.9980	0.5141	0.0887
0	9	0.9495	0.5977	0.0863
0	11	0.9979	0.8855	0.3594
0	13	0.9976	0.8405	0.1019
0	15	0.9988	0.4420	0.3572
0	19	0.9001	0.3264	0.9705
0	20	0.9967	0.8359	0.6295
0	21	0.9996	0.5291	0.3182
0	22	0.9488	0.1622	0.5002
1	2	0.9988	0.9459	0.1304
1	7	0.9961	0.6197	0.0127
1	11	0.8500	0.1610	0.1480
1	13	0.8486	0.5261	0.0466
1	15	0.9977	0.6241	0.2047
1	21	0.9983	0.7252	0.1954
1	22	0.9496	0.7769	0.3992
2	3	0.9982	0.7865	0.7846
2	4	0.9984	0.5451	0.4995
2	7	0.5498	0.3990	0.3272
2	13	0.6502	0.7734	0.8117
2	15	0.9978	0.4421	0.6928
2	16	0.7493	0.6782	0.4561
2	19	0.8005	0.2561	0.9654
2	20	0.9491	0.2407	0.2652
2	21	0.9976	0.5667	0.6217
2	22	0.9982	0.2090	0.3160
3	4	0.9991	0.8546	0.4518
3	5	1.0000	0.3596	0.6904
3	6	0.7985	0.8636	0.7719
3	7	0.6500	0.6902	0.2997
3	22	1.0000	0.8692	0.2104
4	5	0.9979	0.8385	0.5298
4	6	0.9996	0.3026	0.8344
4	7	0.9999	0.6658	0.4064
4	9	0.5980	0.7240	0.2565
4	11	0.9492	0.9428	0.8133
4	13	0.9995	0.9950	0.6988
4	15	0.9972	0.7583	0.6789
4	21	0.9955	0.6831	0.6813
4	22	0.7001	0.2393	0.1611
5	6	0.9970	0.9885	0.2054
5	7	1.0000	0.3576	0.5254
5	8	0.9999	0.2425	0.7352
5	9	0.9969	0.3748	0.1311
6	7	0.9989	0.1806	0.0640
6	9	0.9994	0.1031	0.0236
7	8	1.0000	0.5368	0.5633
7	9	0.9999	0.5387	0.5051
7	10	0.8500	0.9983	0.5496
7	11	0.9967	0.7098	0.6851
7	13	0.9994	0.7291	0.5608
7	15	0.9982	0.5937	0.8047
7	21	0.9971	0.7326	0.8479
8	9	0.9984	0.5481	0.1818
8	10	0.9992	0.1794	0.8638
8	11	0.8972	0.4877	0.0003
9	10	0.9974	0.8567	0.5769
9	11	0.9993	0.6254	0.5595
9	12	0.9991	0.9946	0.4582
9	13	1.0000	0.7138	0.4796
9	15	0.9983	0.8026	0.6347
10	11	0.9997	0.5454	0.2187
10	12	0.9989	0.2129	0.6239
10	13	0.9943	0.5721	0.0011
11	12	0.9997	0.7702	0.4023
11	13	1.0000	0.6549	0.4123
11	14	0.8503	0.9834	0.3291
11	15	1.0000	0.8538	0.3608
11	21	0.9987	0.9660	0.5401
12	13	0.9999	0.4903	0.3032
12	14	0.9998	0.2403	0.5335
13	14	0.9987	0.9214	0.3906
13	15	0.9995	0.6203	0.5229
13	19	0.9997	0.9860	0.8016
13	21	0.9991	0.8466	0.5994
14	15	0.9974	0.3295	0.0178
15	16	0.9995	1.0000	0.3722
15	18	0.9503	0.9997	0.1901
15	19	1.0000	0.9158	0.7358
15	20	0.9990	0.9980	0.7963
15	21	0.9997	0.7616	0.4706
16	18	0.9476	0.9665	0.2945
16	19	0.9975	0.8338	0.1786
16	22	0.9474	0.7135	0.3208
17	18	0.9996	0.6733	0.6739
18	19	0.9987	0.6159	0.1862
19	20	1.0000	0.6657	0.7652
19	21	0.9996	0.8456	0.4581
19	22	0.8001	0.4843	0.5100
19	23	0.8995	0.6258	0.4851
20	21	0.9998	0.7423	0.6159
20	22	1.0000	0.2414	0.9343
20	23	0.5010	0.5449	0.3956
21	22	1.0000	0.8569	0.2225
22	23	0.9474	0.9151	0.4318
