0	1	0.9454	0.9943	0.1388
0	2	0.9988	0.9031	0.2658
0	4	0.7001	0.6953	0.3955
0	6	0.5004	0.4574	0.3756
1	2	0.9984	0.5940	0.2969
1	3	0.9973	0.5282	0.9706
1	4	0.9992	0.3945	0.2182
2	3	1.0000	0.5248	0.5848
2	4	0.9991	0.4606	0.3593
2	6	0.5502	0.2541	0.1448
3	4	0.9500	0.9022	0.1979
3	12	0.6538	0.5570	0.3974
4	5	0.9965	0.8972	0.5406
4	6	0.9002	0.7374	0.4218
4	7	1.0000	0.8677	0.5700
4	8	0.7036	0.7430	0.5323
4	11	0.9981	0.8280	0.5030
4	12	0.9495	0.7280	0.5562
4	13	0.9491	0.8096	0.2249
5	6	0.9471	0.4686	0.3725
6	7	0.9999	0.5562	0.5021
6	8	0.9998	0.5203	0.5837
6	11	0.9998	0.0793	0.6342
6	12	0.9993	0.5413	0.6450
7	8	0.9999	0.6656	0.3730
7	9	0.9002	0.5161	0.5463
7	10	0.5381	0.6539	0.4735
7	11	0.8495	0.4706	0.2724
8	9	0.9995	0.4941	0.3612
8	11	0.5517	0.3986	0.3965
9	10	0.9995	0.9257	0.5887
9	11	0.9995	0.2541	0.6222
9	12	0.9994	0.5401	0.5437
10	11	0.9491	0.9454	0.1447
10	12	0.9497	0.6174	0.5277
11	12	0.9995	0.5655	0.2167
12	13	0.9499	0.6264	0.2737
