0	1	0.9474	0.8219	0.3132
0	2	0.8998	0.6804	0.7640
0	3	0.8991	0.7670	0.7605
0	4	0.5501	0.4866	0.5170
1	2	0.9990	0.4461	0.5787
1	3	0.9992	0.5092	0.5232
1	4	0.9481	0.3217	0.5207
1	5	0.7505	0.5455	0.4049
1	10	0.5499	0.4398	0.3957
1	11	0.6997	0.5331	0.6983
1	15	0.5511	0.3718	0.4582
2	3	0.9998	0.6988	0.5927
2	4	0.9997	0.8346	0.5303
2	5	0.8993	0.7061	0.3618
2	6	0.7006	0.4888	0.3928
2	8	0.8005	0.5186	0.5116
3	4	0.9983	0.6724	0.7598
3	5	0.9990	0.3883	0.6168
3	6	0.8999	0.5324	0.4767
3	7	0.8501	0.5190	0.7355
3	8	0.7502	0.5208	0.5004
3	9	0.9481	0.7682	0.9502
4	5	0.5507	0.5524	0.3681
5	8	0.7504	0.6347	0.5696
6	7	0.9001	0.7682	0.5188
6	8	0.8005	0.5378	0.4567
6	9	0.7190	0.5499	0.5866
6	10	0.5507	0.5783	0.3357
6	11	0.5563	0.5961	0.5427
7	8	0.9001	0.7490	0.4654
7	10	0.7002	0.5072	0.3893
8	9	0.7498	0.8798	0.5141
8	10	0.8998	0.4329	0.4970
10	11	0.9493	0.6877	0.6032
10	14	0.9488	0.3058	0.6174
10	15	0.7000	0.5123	0.5196
10	18	0.7494	0.4939	0.5508
11	12	0.6503	0.7059	0.6102
11	13	0.7997	0.8603	0.4981
11	14	0.9991	0.9597	0.6772
11	15	0.9496	0.5647	0.4758
11	17	0.7498	0.5315	0.4371
11	18	0.7505	0.6485	0.5259
11	19	0.8005	0.5451	0.4275
12	13	0.5998	0.5145	0.4251
12	18	0.5002	0.5468	0.5037
13	14	0.6985	0.8805	0.4354
13	15	0.8501	0.6057	0.4401
13	18	0.7510	0.4823	0.6011
13	19	0.6504	0.5252	0.5951
14	15	0.6932	0.7356	0.2763
15	16	0.9494	0.6203	0.4123
15	17	0.7497	0.5632	0.5594
15	19	0.7501	0.4744	0.4611
15	34	0.8499	0.5886	0.4867
16	17	0.5047	0.6215	0.3097
16	20	0.7001	0.6078	0.4299
17	18	0.8996	0.4641	0.5559
17	19	0.6010	0.5248	0.4506
17	20	0.5009	0.5900	0.4392
18	19	0.9001	0.6665	0.5039
19	20	0.7501	0.8583	0.3273
20	21	0.6065	0.6720	0.2437
20	25	0.5010	0.4011	0.3914
20	27	0.6056	0.5052	0.3583
21	22	0.7500	0.5332	0.5218
21	24	0.5503	0.4363	0.5175
21	25	0.8000	0.4180	0.5535
21	26	0.6003	0.4306	0.4638
21	27	0.6502	0.4462	0.4704
21	33	0.6524	0.4278	0.6415
21	34	0.5502	0.6071	0.4405
22	24	0.9499	0.4800	0.6587
22	25	0.8524	0.4011	0.5425
22	26	0.7500	0.5234	0.5911
22	27	0.5956	0.3519	0.5185
23	24	0.8000	0.6235	0.3512
24	25	0.7003	0.3930	0.5389
24	26	0.8998	0.6176	0.5128
24	27	0.6008	0.4422	0.4641
25	26	0.8997	0.4374	0.5713
25	27	0.7514	0.5435	0.5179
26	27	0.9500	0.5840	0.4766
26	29	0.7500	0.5912	0.4457
26	32	0.8001	0.3845	0.4864
26	34	0.8503	0.6065	0.4540
27	28	0.8979	0.8738	0.4502
27	29	0.8001	0.5387	0.4491
27	30	0.8999	0.6382	0.5341
27	31	0.7000	0.8615	0.5115
27	32	0.8501	0.5028	0.4653
27	33	0.6995	0.4863	0.5876
27	34	0.9992	0.5066	0.4466
27	35	0.8505	0.6612	0.6140
28	29	0.9496	0.5360	0.4641
28	30	0.7994	0.4731	0.7170
28	31	0.9994	0.6444	0.5658
28	32	0.9491	0.6507	0.4173
28	34	0.7994	0.5475	0.4060
28	35	0.6496	0.5233	0.6089
29	30	0.9996	0.4878	0.4602
29	31	0.8497	0.3722	0.3814
29	32	0.9000	0.4912	0.4016
29	33	0.8000	0.4033	0.4866
29	34	0.9996	0.6141	0.3672
29	35	0.9992	0.5784	0.5420
30	31	0.9987	0.7737	0.5159
30	32	0.9993	0.5366	0.5133
30	34	0.9997	0.5506	0.4783
30	35	0.8997	0.5601	0.5994
31	32	0.9998	0.6099	0.3958
31	33	0.7994	0.4778	0.2996
31	34	0.9499	0.4216	0.5369
31	35	0.7507	0.4326	0.6269
32	33	0.9998	0.6586	0.4393
32	34	0.8499	0.4857	0.4568
32	35	0.9995	0.5635	0.5652
33	34	0.9999	0.5462	0.4806
33	35	0.9499	0.4795	0.4717
34	35	0.9997	0.6454	0.4256
