0	1	0.9990	0.9804	0.7015
0	2	0.9999	0.6580	0.4521
0	3	0.9998	0.5205	0.5085
0	6	0.5993	0.9611	0.3433
0	8	0.9503	0.9171	0.3340
0	9	0.9994	0.8146	0.5891
0	10	0.9999	0.4814	0.4576
0	25	0.5502	0.5713	0.5261
1	2	0.9959	0.9549	0.0173
2	3	0.9999	0.6845	0.3071
2	6	0.9982	0.5021	0.8152
2	7	0.5502	0.3184	0.6574
2	8	1.0000	0.1846	0.7096
2	9	0.9999	0.6781	0.3447
2	10	0.9998	0.4943	0.4852
2	25	0.8001	0.2885	0.7966
2	28	0.9500	0.5415	0.3949
3	6	0.7492	0.8335	0.1039
3	7	0.7000	0.6280	0.5164
3	8	0.9490	0.7720	0.4138
3	9	0.9992	0.4754	0.6511
3	10	0.8482	0.4873	0.3844
3	28	0.8002	0.3123	0.6007
4	5	0.9999	0.7397	0.4846
4	6	0.7003	0.2928	0.6918
5	6	0.9981	0.6811	0.7208
5	7	0.5505	0.4538	0.4509
5	8	0.9493	0.6313	0.3965
5	28	0.5004	0.6809	0.2959
6	7	0.9978	0.7122	0.5502
6	8	0.7014	0.4494	0.4088
6	9	0.8488	0.4366	0.6281
7	8	0.9493	0.9216	0.4399
7	9	0.9974	0.8006	0.6999
7	28	0.8498	0.8492	0.5059
8	9	1.0000	0.5792	0.4072
8	10	0.6499	0.4038	0.6440
8	28	0.8504	0.6189	0.2299
9	10	0.8492	0.6429	0.2149
10	11	0.9491	0.9205	0.3831
10	12	0.9972	0.6217	0.4002
10	13	0.8991	0.6085	0.6143
10	14	0.7498	0.6694	0.5220
10	15	0.6496	0.7203	0.6055
10	20	0.7994	0.7425	0.7737
10	22	0.9497	0.7006	0.6191
10	23	0.6999	0.7631	0.5407
10	25	0.8982	0.7799	0.3872
10	28	0.9993	0.4658	0.7918
11	12	0.9491	0.8917	0.2983
11	14	0.9000	0.6359	0.4616
11	15	0.6000	0.6155	0.4738
11	16	0.5190	0.6209	0.5905
11	22	0.8492	0.5848	0.4145
11	24	0.5518	0.4499	0.5634
11	25	0.5000	0.6824	0.4468
11	28	0.5516	0.6872	0.4761
12	13	0.9985	0.7817	0.4561
12	14	0.9988	0.7395	0.5390
12	15	0.7006	0.4528	0.5597
12	16	0.6005	0.5623	0.5371
12	22	0.6239	0.3925	0.5444
13	14	0.7498	0.4566	0.3086
13	15	0.7506	0.5462	0.4975
13	16	0.5506	0.4585	0.4369
14	15	0.9491	0.5711	0.5846
14	16	0.8504	0.5657	0.3921
14	17	0.7491	0.8452	0.4491
14	20	0.7994	0.3247	0.5114
14	22	0.5498	0.4818	0.4924
15	16	0.9494	0.5548	0.5355
15	17	0.6504	0.4274	0.4511
15	18	0.6997	0.3230	0.6443
15	19	0.5004	0.5750	0.5336
15	20	0.8999	0.5042	0.4487
15	22	0.5500	0.5825	0.4618
15	24	0.5018	0.4891	0.5321
16	17	0.8485	0.8931	0.5737
16	18	0.7501	0.4780	0.4918
16	19	0.5510	0.5480	0.6603
17	18	0.9496	0.5388	0.3026
18	19	0.8993	0.7466	0.4415
18	20	0.9489	0.5775	0.4762
18	21	0.8496	0.4942	0.4650
18	23	0.5011	0.6961	0.4117
19	20	0.8496	0.6331	0.3452
19	22	0.9985	0.5060	0.4363
19	24	0.9493	0.5299	0.4103
20	21	0.8958	0.5872	0.7269
20	22	0.9992	0.7144	0.4997
20	23	0.5573	0.4463	0.5023
20	24	0.7496	0.4664	0.4862
21	22	0.9986	0.8965	0.3554
21	24	0.6504	0.7671	0.4506
22	23	0.9987	0.6126	0.4370
22	24	0.9491	0.4640	0.4701
22	25	0.9988	0.7289	0.2949
23	24	0.9998	0.5823	0.5970
24	25	0.9998	0.7996	0.4782
25	26	0.9471	0.9850	0.4461
25	28	0.8501	0.8367	0.2941
26	27	0.6997	0.4545	0.5909
26	28	0.9977	0.6135	0.1508
27	28	0.7502	0.7045	0.2141
