0	1	0.9496	0.9686	0.8636
0	3	0.9989	0.5687	0.5743
0	6	0.9998	0.6247	0.5822
0	7	0.9995	0.9459	0.3965
0	8	1.0000	0.7101	0.5516
0	9	0.9983	0.7595	0.2204
0	10	0.9990	0.8867	0.6652
0	12	0.9983	0.3854	0.3415
1	2	0.9983	1.0000	0.0094
1	3	0.9976	0.8175	0.6914
1	6	0.9981	0.9202	0.7479
1	8	1.0000	0.7523	0.3494
1	10	0.9996	0.9277	0.0560
2	3	0.9950	0.5853	0.0421
2	6	0.9930	0.6202	0.0000
2	8	0.7498	0.3160	0.0195
2	10	0.9995	0.4087	0.8757
2	11	0.5505	0.4449	0.0371
2	12	0.9999	0.6074	0.4537
3	4	1.0000	0.7667	0.3576
3	5	0.9986	0.3851	0.7573
3	6	0.9992	0.6346	0.4134
3	7	0.9996	0.9908	0.3504
3	8	0.9997	0.7178	0.5146
3	9	0.9985	0.7378	0.1803
3	10	0.9979	0.3500	0.5659
3	11	0.9996	0.0755	0.2391
3	12	0.9997	0.0038	0.4255
4	5	0.9994	0.9396	0.4600
4	6	0.9998	0.6209	0.4025
4	7	1.0000	0.4280	0.5769
4	8	0.9969	0.3304	0.1549
4	11	0.5994	0.4087	0.5194
4	12	0.9995	0.9389	0.0124
5	6	0.9952	0.7075	0.0065
6	7	0.9999	0.8801	0.3552
6	8	0.9997	0.5970	0.5626
7	8	1.0000	0.3393	0.6255
8	9	0.5505	0.6407	0.2529
9	10	1.0000	0.5219	0.6902
9	11	0.9992	0.7141	0.5106
10	11	1.0000	0.5584	0.4370
10	12	0.9999	0.7978	0.3599
11	12	0.9985	0.5718	0.4484
12	13	0.7498	0.8885	0.1102
13	14	0.9980	0.9893	0.6879
13	15	0.9996	0.7005	0.3474
13	16	1.0000	0.4134	0.5172
14	15	1.0000	0.9242	0.1781
14	16	1.0000	0.8383	0.3346
15	16	1.0000	0.4616	0.3995
