0	1	0.9998	0.6312	0.5082
0	2	0.9987	0.6439	0.5416
0	3	0.8000	0.6054	0.4390
0	4	0.9996	0.5294	0.5575
0	5	0.8999	0.4548	0.4399
1	2	0.9504	0.7019	0.4376
1	3	0.6999	0.4835	0.5082
1	4	0.9993	0.4540	0.6256
1	5	0.6476	0.5068	0.4388
2	5	0.5008	0.5275	0.4135
3	4	0.8988	0.5742	0.2442
4	5	0.9999	0.6813	0.5422
4	6	0.6506	0.6523	0.4530
4	19	0.7006	0.5913	0.4804
4	27	0.5503	0.6032	0.4544
4	33	0.8003	0.4115	0.6298
5	6	0.5999	0.5586	0.4696
5	7	0.8000	0.6594	0.5585
5	8	0.8501	0.5100	0.4663
5	9	0.9501	0.5221	0.5763
5	10	0.8502	0.5098	0.5647
5	11	0.6504	0.7117	0.3916
5	19	0.5505	0.4860	0.5434
6	7	0.9498	0.7212	0.5580
6	8	0.5502	0.5563	0.4859
6	9	0.9000	0.6145	0.6101
6	10	0.5462	0.4758	0.4626
6	11	0.9003	0.5963	0.5048
6	15	0.6010	0.6592	0.5605
6	19	0.9499	0.5633	0.3704
7	8	0.8500	0.5091	0.4153
7	9	0.9501	0.4577	0.4559
7	10	0.9491	0.5156	0.7582
7	11	0.6009	0.4724	0.4675
8	9	0.9001	0.5889	0.5090
8	10	0.9497	0.5031	0.6662
8	11	0.5510	0.5664	0.5522
8	15	0.6039	0.4607	0.3455
8	19	0.5505	0.5851	0.4516
9	10	0.9996	0.6041	0.5999
9	11	0.8997	0.4213	0.5357
9	13	0.5014	0.2939	0.3352
9	15	0.6002	0.4761	0.6684
9	16	0.5503	0.4848	0.3865
9	19	0.5012	0.5554	0.4309
10	11	0.9497	0.8448	0.6982
10	15	0.8998	0.7031	0.5661
10	16	0.9496	0.7785	0.4728
10	19	0.9996	0.6573	0.4611
11	13	0.5975	0.6029	0.3472
11	15	0.6008	0.7279	0.4419
11	16	0.5509	0.5394	0.4026
11	17	0.5009	0.8290	0.2277
11	19	0.5007	0.5628	0.4727
12	13	0.8995	0.6336	0.4501
13	14	0.7993	0.6506	0.5911
13	15	0.9004	0.4741	0.2920
13	17	0.5008	0.5395	0.2486
13	19	0.5508	0.7504	0.3295
14	15	0.6497	0.7237	0.3055
14	16	0.7500	0.6031	0.5200
15	16	0.9493	0.5012	0.5310
15	19	0.9495	0.6233	0.3936
16	17	0.7503	0.5473	0.3320
16	18	0.8559	0.7600	0.4135
16	19	0.9002	0.5547	0.4571
17	18	0.9997	0.7852	0.3317
17	19	0.8008	0.5455	0.3205
17	24	0.6004	0.4787	0.3758
19	20	0.9500	0.7914	0.5917
19	21	0.7998	0.6152	0.6949
19	22	0.8996	0.6903	0.6008
19	23	0.9498	0.6247	0.6210
19	24	0.9502	0.6443	0.5397
19	25	0.8999	0.9083	0.5401
19	26	0.8494	0.5075	0.4449
20	21	0.8001	0.5868	0.6687
20	22	0.9002	0.4839	0.3913
20	23	0.9501	0.5866	0.4565
20	24	0.9500	0.4913	0.6762
20	26	0.7003	0.5597	0.4520
20	29	0.5504	0.2631	0.3068
21	22	0.9489	0.3655	0.4589
21	23	0.7994	0.6411	0.5608
21	24	0.7998	0.4921	0.6195
21	25	0.6006	0.4199	0.6142
21	26	0.7001	0.4260	0.2979
21	28	0.5005	0.2866	0.4203
22	23	0.8494	0.4825	0.4445
22	24	0.9993	0.6613	0.5685
23	24	0.9999	0.6098	0.5437
23	25	0.5713	0.5502	0.4102
23	26	0.6506	0.5542	0.4737
24	25	0.7000	0.6899	0.4806
24	26	0.7501	0.5032	0.4497
24	27	0.7506	0.5388	0.4513
24	28	0.7000	0.3861	0.6741
25	26	0.8993	0.4990	0.4039
25	27	0.9000	0.5597	0.5069
25	33	0.5507	0.6707	0.4261
26	27	0.7498	0.4333	0.5646
26	28	0.8993	0.5705	0.7507
27	28	0.6504	0.6674	0.5119
27	29	0.5506	0.5304	0.5712
27	30	0.6499	0.4112	0.5710
27	32	0.6494	0.4324	0.5505
27	33	0.8982	0.3892	0.6076
28	29	0.8992	0.7173	0.4963
28	30	0.7003	0.6007	0.5695
28	32	0.5504	0.6654	0.5910
29	30	0.6502	0.7082	0.4374
30	32	0.7502	0.4890	0.6062
30	36	0.5501	0.4332	0.6440
31	32	0.6007	0.4922	0.4471
33	34	0.9999	0.6107	0.3960
34	35	0.7989	0.8208	0.6128
34	36	0.9993	0.7324	0.7945
34	41	0.6505	0.6196	0.6262
34	52	0.6495	0.4791	0.5241
35	36	0.9469	0.7680	0.1543
35	40	0.6003	0.7429	0.1187
36	37	0.9487	0.8815	0.4046
36	38	0.6502	0.4789	0.4015
36	39	0.8994	0.2124	0.5013
36	40	0.9001	0.6142	0.3190
36	41	0.8500	0.8009	0.6276
36	42	0.7501	0.6380	0.6160
36	44	0.5003	0.4843	0.4443
37	38	0.7998	0.4550	0.4631
37	39	0.5019	0.2510	0.4387
37	42	0.6004	0.5614	0.5396
38	39	0.7504	0.5832	0.5401
38	42	0.6992	0.4531	0.5974
39	40	0.7994	0.4520	0.3208
40	41	1.0000	0.8773	0.7166
40	42	0.7505	0.4965	0.3631
40	45	0.5002	0.3401	0.7339
40	46	0.6009	0.5671	0.3666
41	42	0.6504	0.6927	0.3625
41	44	0.7001	0.7628	0.6040
41	45	0.6507	0.6158	0.6551
42	43	0.5994	0.6197	0.6343
42	44	0.8492	0.4587	0.4523
42	45	0.6499	0.3540	0.6468
42	49	0.6006	0.5977	0.4372
43	44	0.7498	0.7088	0.4285
44	45	0.9489	0.9350	0.4036
44	46	0.8003	0.8156	0.6750
44	47	0.5505	0.6009	0.4620
44	48	0.6002	0.5269	0.3792
45	46	0.8505	0.7528	0.3472
46	47	0.6500	0.6505	0.6126
46	48	0.5505	0.4038	0.5020
47	48	0.7997	0.6278	0.6483
47	49	0.9995	0.6697	0.5475
47	50	0.8005	0.6233	0.5276
47	52	0.9002	0.4986	0.5283
48	49	0.8996	0.7636	0.1026
48	50	0.7003	0.7423	0.4460
48	52	0.7998	0.7169	0.5438
49	50	0.9486	0.7294	0.7374
49	51	0.6501	0.4830	0.5026
49	52	0.9994	0.6077	0.5045
50	51	0.9976	0.9058	0.7787
50	52	0.9496	0.5952	0.5911
51	52	0.6002	0.5481	0.4064
