0	5	0.9498	0.5453	0.9218
0	6	0.9498	0.6010	0.5309
0	7	0.9997	0.5913	0.7230
0	8	0.9997	0.5979	0.4450
0	12	0.8497	0.7500	0.6219
0	13	1.0000	0.7080	0.4036
0	14	0.9999	0.3783	0.7195
1	2	0.9988	0.6074	0.5371
1	3	0.9984	0.4752	0.2860
1	4	0.9992	0.4433	0.7462
1	6	0.6507	0.0863	0.5826
1	8	0.6014	0.0753	0.7779
1	10	0.7073	0.1232	0.7748
1	12	0.9501	0.2825	0.4012
2	3	0.9982	0.5380	0.2742
2	4	0.6994	0.7472	0.5336
2	12	0.6003	0.5008	0.3614
3	4	0.9974	0.8688	0.1480
3	5	0.7995	0.6214	0.5242
3	12	0.5501	0.5456	0.1744
4	5	0.9482	0.6842	0.2355
5	6	0.9993	0.9504	0.2258
5	7	0.8985	0.8632	0.8354
6	7	0.9997	0.5275	0.5489
7	8	0.9974	0.7266	0.1131
7	12	0.9002	0.6318	0.7810
8	9	0.9979	0.9855	0.4232
8	10	0.7003	0.5829	0.4789
8	11	0.5503	0.6453	0.6258
8	12	0.9998	0.7148	0.5217
8	13	0.9993	0.4594	0.4521
8	14	0.9999	0.1681	0.7027
9	10	0.8987	0.8150	0.2769
9	11	1.0000	0.5813	0.9167
9	12	0.9998	0.6495	0.2526
9	13	0.5008	0.5875	0.8553
10	11	0.9965	0.3900	0.6982
10	12	0.8505	0.1007	0.5655
10	14	0.6499	0.4817	0.6132
11	12	0.9500	0.7625	0.4059
11	14	0.7000	0.7852	0.4816
12	13	0.9996	0.8230	0.1825
13	14	0.9998	0.6449	0.5857
