0	2	0.9987	0.5053	0.4487
0	3	0.9969	0.3993	0.3640
0	4	0.9987	0.3793	0.5649
0	5	0.9497	0.4504	0.5801
0	6	0.6003	0.6932	0.5851
1	2	0.9995	0.5662	0.7529
1	3	0.9476	0.6497	0.2975
1	4	0.9977	0.2928	0.3915
1	5	0.9985	0.5529	0.6032
1	6	0.7502	0.5424	0.5231
2	3	0.9989	0.5146	0.3408
2	4	0.9982	0.7095	0.6693
2	5	0.9975	0.7283	0.6989
2	6	0.5013	0.5792	0.7008
3	4	0.9993	0.5351	0.3173
3	5	0.9999	0.5059	0.4281
3	6	0.9995	0.5667	0.3744
3	7	0.9990	0.4976	0.2487
4	5	0.9991	0.4167	0.4712
4	6	0.9996	0.5179	0.4425
4	7	0.9997	0.4890	0.4322
5	6	0.9993	0.5751	0.4450
5	7	0.9998	0.5653	0.4122
6	7	0.9998	0.5715	0.4646
6	8	0.9998	0.5731	0.4796
7	8	0.9976	0.3590	0.4536
8	9	0.9992	0.4452	0.5441
8	10	0.9992	0.2631	0.4951
8	11	0.8484	0.3518	0.2802
9	10	0.9990	0.4891	0.4488
9	11	0.9995	0.6766	0.4923
10	11	1.0000	0.7019	0.3413
10	12	0.7507	0.5914	0.3319
11	12	0.9999	0.6032	0.4581
12	13	0.9994	0.6062	0.4739
12	14	0.8502	0.6121	0.2498
13	14	1.0000	0.5187	0.5373
13	15	0.5980	0.5544	0.2653
13	16	0.9999	0.6969	0.4563
14	15	0.9998	0.5997	0.3403
14	16	0.9999	0.5129	0.4546
14	17	0.9502	0.5797	0.2485
15	16	0.9998	0.4668	0.5097
15	17	0.9999	0.5137	0.3901
16	17	1.0000	0.6614	0.4426
