0	1	0.9994	0.7655	0.4954
0	2	0.9991	0.5272	0.3744
0	3	0.9494	0.4620	0.5485
0	5	0.9492	0.7601	0.5540
0	6	0.9996	0.5607	0.4735
0	7	0.9992	0.7472	0.4541
0	8	0.9494	0.4575	0.3418
0	9	0.5506	0.9315	0.6466
0	10	0.6504	0.6993	0.5113
1	2	0.9997	0.8547	0.0679
1	3	0.9497	0.7444	0.5729
1	4	0.9986	0.6048	0.3924
1	6	0.9998	0.5010	0.5693
1	8	1.0000	0.3984	0.8480
1	10	0.7998	0.6842	0.4430
1	13	1.0000	0.2772	0.8663
1	15	1.0000	0.3453	0.9648
1	17	0.8001	0.2646	0.9037
1	22	0.8012	0.2884	0.5991
2	3	0.9996	0.4814	0.4903
2	4	0.9986	0.4732	0.5616
2	5	0.7494	0.6905	0.3622
2	6	0.6979	0.4289	0.4850
3	4	1.0000	0.6513	0.4809
3	5	0.9992	0.7254	0.3149
3	6	0.8999	0.5686	0.4152
3	7	0.9492	0.5206	0.4961
3	9	0.9058	0.2105	0.6707
4	5	0.8992	0.8441	0.5039
4	6	0.5506	0.5322	0.4437
4	7	0.5497	0.6694	0.4688
4	9	0.6006	0.7971	0.6430
5	6	0.9997	0.4681	0.5804
5	7	0.9998	0.5509	0.7382
5	8	0.5501	0.6114	0.3485
6	7	0.9994	0.7857	0.4548
6	8	0.6500	0.3468	0.3581
6	9	0.9994	0.8411	0.5183
6	10	0.7524	0.5798	0.4989
6	13	0.5004	0.5180	0.2812
7	8	0.9990	0.6387	0.4997
7	9	0.9997	0.2519	0.6611
7	10	0.8492	0.4587	0.3630
7	12	0.8496	0.8673	0.5135
7	13	0.9983	0.6219	0.3417
7	14	0.5008	0.5021	0.3889
7	15	0.6992	0.6901	0.4072
8	9	0.9497	0.8734	0.7075
8	10	0.8003	0.5774	0.4589
8	12	0.7988	0.1023	0.8760
8	13	0.9994	0.5380	0.4365
8	14	0.7997	0.6975	0.5654
8	15	0.9995	0.6311	0.4089
8	19	0.8498	0.7082	0.1884
8	22	0.5001	0.7791	0.6430
9	10	1.0000	0.6829	0.6247
9	11	0.5497	0.2073	0.3925
9	13	0.9489	0.5107	0.5244
10	13	0.8004	0.4617	0.3364
11	13	0.5503	0.0361	0.7450
12	13	0.9990	0.4956	0.0660
13	14	0.9486	0.8388	0.4804
13	15	0.9995	0.5418	0.4913
13	16	0.8996	0.6760	0.6488
14	15	0.9995	0.6247	0.6534
14	16	0.8502	0.7294	0.5861
14	17	0.5009	0.5172	0.2792
15	16	0.9993	0.8327	0.5353
15	17	0.9994	0.5892	0.4738
15	18	0.6499	0.8035	0.7212
15	19	0.9490	0.5701	0.3388
16	17	0.9998	0.7530	0.3208
16	18	0.8999	0.4830	0.7658
16	19	0.8989	0.6834	0.1934
16	20	0.5005	0.3270	0.6745
17	18	0.9985	0.7891	0.7885
17	19	0.9996	0.5510	0.4424
17	20	0.9980	0.9629	0.5137
17	21	0.9996	0.6651	0.4573
18	19	0.9994	0.7644	0.4402
18	20	0.9999	0.4466	0.7343
18	21	0.5618	0.7597	0.0300
19	20	0.9988	0.8863	0.5543
19	21	0.9996	0.5353	0.5022
19	22	0.9992	0.9983	0.4840
19	23	0.9492	0.6410	0.3389
20	21	1.0000	0.7501	0.3385
20	22	0.6476	0.1564	0.6779
20	24	0.5006	0.2354	0.3744
21	22	0.9986	0.9624	0.6213
21	23	0.9987	0.8155	0.5828
22	23	0.9988	0.6949	0.2415
22	24	0.7998	0.6059	0.6450
22	27	0.6987	0.4831	0.6646
22	28	0.7498	0.5793	0.2173
23	24	0.6994	0.8548	0.2310
23	26	0.6002	0.6047	0.5767
24	25	0.9001	0.6723	0.6050
24	26	0.7503	0.2092	0.2472
24	27	0.8496	0.5289	0.7016
24	28	0.9501	0.6127	0.4636
24	29	0.9993	0.7104	0.2190
24	30	0.7505	0.5264	0.2909
25	29	0.5015	0.6411	0.4319
26	27	0.8491	0.5885	0.2747
28	37	0.9003	0.4040	0.8061
28	38	0.9499	0.5839	0.6574
29	30	0.8500	0.4879	0.4935
29	31	0.6500	0.6700	0.5811
29	36	0.5006	0.4966	0.2407
29	38	0.9995	0.4283	0.5173
30	31	0.9999	0.8563	0.5672
30	32	0.9998	0.7893	0.5760
30	34	0.8500	0.9215	0.6705
30	35	0.9995	0.7189	0.5842
30	36	0.9997	0.7586	0.4962
30	37	0.9994	0.5550	0.5479
30	38	0.8999	0.6036	0.4728
31	32	1.0000	0.7621	0.5489
31	33	0.9999	0.6383	0.5306
31	34	0.7000	0.6712	0.5283
31	35	0.9993	0.7572	0.4979
31	36	0.9996	0.7842	0.5852
31	37	0.8993	0.4795	0.4693
31	38	0.9987	0.7535	0.3110
32	33	0.9997	0.6210	0.4671
32	34	0.9998	0.4346	0.8196
32	35	0.9996	0.5699	0.4836
32	36	0.9997	0.7322	0.4464
32	37	0.7011	0.2309	0.6382
32	38	0.9974	0.6201	0.1541
33	34	0.9995	0.8144	0.5403
33	35	0.9994	0.3767	0.5827
33	36	0.9496	0.5405	0.5580
33	37	0.9990	0.5557	0.4212
33	38	0.8997	0.3636	0.3534
34	35	0.9989	0.8778	0.2766
34	36	0.9999	0.5403	0.7375
34	37	0.7003	0.6146	0.2337
34	38	0.9989	0.8865	0.1837
35	36	0.9996	0.5010	0.3799
35	37	0.5008	0.3884	0.6208
35	38	0.7504	0.5335	0.3188
36	37	0.9993	0.7725	0.3024
36	38	0.8497	0.5215	0.3618
37	38	1.0000	0.7370	0.5522
38	39	0.9998	0.9170	0.6840
