0	1	0.9999	0.5174	0.3670
0	2	0.9970	0.2280	0.6326
0	3	0.9973	0.1834	0.2015
0	4	0.9984	0.2993	0.4637
0	19	0.9984	0.2906	0.7681
0	20	0.5497	0.6759	0.2195
1	2	0.9985	0.9762	0.6760
1	3	0.9982	0.4832	0.2229
1	4	0.9981	0.1085	0.4929
1	19	0.9978	0.3925	0.7333
1	20	0.6986	0.7660	0.2237
2	3	0.9886	0.8266	0.2034
2	4	0.7989	0.2232	0.2456
2	20	0.6994	0.9110	0.5928
3	4	0.9992	0.4185	0.4379
3	9	0.8508	0.0106	0.4796
3	10	0.8496	0.2124	0.5653
4	5	0.9972	0.4403	0.1171
4	7	0.7980	0.6820	0.4683
4	8	0.9998	0.6746	0.4885
4	9	0.9984	0.2458	0.1327
4	10	0.8498	0.2716	0.3178
4	19	0.9970	0.4764	0.2485
5	6	0.5503	0.9988	0.0904
5	8	0.9996	0.8285	0.4010
5	9	1.0000	0.9919	0.1321
5	19	1.0000	0.7129	0.4910
6	7	0.9998	0.5085	0.4242
6	8	1.0000	0.6504	0.9206
6	11	0.5018	0.4838	0.7747
6	12	0.8500	0.6566	0.5272
7	8	1.0000	0.5771	0.4605
7	9	0.9487	0.2678	0.4400
7	10	0.9506	0.3974	0.9456
7	11	0.9987	0.3667	0.3988
7	12	0.9986	0.4716	0.2456
7	13	0.8991	0.4140	0.1674
7	14	0.8921	0.3256	0.3239
7	19	1.0000	0.5600	0.6391
8	9	0.9989	0.9211	0.5132
8	10	0.9997	0.6597	0.9234
8	12	0.5513	0.4845	0.3565
8	19	0.9999	0.4916	0.6539
9	10	0.7007	0.4155	0.9624
9	11	0.8499	0.5886	0.3288
9	12	0.5513	0.5901	0.4193
9	19	0.9985	0.4110	0.2596
10	19	0.9995	0.8583	0.3551
11	12	0.7482	0.5596	0.3744
11	19	1.0000	0.3713	0.6693
12	19	0.9999	0.4061	0.6343
13	14	0.9998	0.6604	0.4812
13	15	0.8006	0.7802	0.2619
14	15	0.9991	0.6725	0.1631
14	16	0.9999	0.5807	0.5967
14	17	0.8991	0.1617	0.9607
14	18	0.5506	0.5107	0.5362
14	19	0.9989	0.7836	0.1433
15	16	1.0000	0.4853	0.5981
15	17	0.9999	0.3354	0.6394
15	18	0.9991	0.4728	0.3296
16	17	1.0000	0.8046	0.9727
16	18	0.9997	0.4976	0.4491
17	18	0.9975	0.9477	0.0561
18	19	0.9988	0.9146	0.0232
