0	1	1.0000	0.5773	0.5814
0	2	0.9969	0.2460	0.3454
0	5	0.9995	0.8219	0.3765
0	6	1.0000	0.4658	0.4508
0	7	0.9987	0.1898	0.6234
0	12	0.9994	0.0042	0.9938
1	2	0.9999	0.6654	0.5489
1	3	0.8991	0.7269	0.4320
1	5	0.9997	0.0460	0.4553
1	6	0.9995	0.5383	0.3331
1	11	0.9996	0.9701	0.6529
1	12	0.8995	0.9938	0.7913
2	3	0.8009	0.5118	0.3501
2	4	0.9989	0.7286	0.2903
2	5	0.9995	0.8259	0.1043
2	11	0.9982	0.4721	0.5885
2	12	0.9997	0.0001	0.9608
2	14	0.6019	0.0162	0.9781
3	4	0.9993	0.9561	0.3513
3	5	0.9997	0.6697	0.4354
3	6	0.6515	0.3132	0.2027
3	10	0.5001	0.5978	0.0101
4	5	0.9992	0.4936	0.1776
5	6	0.9959	0.5861	0.1052
5	7	1.0000	0.6891	0.9678
5	8	0.9498	0.8766	0.2344
5	9	0.9498	0.9040	0.6060
5	10	0.9984	0.8674	0.2154
6	7	1.0000	0.5837	0.6596
6	8	0.9988	0.1393	0.5013
6	9	0.9995	0.1975	0.9381
6	10	0.9985	0.7183	0.4904
6	11	1.0000	0.6382	0.5027
7	8	0.9996	0.8194	0.7051
7	9	0.9995	0.9903	0.8353
7	10	0.9992	0.4001	0.4007
7	11	0.9996	0.1758	0.2595
8	9	0.9999	0.6400	0.5754
8	10	0.9998	0.9576	0.1996
9	10	0.9975	0.5849	0.1924
10	11	0.9997	0.2262	0.4977
11	12	0.9498	0.9903	0.6561
11	20	0.5001	0.8766	0.4234
13	14	1.0000	0.4433	0.4963
13	15	0.9997	0.5066	0.5882
13	18	1.0000	0.4772	0.5733
13	19	0.9970	0.7271	0.1948
13	20	0.9984	0.7912	0.7659
13	21	0.9999	0.3603	0.4325
14	15	0.9999	0.3929	0.4880
14	16	0.9478	0.1952	0.0733
14	17	1.0000	0.7163	0.4283
14	18	1.0000	0.4908	0.4827
14	19	1.0000	0.0165	0.1460
14	20	1.0000	0.5028	0.6177
14	21	1.0000	0.5611	0.4541
15	16	1.0000	0.5292	0.8978
15	17	0.9982	0.2901	0.0938
15	18	1.0000	0.4509	0.5415
15	19	1.0000	0.8023	0.9364
15	20	0.9992	0.8814	0.6091
15	21	1.0000	0.5157	0.5744
16	17	0.5993	0.9181	0.1652
16	18	0.9994	0.3316	0.3632
16	19	0.6467	0.3480	0.6081
17	18	0.9976	0.2801	0.2832
18	19	0.9995	0.9553	0.0169
18	20	0.9500	0.9977	0.3671
18	21	0.9499	0.7559	0.0872
19	21	0.9976	0.8793	0.2035
20	21	0.9986	0.8780	0.2376
