0	1	0.9498	0.6950	0.1515
0	15	0.5005	0.1970	0.8122
0	16	0.9968	0.5257	0.0742
0	17	0.9977	0.3183	0.3283
1	16	0.9989	0.7719	0.5598
1	17	0.9984	0.3762	0.1941
2	4	0.9980	0.6876	0.0419
2	5	0.9484	0.4527	0.0739
2	7	0.8990	0.9102	0.0746
3	4	0.8493	0.4367	0.1388
3	7	0.8999	0.9997	0.4908
3	15	0.7504	0.9101	0.4539
4	5	0.9961	0.2959	0.6254
4	6	0.9958	0.0951	0.6782
4	7	0.9977	0.6915	0.4634
4	14	0.8981	0.6370	0.5415
4	15	0.7000	0.6309	0.1298
5	6	0.9991	0.8582	0.5331
5	7	0.5013	0.7186	0.3284
5	14	0.9977	0.7747	0.4377
5	15	0.9495	0.9990	0.1698
6	7	0.9984	0.8264	0.4169
6	8	0.9979	0.8781	0.6504
6	13	0.9960	0.0005	0.9800
6	14	0.9999	0.5850	0.4999
6	15	0.9993	0.8124	0.3376
6	16	0.9951	0.7936	0.9987
7	8	0.9998	0.7488	0.3393
7	9	1.0000	0.1345	0.8480
7	10	0.9992	0.5222	0.1595
7	11	0.9990	0.6252	0.6259
7	12	1.0000	0.8573	0.2386
7	14	0.9994	0.5904	0.5696
8	11	0.9996	0.4242	0.4372
8	12	0.9999	0.7219	0.4055
8	13	1.0000	0.3108	0.9629
8	14	0.9986	0.4840	0.6718
8	15	0.9947	0.4785	0.0183
9	10	0.9980	0.3353	0.0063
9	11	0.5009	0.3000	0.8552
10	11	1.0000	0.5074	0.4423
10	12	0.9999	0.6279	0.2930
11	12	1.0000	0.4566	0.4650
11	13	0.9984	0.0358	0.7621
12	13	0.9974	0.9735	0.6721
12	14	0.9986	0.6856	0.8341
12	15	0.9962	0.9967	0.0697
12	17	1.0000	0.9877	0.3196
13	14	0.9996	0.9545	0.0066
13	15	0.9980	0.6085	0.4568
13	17	0.9994	0.3249	0.3615
14	15	1.0000	0.8988	0.0494
15	16	0.9982	0.6880	0.5136
15	17	0.9994	0.6134	0.5599
16	17	0.9978	0.1495	0.3487
