0	1	0.9996	0.9987	0.2294
0	3	0.9990	0.8945	0.4448
0	6	0.9992	0.5452	0.8174
0	13	0.8978	0.8412	0.0182
1	2	0.9498	0.2733	0.1631
1	3	0.9971	0.4036	0.9864
1	4	0.9987	0.9992	0.0230
1	13	0.9986	0.1399	0.4826
2	3	1.0000	0.4775	0.4430
2	6	0.9990	0.9053	0.9805
2	13	0.6000	0.1392	0.0409
2	23	0.6503	0.9206	0.2061
3	4	0.9988	1.0000	0.0000
3	6	0.9990	0.1632	0.8450
3	13	0.9973	0.5591	0.0806
4	5	1.0000	0.9975	0.3393
4	9	1.0000	0.9931	0.9845
4	10	0.9927	0.5829	0.0000
4	11	0.9996	0.9925	0.9540
4	12	0.9977	0.5724	0.1145
4	13	0.9454	0.3401	0.9513
4	14	0.9988	0.4721	0.2706
4	15	0.8510	0.0031	0.9136
5	6	0.9969	0.9237	0.0000
5	7	1.0000	0.5116	0.6969
5	9	0.9993	0.0697	1.0000
5	11	1.0000	0.3299	0.8868
5	13	1.0000	0.7890	0.9120
6	7	0.9990	0.3200	0.0775
6	11	0.9957	0.8319	0.0036
6	13	0.9946	0.7362	0.0116
6	22	0.9499	0.8615	0.5713
7	9	0.8481	0.8801	0.8703
7	11	0.9948	0.6073	0.4643
7	13	0.9994	0.5142	0.5667
7	33	0.9981	0.7750	0.5728
7	34	0.9999	0.8810	0.0258
8	9	0.9981	0.3417	0.2684
8	34	0.9993	0.5241	0.6411
9	10	0.9995	0.9852	0.0230
9	11	0.9978	0.9087	0.9136
9	12	0.9999	0.9930	0.0048
9	14	0.7544	0.8844	0.0559
9	33	0.9978	0.9717	0.9976
9	34	1.0000	0.5856	0.4523
10	11	0.9962	0.6988	0.4792
10	12	0.9989	0.6973	0.5104
10	13	0.9999	0.9510	0.4189
10	14	0.9998	0.5025	0.5782
10	15	0.9982	0.8899	0.6073
10	16	0.9999	0.6791	0.3889
10	17	0.9997	0.9952	0.3596
10	33	0.9996	0.3667	0.9880
11	12	0.9999	0.5244	0.3237
11	13	1.0000	0.2738	0.4521
11	14	0.9999	0.4475	0.3357
11	16	1.0000	0.3623	0.7833
11	18	0.9012	0.3058	0.9246
11	33	1.0000	0.6857	0.8459
11	34	0.9999	0.8583	0.0041
12	13	0.9957	0.8344	0.4415
12	15	0.9995	0.9605	0.3992
12	16	0.9977	0.5268	0.2840
12	33	0.8513	0.0854	0.9970
13	14	1.0000	0.4231	0.6929
13	15	0.8018	0.2116	0.1353
14	15	0.9497	0.9616	0.5088
14	16	0.9999	0.8647	0.2956
14	33	0.9988	0.1916	0.9761
15	16	1.0000	0.8119	0.2455
15	17	0.9980	0.5842	0.6333
15	18	0.6007	0.8205	0.0383
16	17	0.9980	0.6183	0.4233
16	18	0.9999	0.5607	0.5193
16	33	0.9999	0.3696	0.9691
16	34	1.0000	0.0013	0.0485
17	18	1.0000	0.5476	0.4333
18	29	0.9994	0.9404	0.8851
18	30	0.8995	0.8776	0.1766
18	33	0.9983	0.4257	0.7971
19	20	0.9995	0.9991	0.1738
19	28	1.0000	0.6296	0.9852
19	29	1.0000	0.3333	0.5528
19	30	1.0000	0.4528	0.7603
19	31	0.9989	0.7574	0.5813
19	32	0.7494	0.5934	0.5732
20	21	0.9983	0.9079	0.5743
20	22	0.9484	0.6112	0.2544
20	24	0.9998	0.9118	0.3954
20	25	0.7990	0.8717	0.8765
20	26	1.0000	0.6678	0.3233
20	28	0.9988	0.2299	0.3528
20	29	0.9997	0.0896	0.1545
20	30	1.0000	0.0054	0.9998
21	22	0.9995	0.4915	0.5743
21	23	0.8001	0.3264	0.7173
21	26	0.8996	0.6354	0.1709
21	28	0.9991	0.8887	0.1742
22	23	0.8043	0.4471	0.5356
22	24	0.9988	0.4952	0.3561
22	25	0.9491	0.3524	0.5867
22	26	0.9968	0.5238	0.0616
22	28	0.9952	0.5329	0.0041
23	24	1.0000	0.6665	0.3432
23	25	1.0000	0.4535	0.9882
23	26	1.0000	0.6265	0.5554
23	27	0.9965	0.6134	0.0267
23	28	0.9970	0.6765	0.0065
24	25	0.9991	0.3192	0.6800
24	26	0.9986	0.3974	0.4292
24	28	0.9982	0.1906	0.3706
25	26	0.9000	0.9929	0.1732
26	27	0.9992	0.9872	0.2526
26	28	1.0000	0.6987	0.2914
27	28	0.9979	0.5328	0.2206
27	29	0.9997	0.6706	0.9926
28	29	0.9966	0.9867	0.4944
28	30	0.5999	0.6235	0.3280
28	31	0.9994	0.9644	0.3343
29	30	0.9983	0.8102	0.1385
29	31	0.9999	0.2555	0.5780
30	31	0.9985	0.8981	0.5592
30	32	0.9998	0.5940	0.5276
31	32	0.9999	0.6621	0.4000
33	34	0.9978	0.9998	0.0130
