0	1	0.8485	0.9898	0.4055
0	2	0.9994	0.7757	0.4664
0	3	0.9993	0.5047	0.5675
0	4	0.9997	0.8470	0.4871
0	5	0.9996	0.5705	0.4782
0	6	0.5012	0.7712	0.5045
0	8	0.9998	0.7511	0.5117
0	10	0.5014	0.6206	0.5228
0	11	0.7004	0.5064	0.4315
1	2	0.9977	0.8941	0.0583
2	3	1.0000	0.7290	0.3940
2	4	0.6005	0.5869	0.4742
2	5	0.9999	0.6456	0.3968
2	10	0.9999	0.4980	0.9093
2	11	0.9991	0.4889	0.4313
3	4	0.9999	0.7655	0.4025
3	5	0.9497	0.4625	0.4093
3	6	0.5006	0.6572	0.3064
3	8	0.9999	0.7618	0.5747
3	9	0.5477	0.3544	0.7243
4	5	0.9997	0.7400	0.3210
4	6	0.9990	0.2398	0.4512
4	7	0.8983	0.0270	0.8339
4	8	0.8001	0.4299	0.6451
4	9	0.7485	0.5456	0.7775
4	10	0.9989	0.6320	0.6088
4	11	0.6997	0.5946	0.4468
5	6	0.9994	0.5912	0.4357
5	7	0.8473	0.9909	0.5991
5	8	0.9995	0.7153	0.6321
5	9	0.9982	0.0386	0.9955
5	10	0.9974	0.5898	0.6406
5	11	0.9969	0.5027	0.6037
5	12	0.9988	0.6844	0.7359
6	7	0.9981	0.9336	0.4045
6	8	0.9999	0.8253	0.3251
6	10	0.5662	0.3806	0.5743
7	8	0.9989	0.6024	0.1613
8	9	0.9960	0.9748	0.1141
8	10	0.9995	0.5896	0.2331
8	11	0.8544	0.6272	0.5347
9	10	0.9967	0.9428	0.0478
9	11	0.9991	0.9346	0.5580
10	11	0.9993	0.5277	0.5112
10	12	0.9999	0.5525	0.5570
10	13	0.8991	0.6136	0.4473
11	12	0.9998	0.7320	0.4858
11	13	0.9991	0.7324	0.5335
12	13	1.0000	0.6442	0.6393
12	14	0.9986	0.6608	0.3807
12	15	0.9978	0.8016	0.6153
13	14	0.9994	0.7123	0.5603
13	15	0.9981	0.8232	0.6120
14	15	0.9994	0.7290	0.4883
