0	1	0.9968	0.9476	0.5486
0	12	0.7502	0.9081	0.4405
0	13	0.7994	0.4875	0.6627
0	14	0.8499	0.4444	0.4055
0	15	0.9980	0.1569	0.5382
0	16	1.0000	0.5583	0.8807
0	17	0.7993	0.6612	0.4358
0	35	0.9496	0.6808	0.9989
0	36	0.9969	0.4019	0.0015
0	37	0.9011	0.2527	0.3684
0	38	0.7501	0.5783	0.6707
1	2	0.9982	0.7518	0.2201
1	11	0.5006	0.4948	0.6984
1	12	0.9499	0.8500	0.1102
1	13	0.9999	0.9152	0.2324
1	14	0.9986	0.8598	0.4359
1	15	0.9500	0.6363	0.7561
1	16	0.9999	0.5104	0.4285
1	35	0.9996	0.3569	0.9874
1	37	0.8494	0.6336	0.2116
2	3	0.9994	0.0857	0.0601
2	4	0.9985	0.1238	0.2679
2	5	0.9969	0.1810	0.6597
2	11	0.9991	0.0053	0.5314
2	16	0.5507	0.3371	0.4108
3	4	0.9978	0.5504	0.0921
3	11	0.9982	0.2816	0.4142
4	5	0.9995	0.6411	0.4693
4	10	0.6985	0.4230	0.1548
4	11	0.9986	0.4638	0.3613
4	33	0.8990	0.6193	0.9510
5	6	0.9977	0.8245	0.1673
5	9	0.9999	0.3923	0.6338
5	11	0.9437	0.4788	0.2643
6	7	0.9977	0.9650	0.7827
6	8	0.9990	0.9401	0.8538
6	9	0.9997	0.1010	0.5187
6	10	0.9996	0.0693	0.8131
6	11	1.0000	0.5153	0.7583
6	12	0.9952	0.7884	0.0070
6	13	0.8487	0.9228	0.0662
7	8	0.8999	0.2923	0.6441
7	11	0.6505	0.6279	0.7215
7	12	0.5507	0.0523	0.3881
8	9	0.8494	0.1433	0.1065
8	11	0.8994	0.7569	0.7692
8	12	0.7503	0.9780	0.3994
9	10	1.0000	0.5485	0.3566
9	11	0.9520	0.1803	0.3074
12	13	0.8432	0.7988	0.4128
14	15	0.9989	0.3953	0.3921
14	16	0.9980	0.4920	0.2500
15	16	0.9991	0.3513	0.3840
16	17	0.9991	0.8750	0.5066
16	35	0.7504	0.4631	0.9662
16	36	0.8983	0.6897	0.0097
16	37	0.9980	0.9099	0.7674
16	38	0.8502	0.5336	0.4058
17	18	0.9965	0.9846	0.4614
17	19	0.8494	0.7410	0.7490
17	20	1.0000	0.6256	0.9248
17	35	1.0000	0.5626	0.9772
17	36	0.8498	0.9074	0.1401
18	19	0.8987	0.7472	0.5402
18	20	0.9975	0.3021	0.9326
18	35	0.9953	0.7663	0.9927
18	36	0.9981	0.5569	0.0250
19	20	0.9493	0.4724	0.7585
19	28	0.8497	0.4513	0.7709
19	35	1.0000	0.3855	0.8996
20	35	0.8512	0.7538	0.8774
20	36	0.6024	0.7018	0.0002
21	23	0.9488	0.9449	0.5057
21	27	0.9997	0.9462	0.7253
21	28	0.9996	0.5717	0.5826
21	29	0.9996	0.9934	0.6410
21	30	0.9956	0.9839	0.6694
21	31	0.9997	0.6368	0.4550
21	32	0.9482	0.8948	0.3889
21	34	0.9486	0.9096	0.9759
21	35	1.0000	0.4008	0.4446
22	23	0.7986	0.8388	0.5998
22	24	0.6008	0.3183	0.5686
22	29	0.5849	0.7620	0.3374
22	34	0.9991	0.7642	0.9711
23	24	0.9993	0.8613	0.4475
23	25	0.9486	0.5178	0.6717
23	27	0.9981	0.1719	0.4698
23	28	0.9994	0.5528	0.6621
23	29	0.9946	0.4107	0.2585
23	31	0.9987	0.2378	0.6018
23	34	0.9994	0.4291	0.9584
23	35	0.9949	0.7507	0.0110
24	25	0.9970	0.6198	0.3593
24	28	1.0000	0.6071	0.9569
24	29	0.8469	0.7451	0.1358
24	31	0.9487	0.5358	0.5591
24	35	0.7002	0.2902	0.1200
25	26	0.9984	0.9244	0.4203
25	27	0.9997	0.7164	0.4150
25	28	0.9986	0.4593	0.7323
27	28	0.9999	0.6513	0.5409
27	29	1.0000	0.4630	0.6358
27	30	0.9965	0.5304	0.3103
27	31	0.9985	0.6547	0.1891
28	29	0.9991	0.7263	0.5293
28	30	0.5499	0.0551	0.2962
28	31	0.9997	0.4728	0.3764
28	35	0.9957	0.5025	0.1155
29	30	0.9975	0.9879	0.4154
29	31	0.9984	0.5973	0.1179
30	31	0.9958	0.6433	0.0208
31	32	0.9995	0.9869	0.2504
31	35	0.9988	0.5953	0.2011
32	33	0.9997	0.4526	0.2740
32	34	0.9999	0.3871	0.5532
32	35	0.9948	0.5671	0.0032
33	34	0.9999	0.4310	0.6001
34	35	0.9997	0.9305	0.0000
35	36	0.9986	0.9986	0.0039
35	37	0.5486	0.9426	0.3750
35	38	0.8480	0.9975	0.2125
36	37	0.9491	0.5613	0.9964
36	38	1.0000	0.3287	0.8332
37	38	0.9480	0.9659	0.2007
