0	1	0.9999	0.7375	0.5366
0	2	0.9997	0.7968	0.5051
0	3	0.9992	0.6824	0.4827
0	4	0.8500	0.4857	0.4537
0	5	0.8992	0.3892	0.3142
0	15	0.5006	0.4616	0.4643
0	17	0.8491	0.3392	0.3022
0	18	0.7992	0.5205	0.5528
0	19	0.9993	0.3664	0.7982
0	20	0.9495	0.4736	0.4667
0	21	0.9996	0.4299	0.6072
1	2	1.0000	0.5372	0.4560
1	3	0.9999	0.6471	0.4673
1	4	0.9997	0.5331	0.5358
1	5	0.6498	0.3675	0.3305
1	19	0.9479	0.4231	0.9379
1	20	0.7985	0.4708	0.4278
1	21	0.9489	0.4431	0.5174
2	3	0.9997	0.5360	0.4162
2	4	0.9997	0.4771	0.5809
2	5	0.8498	0.6243	0.4105
2	6	0.5015	0.5303	0.5166
2	19	0.9480	0.3738	0.9450
2	20	0.6495	0.3912	0.3119
2	21	0.5024	0.4840	0.5159
3	4	0.9998	0.6124	0.5556
3	5	0.8999	0.6454	0.4218
3	6	0.8004	0.5512	0.5371
3	7	0.6505	0.5985	0.4336
3	8	0.5508	0.4697	0.3798
3	19	0.8487	0.5092	0.8459
4	5	0.9999	0.6108	0.3917
4	6	0.9998	0.4605	0.5644
4	7	0.9990	0.4486	0.3497
4	8	0.8500	0.4705	0.5047
4	9	0.9998	0.3078	0.6373
5	6	0.9500	0.5580	0.5322
5	7	0.7976	0.5227	0.3406
5	8	0.9996	0.6484	0.4348
5	9	0.9994	0.5709	0.6837
6	7	0.7995	0.4985	0.5375
6	8	0.9998	0.6031	0.5012
6	9	0.9995	0.5583	0.5778
6	10	0.5009	0.3426	0.3504
6	11	0.8981	0.7709	0.5636
6	12	0.6997	0.5136	0.4726
6	14	0.7500	0.5522	0.4404
7	8	0.9994	0.5147	0.4863
7	9	0.9995	0.5338	0.4937
7	10	0.8000	0.4688	0.4560
7	11	0.5509	0.4701	0.6366
7	12	0.6499	0.5993	0.4332
7	14	0.7997	0.4196	0.6689
8	9	0.9997	0.4476	0.4917
8	10	0.8497	0.4395	0.4022
8	11	0.8997	0.6021	0.3848
8	12	0.8995	0.5514	0.5190
8	14	0.7008	0.3866	0.5129
9	10	0.9988	0.3154	0.4860
9	11	0.9994	0.1979	0.4701
9	12	0.9493	0.4016	0.5109
9	14	0.7503	0.3913	0.5533
10	11	0.9987	0.7086	0.4083
10	12	0.9496	0.5772	0.5523
10	14	0.8995	0.5370	0.5468
11	12	0.9989	0.7341	0.5501
11	13	0.6512	0.1933	0.9205
11	14	0.9995	0.6023	0.4943
11	15	0.9001	0.5874	0.4271
12	13	0.8985	0.7424	0.4766
12	14	0.9998	0.6991	0.4922
12	15	0.8996	0.5732	0.4146
12	16	0.6503	0.5859	0.4719
13	14	0.8479	0.8236	0.2467
13	16	0.5005	0.6351	0.6066
14	15	0.9996	0.5436	0.4943
14	16	0.6002	0.3922	0.4781
15	16	0.9484	0.5099	0.5064
15	17	0.8994	0.5197	0.4995
15	18	0.5522	0.6057	0.4813
15	20	0.7503	0.5659	0.4846
15	21	0.5504	0.4609	0.4020
16	17	0.8988	0.5456	0.5485
16	18	0.9499	0.4645	0.5606
16	21	0.5507	0.6539	0.4614
17	18	0.9984	0.8871	0.5014
17	19	0.5507	0.3719	0.4155
17	20	0.6498	0.3815	0.4724
17	21	0.6000	0.4821	0.4627
18	19	0.7499	0.5031	0.1568
18	20	1.0000	0.4235	0.7452
18	21	0.9994	0.5335	0.5885
19	20	0.9494	0.5585	0.4137
19	21	0.9996	0.5366	0.4420
20	21	0.9998	0.5246	0.4290
