0	1	0.8488	0.6102	0.6486
0	2	0.9994	0.6486	0.6129
0	3	0.6511	0.6651	0.5551
0	4	0.9009	0.7064	0.5952
0	5	0.5998	0.6261	0.4061
0	6	0.9990	0.7299	0.5971
1	2	0.9972	0.7535	0.6012
1	4	0.8991	0.6829	0.4201
2	3	0.9980	0.7675	0.6350
2	4	0.9992	0.6427	0.6458
2	5	0.9976	0.7561	0.4979
2	6	0.9494	0.6230	0.6236
3	4	0.9979	0.6748	0.5236
3	6	0.9483	0.6022	0.3040
4	5	0.9977	0.6450	0.6501
4	7	0.7993	0.6263	0.7159
4	9	0.7990	0.5784	0.4547
5	6	0.9963	0.8014	0.4158
5	7	0.8484	0.2351	0.8849
6	7	0.9986	0.5473	0.5576
6	8	0.6000	0.5034	0.7171
6	9	0.9994	0.5824	0.5089
6	10	0.9984	0.5533	0.7823
6	11	0.6504	0.5899	0.5064
7	8	0.5499	0.7073	0.5788
7	9	0.9996	0.6599	0.5370
7	10	0.6010	0.6664	0.2024
8	9	0.9492	0.8283	0.4120
8	10	0.5511	0.4098	0.2915
8	11	0.6489	0.7605	0.7343
9	10	0.9988	0.4333	0.5184
9	11	0.9990	0.6026	0.5634
10	11	0.9981	0.5138	0.6913
11	12	0.9971	0.8904	0.4668
11	13	0.8002	0.5681	0.5468
11	14	0.8986	0.8821	0.4964
11	15	0.8985	0.9049	0.4812
11	16	0.6439	0.7321	0.3326
12	13	0.9995	0.5594	0.4603
12	15	0.8500	0.4869	0.4236
13	14	0.9495	0.6929	0.7918
13	15	0.6558	0.4987	0.5167
14	15	0.7002	0.7884	0.6527
14	16	0.7498	0.5286	0.6438
15	16	0.5003	0.7125	0.5020
17	18	0.6501	0.9752	0.4880
17	19	0.8498	0.4701	0.1994
18	19	0.8997	0.6297	0.3512
19	20	1.0000	0.5684	0.4957
19	21	0.7006	0.1705	0.6136
19	22	0.9994	0.5427	0.5674
19	23	0.9988	0.4393	0.5842
19	24	0.5006	0.4706	0.5464
19	25	0.6502	0.3982	0.4915
19	26	0.9999	0.5662	0.6071
20	21	0.9981	0.9293	0.6428
20	22	1.0000	0.7186	0.5877
20	23	0.9997	0.7679	0.6332
20	24	0.9500	0.7145	0.4893
20	25	0.8500	0.6497	0.4970
20	26	0.9993	0.7256	0.6643
21	22	0.9485	0.6148	0.2502
21	23	0.8996	0.4619	0.3614
21	24	0.7503	0.6191	0.2531
22	23	0.9985	0.4579	0.5718
22	26	0.8502	0.6119	0.4100
23	24	0.9997	0.7155	0.5663
23	25	0.9501	0.6907	0.5713
23	26	0.6485	0.4781	0.4509
24	25	0.8992	0.5664	0.5138
24	26	0.9992	0.7260	0.5549
25	26	0.9992	0.6799	0.5582
26	27	0.9995	0.8192	0.6209
