0	1	0.9984	0.6570	0.6357
0	2	0.9491	0.7783	0.6647
0	3	0.5511	0.7889	0.6543
0	4	0.7999	0.7513	0.4193
0	14	0.9989	0.7749	0.5069
0	15	0.9492	0.4457	0.3578
0	16	0.5505	0.5841	0.6084
0	30	0.9983	0.9511	0.1048
0	33	0.9988	0.2998	0.2168
1	2	0.9999	0.6903	0.6237
1	3	0.9997	0.3267	0.8696
1	4	0.9489	0.4993	0.5257
1	14	0.9997	0.4934	0.7185
1	15	0.6503	0.2987	0.4590
1	16	0.6503	0.7108	0.8163
1	22	0.8993	0.3221	0.6454
1	23	0.5504	0.6450	0.5389
1	30	0.6010	0.2753	0.1370
1	31	0.5002	0.2212	0.6623
1	33	0.9500	0.7847	0.4676
2	3	0.7003	0.9161	0.7829
2	14	0.9989	0.7809	0.8301
2	30	0.5503	0.7982	0.1853
2	33	0.9993	0.4391	0.4440
3	4	0.9982	0.9318	0.4167
3	14	0.5998	0.4427	0.5395
4	5	0.9991	0.5881	0.5784
4	6	0.8498	0.4994	0.3520
4	11	0.6193	0.3447	0.4791
4	14	0.7492	0.5381	0.2299
5	6	0.9993	0.9974	0.1613
5	11	0.8998	0.6077	0.3648
5	12	0.9498	0.7992	0.5000
5	14	0.9487	0.7433	0.3269
6	7	0.7496	0.6723	0.3726
6	8	0.9000	0.5216	0.6357
6	11	0.8996	0.4022	0.5423
6	12	0.8496	0.4318	0.6760
6	14	0.7003	0.3314	0.1982
7	8	0.8502	0.5325	0.5690
8	11	0.7993	0.4219	0.5442
9	10	0.9499	0.7235	0.6408
9	11	0.9987	0.5832	0.3880
9	12	0.7006	0.3909	0.6734
9	13	0.8500	0.5282	0.7113
9	14	0.9489	0.7193	0.1917
10	11	0.9947	0.8905	0.1257
10	12	0.7495	0.8196	0.6165
10	14	0.9972	0.8541	0.7196
11	12	0.9985	0.5949	0.6077
11	13	0.9489	0.4076	0.5924
11	14	0.9982	0.3394	0.2721
12	13	0.9495	0.6700	0.6572
12	14	0.9991	0.7063	0.3224
12	15	0.5505	0.4778	0.6463
13	14	0.8987	0.6819	0.2512
14	15	1.0000	0.5509	0.4979
14	16	0.9995	0.5545	0.6440
14	18	0.5999	0.5356	0.7500
14	20	0.9994	0.4095	0.5465
14	21	0.9994	0.3055	0.4738
15	16	0.9488	0.9496	0.2951
15	20	1.0000	0.8273	0.5869
15	21	0.9503	0.7234	0.3970
15	33	0.9991	0.3677	0.4284
15	34	0.6000	0.2313	0.7209
16	17	1.0000	0.8181	0.5328
16	18	1.0000	0.7202	0.6621
16	19	0.9495	0.3269	0.6276
16	20	0.9996	0.3194	0.5976
16	21	1.0000	0.2228	0.8383
16	22	0.7493	0.5522	0.5370
16	23	0.9001	0.6755	0.6732
17	18	0.7004	0.6070	0.3600
17	19	0.8989	0.7447	0.6139
17	20	0.9996	0.7324	0.6830
17	21	0.9496	0.5293	0.7107
17	22	0.8500	0.4666	0.5516
18	19	0.7497	0.8827	0.2245
18	20	0.9987	0.9449	0.7921
18	21	0.9993	0.9132	0.7733
18	22	0.9499	0.6500	0.5437
18	23	0.5508	0.6434	0.7033
19	20	0.9999	0.5541	0.4877
19	21	0.9994	0.5804	0.4304
19	22	0.9983	0.4536	0.2973
19	23	0.5003	0.3448	0.7185
19	27	1.0000	0.4395	0.6624
19	29	0.9990	0.5715	0.4744
19	30	0.6498	0.6768	0.7252
19	33	0.6001	0.6250	0.3359
19	34	0.6011	0.5755	0.9319
20	21	0.9997	0.4789	0.4704
20	22	0.9496	0.3787	0.3837
20	27	0.8495	0.3871	0.5285
21	22	0.8497	0.5027	0.3682
21	27	0.6501	0.5380	0.7806
22	23	1.0000	0.5199	0.6627
22	24	0.6005	0.2694	0.5073
22	26	0.8999	0.2727	0.4482
22	27	0.6512	0.2988	0.3070
23	24	0.8999	0.7047	0.3950
23	26	0.8998	0.5426	0.6231
23	27	0.9998	0.7416	0.5627
23	30	0.6007	0.7908	0.5256
23	31	0.9498	0.6168	0.8423
24	25	0.9988	0.6249	0.7412
24	26	0.9995	0.4218	0.5238
24	27	1.0000	0.6234	0.3204
25	26	0.9965	0.9369	0.3279
25	27	0.9988	0.7612	0.1421
26	27	0.9978	0.6855	0.0599
27	28	0.9976	0.9193	0.6526
27	29	0.9983	0.7470	0.0900
27	30	0.9499	0.6985	0.8223
27	31	0.9996	0.3967	0.6294
27	32	0.8479	0.7530	0.0694
27	34	0.6000	0.9326	0.8058
27	35	0.5503	0.6500	0.3912
28	29	0.9956	0.6464	0.0105
29	30	0.9992	0.8074	0.8949
29	32	0.9987	0.7925	0.3826
29	33	0.9994	0.8468	0.3997
29	34	0.9995	0.2178	0.8264
30	31	0.9998	0.6275	0.8798
30	32	0.9969	0.8703	0.5977
30	33	0.7997	0.5690	0.4006
31	33	0.7496	0.8960	0.3030
32	33	0.9946	0.7999	0.2411
32	34	0.7999	0.4880	0.9272
33	34	0.9995	0.9060	0.7915
33	35	0.6506	0.4146	0.4795
34	35	0.6505	0.7955	0.4626
34	36	0.6993	0.8744	0.8451
35	36	0.9984	0.5211	0.6302
35	37	0.9495	0.6070	0.4321
35	41	0.5012	0.4955	0.3468
36	37	0.9997	0.6771	0.5971
36	38	0.9995	0.5401	0.3298
36	39	0.9497	0.5247	0.4874
36	40	0.9491	0.3866	0.8415
36	41	0.9993	0.4380	0.7243
36	42	0.8000	0.3216	0.6435
36	43	0.9991	0.6445	0.6789
37	38	0.9503	0.5910	0.3068
37	39	0.9497	0.5725	0.6580
37	40	0.9006	0.3455	0.5834
37	41	0.9990	0.5475	0.5899
37	42	0.9984	0.4910	0.6866
37	43	0.9984	0.5009	0.7451
38	39	0.9996	0.7670	0.4218
38	40	0.9991	0.4037	0.8109
38	41	0.9983	0.4518	0.6613
38	42	0.9995	0.5464	0.6291
38	43	0.9990	0.6212	0.5787
39	40	0.9990	0.7312	0.8155
39	41	0.9980	0.6214	0.7640
39	42	0.9984	0.6913	0.7927
39	43	0.9988	0.6818	0.6926
40	41	0.9987	0.6043	0.4467
40	42	0.9989	0.6369	0.6537
40	43	0.9989	0.7074	0.5872
41	42	0.9993	0.5346	0.5933
41	43	0.9991	0.5716	0.5529
42	43	0.9998	0.5722	0.4978
