0	1	0.9988	0.6252	0.2033
0	2	0.9999	0.6269	0.9205
0	3	1.0000	0.6590	0.8223
0	5	0.9993	0.5903	0.6453
0	6	0.9998	0.5717	0.7696
1	2	0.9994	0.5654	0.4250
1	3	0.9493	0.5228	0.4892
1	5	0.8488	0.3736	0.5670
1	6	0.5505	0.5229	0.5574
2	3	0.9989	0.4636	0.4168
2	5	0.9993	0.7054	0.4007
2	6	0.9965	0.5759	0.7753
3	4	0.9998	0.9553	0.4905
3	5	0.9993	0.4140	0.2560
3	6	1.0000	0.6765	0.4661
3	11	0.9966	0.9749	0.5294
4	5	0.9999	0.8457	0.3460
4	6	0.9998	0.5411	0.2906
4	7	0.9500	0.9889	0.9908
4	8	0.5012	0.6143	0.0322
5	6	0.7964	0.4356	0.5383
7	8	0.9994	0.8544	0.4380
7	9	0.5503	0.5125	0.7624
7	10	0.9989	0.5171	0.1817
7	13	1.0000	0.4179	0.7169
7	16	0.9984	0.2666	0.1359
7	18	0.9999	0.6076	0.3423
8	10	0.9975	0.3948	0.2984
8	11	0.9994	0.0602	0.7093
8	13	0.9999	0.0817	0.5393
9	10	0.9998	0.8720	0.1465
9	13	0.9998	0.0833	0.9235
10	13	0.9999	0.0090	0.5292
11	12	0.9501	0.1130	0.8274
11	13	0.7478	0.4349	0.2235
12	13	0.9992	0.1800	0.1363
12	14	0.9990	0.8077	0.5086
12	17	0.8992	0.4986	0.0676
13	14	1.0000	0.6022	0.8508
13	15	0.9986	0.9718	0.8162
13	16	1.0000	0.6202	0.5694
13	17	0.9998	0.2198	0.2693
13	18	0.9985	0.5773	0.1604
15	16	0.9486	0.5008	0.5486
16	17	0.9978	0.9330	0.9998
16	18	0.9997	0.5694	0.5281
