0	1	0.6500	0.8161	0.1951
0	2	0.6503	0.8169	0.1534
1	2	0.7492	0.5525	0.6925
2	3	0.9994	0.7155	0.3194
2	7	0.8504	0.8524	0.1296
2	8	0.8500	0.7268	0.7051
2	23	0.9497	0.5760	0.8274
3	4	0.9990	0.9999	0.0663
3	6	0.8501	0.8430	0.4399
3	7	0.9497	0.0864	0.2625
3	8	0.9997	0.4975	0.4550
3	9	0.9975	0.5261	0.5743
3	24	0.5007	0.2892	0.5259
4	5	1.0000	0.5707	0.5156
4	6	0.8490	0.4139	0.1211
4	7	0.8513	0.1654	0.9148
4	8	0.9998	0.1666	0.6767
4	9	1.0000	0.1572	0.9354
5	6	0.5513	0.5274	0.1916
5	8	0.5998	0.5561	0.1617
6	7	0.9997	0.9185	0.3492
6	8	0.9999	0.7356	0.5457
6	9	0.8868	0.6425	0.5421
6	10	0.9994	0.8173	0.8593
6	11	0.7953	0.5649	0.1697
6	15	0.5500	0.3276	0.4413
7	8	0.9464	0.3622	0.5586
7	9	0.9985	0.4121	0.5128
7	23	0.6503	0.3602	0.6798
7	24	0.9992	0.0753	0.6793
8	9	0.9995	0.5197	0.5346
8	23	0.5997	0.6197	0.7677
8	24	0.9987	0.5973	0.6466
9	14	0.9496	0.9541	0.5456
10	11	1.0000	0.6026	0.6344
10	12	0.9476	0.9228	0.4690
10	13	0.9994	0.3605	0.7355
10	14	0.9985	0.2601	0.2671
10	17	1.0000	0.5864	0.4472
10	19	0.9999	0.1243	0.1961
10	21	0.9999	0.3189	0.5785
10	22	0.9996	0.1291	0.7424
10	23	0.9989	0.2935	0.2580
11	15	0.9985	0.7986	0.0544
11	17	0.9993	0.9979	0.1698
12	13	0.9492	0.8356	0.4768
12	14	0.8002	0.8108	0.3435
12	17	0.9994	0.1320	0.9524
13	14	0.9989	0.6183	0.0893
13	17	0.9501	0.1065	0.8037
14	17	0.9978	0.1266	0.6791
15	16	0.9998	0.1047	0.8044
15	17	0.9928	0.5008	0.3369
16	17	0.9975	0.4609	0.1623
16	18	1.0000	0.8008	0.6354
16	20	0.9964	0.5505	0.0363
17	18	0.9997	0.3440	0.6110
17	19	0.9999	0.5650	0.6922
17	20	1.0000	0.1049	0.0643
17	21	0.8500	0.5007	0.2475
17	22	0.6491	0.8725	0.6080
19	20	0.9974	0.9357	0.9973
19	21	1.0000	0.4507	0.8199
21	22	0.9996	0.9458	0.9058
23	24	0.6007	0.6236	0.1683
