0	2	0.6499	0.7561	0.5278
0	3	0.7003	0.3447	0.3603
0	12	0.8496	0.8471	0.5790
1	2	0.6492	0.6292	0.3345
1	3	0.8987	0.3856	0.7603
2	3	0.9985	0.7846	0.6570
2	4	0.9983	0.5077	0.5203
2	11	0.8997	0.4964	0.3008
2	12	0.7493	0.5877	0.6278
3	4	0.9988	0.8390	0.3425
3	7	0.5006	0.3758	0.5991
3	11	0.9992	0.6536	0.5313
3	12	0.9993	0.6699	0.3456
3	13	0.7005	0.3257	0.7237
3	20	0.8003	0.5541	0.6294
3	23	0.6500	0.3802	0.6954
4	5	0.6513	0.9320	0.3695
4	6	0.8503	0.9388	0.4875
4	8	0.8995	0.8152	0.7045
4	9	0.9996	0.6793	0.4673
4	10	0.6502	0.5127	0.8739
4	11	0.9992	0.4852	0.3296
4	12	0.9988	0.5218	0.5603
5	6	0.9991	0.7197	0.4221
5	8	0.7502	0.3185	0.4119
5	9	0.7495	0.5969	0.3737
5	11	0.7492	0.8040	0.6651
6	7	0.9999	0.7076	0.3623
6	8	0.9490	0.6014	0.4694
6	9	0.5504	0.7447	0.3411
7	8	0.9996	0.6311	0.4370
7	9	0.7007	0.6704	0.3224
8	9	0.9990	0.4784	0.2504
8	11	0.7496	0.8272	0.5895
9	10	0.9483	0.9762	0.2578
9	11	0.9984	0.7611	0.1595
9	12	1.0000	0.6143	0.9075
9	19	0.7998	0.3960	0.4595
10	11	0.9953	0.9685	0.2591
10	12	0.9969	0.9060	0.9868
10	19	0.5996	0.6651	0.2755
11	12	0.9997	0.4450	0.4441
11	13	0.8002	0.3851	0.5920
11	19	0.9981	0.5453	0.7758
11	20	0.9486	0.4767	0.2846
11	30	0.6996	0.4952	0.3074
12	13	0.9998	0.8308	0.3519
12	19	0.9981	0.7047	0.7619
12	20	0.9491	0.8585	0.4010
12	30	0.5502	0.6062	0.4540
13	14	0.5509	0.7627	0.4224
13	15	0.8004	0.7056	0.3821
13	16	0.9999	0.6047	0.7008
13	17	0.5508	0.4977	0.5790
13	19	1.0000	0.3640	0.8262
13	20	0.8006	0.7008	0.5373
13	21	0.8494	0.9471	0.3836
13	22	0.9992	0.5174	0.3541
13	30	0.8997	0.8029	0.2966
14	15	0.7507	0.4555	0.5887
14	16	0.8999	0.6234	0.6091
14	20	0.9995	0.3323	0.7139
15	16	0.9996	0.4422	0.4440
15	20	0.8997	0.5019	0.4765
15	21	0.9500	0.3410	0.3591
15	22	0.9490	0.4504	0.4582
15	23	0.6504	0.4937	0.4355
15	24	0.8498	0.5353	0.4498
15	26	0.9994	0.4776	0.4385
15	28	0.8998	0.5148	0.5483
15	30	0.8998	0.5473	0.4450
15	31	0.7003	0.3617	0.4522
15	33	0.6499	0.3085	0.4612
15	35	0.7494	0.3608	0.5102
15	36	0.7004	0.4201	0.3697
16	17	0.7010	0.8240	0.3912
16	19	0.9996	0.6019	0.4272
16	20	0.9991	0.7027	0.5123
16	21	0.7989	0.7148	0.3246
16	22	0.7494	0.4330	0.5828
17	18	0.8502	0.8049	0.4581
17	19	0.9985	0.4817	0.1456
18	19	0.9489	0.3383	0.2501
19	20	0.9975	0.9768	0.2382
20	21	0.7996	0.9198	0.2613
20	22	0.7998	0.3242	0.3239
21	22	0.9986	0.5886	0.1553
22	23	0.9995	0.8037	0.4115
22	24	0.9497	0.6022	0.5451
22	25	0.9992	0.8600	0.5214
22	26	0.9493	0.5672	0.4684
22	28	0.9994	0.5378	0.4065
22	30	0.9994	0.3054	0.5716
23	24	0.9998	0.4141	0.6741
23	25	0.8000	0.4244	0.4051
23	26	0.9000	0.3734	0.6741
23	28	0.9998	0.3043	0.6925
23	29	0.6024	0.3221	0.6899
23	30	0.9998	0.6988	0.2716
24	25	0.9985	0.8631	0.6060
24	27	0.5007	0.8005	0.4683
24	28	0.9495	0.6979	0.6264
24	30	0.9994	0.3375	0.4770
25	26	1.0000	0.6862	0.6525
25	27	0.8501	0.2854	0.5464
25	28	0.9993	0.5885	0.2476
25	30	0.9500	0.7112	0.6886
26	27	0.9996	0.9358	0.3617
26	28	0.9999	0.5352	0.4854
26	29	0.6501	0.7824	0.1853
26	30	0.9995	0.1955	0.7244
27	28	0.9988	0.4622	0.3383
27	29	0.5996	0.4263	0.3333
27	30	0.9997	0.6352	0.3505
28	29	0.8499	0.8821	0.3355
28	30	0.9998	0.4472	0.5618
29	30	0.9973	0.5875	0.0640
30	31	0.9977	0.9078	0.2309
31	32	0.9977	0.9472	0.4584
31	33	0.9996	0.8391	0.3393
31	34	0.6507	0.7777	0.5682
31	35	0.9990	0.4672	0.7100
31	36	0.9492	0.4891	0.5400
32	33	0.9991	0.4124	0.5197
32	36	0.8005	0.6135	0.8000
33	34	1.0000	0.4568	0.6377
33	35	0.9997	0.3616	0.5659
33	36	0.9490	0.4122	0.5733
34	35	0.9998	0.5557	0.4132
34	36	0.9998	0.6845	0.6349
35	36	1.0000	0.6275	0.4441
