0	1	0.9991	0.9648	0.2360
0	2	0.9494	0.9064	0.7535
0	4	0.9977	0.8447	0.5276
0	8	0.8975	0.7732	0.1817
0	31	0.5005	0.7299	0.5633
0	32	0.5501	0.5623	0.2635
1	2	0.9995	0.6112	0.4156
1	4	0.8496	0.5405	0.5287
1	8	0.8502	0.5844	0.4391
2	3	0.9997	0.8174	0.4563
2	4	0.9994	0.6724	0.5178
2	5	0.9973	0.9188	0.5593
2	6	0.9992	0.7728	0.8204
2	7	0.9991	0.7543	0.3977
2	8	0.9998	0.7602	0.4664
2	9	0.9494	0.6577	0.4658
3	4	0.9494	0.6632	0.3976
3	6	0.8999	0.6257	0.5121
3	7	0.5002	0.5704	0.3625
3	8	0.8994	0.5416	0.5840
4	5	0.9985	0.7011	0.5621
4	6	0.8981	0.4458	0.7864
4	7	0.7002	0.4924	0.3854
4	8	0.5492	0.3956	0.4027
5	6	0.9477	0.7441	0.7984
5	7	0.8447	0.5848	0.3779
5	8	0.9986	0.6177	0.5194
6	7	0.8998	0.7181	0.3730
6	8	0.8996	0.8257	0.4142
6	9	0.7499	0.6210	0.6407
7	8	0.9995	0.7516	0.5193
7	9	0.9491	0.7750	0.5545
7	10	0.5005	0.4678	0.4370
8	9	0.9999	0.5178	0.5447
8	10	0.9997	0.5452	0.4707
9	10	0.8997	0.6225	0.3634
9	12	0.6002	0.4195	0.6113
10	11	0.7003	0.6835	0.6246
10	12	0.9995	0.4845	0.5320
10	13	0.6505	0.4520	0.3691
11	12	0.6499	0.5415	0.2729
11	13	0.9051	0.3693	0.4597
11	14	0.6503	0.6072	0.4620
12	13	0.9993	0.3374	0.4214
12	14	0.7505	0.4142	0.4880
12	15	0.9496	0.5495	0.5408
12	16	0.9998	0.5516	0.4225
12	17	0.6519	0.4637	0.4614
13	14	0.9989	0.5808	0.3431
13	15	0.8499	0.5908	0.3169
13	16	0.9497	0.4487	0.4579
13	17	0.6005	0.4880	0.4213
14	15	0.9996	0.8256	0.3110
14	16	0.9998	0.6589	0.4485
14	17	0.9500	0.6095	0.5293
14	18	0.5506	0.5789	0.3547
15	16	0.9996	0.5554	0.5254
15	17	0.9995	0.4403	0.5297
15	18	0.9992	0.4225	0.5233
15	19	0.9996	0.5298	0.5208
15	20	0.8501	0.5374	0.4450
16	17	1.0000	0.5032	0.5194
16	18	0.9498	0.5607	0.5361
16	19	0.9992	0.5229	0.4573
16	20	0.9994	0.4637	0.4614
17	18	1.0000	0.6115	0.6881
17	19	0.9996	0.5726	0.4309
17	20	0.9989	0.5666	0.2862
17	21	0.8502	0.5773	0.4735
18	19	0.9499	0.5331	0.4715
18	20	0.8998	0.5668	0.2753
19	20	0.9992	0.5159	0.4031
19	21	0.7997	0.4102	0.5021
19	22	0.6000	0.3968	0.3185
19	23	0.7503	0.5695	0.4679
20	21	0.9986	0.6810	0.4603
20	22	0.8500	0.1966	0.5584
20	23	0.9500	0.6723	0.4709
21	22	0.9983	0.8233	0.4790
21	23	0.8504	0.3489	0.3968
22	23	0.8998	0.8066	0.2303
22	24	0.5010	0.6960	0.5719
23	24	1.0000	0.6923	0.4923
23	25	0.9498	0.6710	0.3490
23	26	1.0000	0.6465	0.5676
23	27	0.7506	0.6503	0.4781
23	28	0.6498	0.5837	0.4808
23	29	0.9501	0.6067	0.3669
24	25	0.9993	0.4672	0.2737
24	26	0.8996	0.5835	0.6906
24	28	0.7497	0.4560	0.3273
24	29	0.9497	0.3449	0.2685
24	30	0.6508	0.4702	0.3714
25	26	0.9995	0.4951	0.6106
25	27	0.9995	0.5331	0.3894
25	28	0.9489	0.3111	0.5731
25	29	0.9492	0.5585	0.4584
25	30	0.8995	0.4142	0.4778
26	27	0.9996	0.6370	0.4372
26	28	0.9991	0.7770	0.5376
26	29	0.9001	0.6220	0.5079
26	30	0.7501	0.6102	0.5480
26	32	0.8508	0.5173	0.6522
27	29	0.9992	0.6891	0.5191
27	30	0.9986	0.4965	0.6696
27	32	0.9987	0.6509	0.6585
28	29	0.7999	0.5400	0.4072
28	30	0.5505	0.4353	0.3587
29	30	0.9494	0.4916	0.4109
29	32	0.9990	0.3750	0.7104
29	34	0.5005	0.3241	0.3300
30	32	0.9496	0.6208	0.4300
31	32	0.6187	0.5010	0.2002
32	33	0.9987	0.6915	0.7100
32	34	0.9995	0.5258	0.4122
33	34	0.9487	0.4130	0.5380
