0	1	0.9998	0.6144	0.4549
0	2	0.6013	0.6036	0.4769
0	3	0.8500	0.5647	0.4290
0	5	0.6505	0.5877	0.5172
0	6	0.9997	0.4922	0.4033
1	2	0.9000	0.7426	0.3880
1	3	0.9499	0.5688	0.5239
1	4	0.6005	0.5293	0.5208
1	5	0.8500	0.5800	0.5254
1	6	0.9992	0.6096	0.6294
2	3	1.0000	0.6974	0.2697
2	4	0.9498	0.5264	0.6094
2	5	0.7004	0.5694	0.7493
2	6	0.7000	0.5217	0.6514
2	7	0.8995	0.5187	0.4132
3	4	0.9496	0.5806	0.5601
3	5	0.8986	0.5377	0.5535
3	6	0.8993	0.3047	0.5945
3	7	0.9986	0.4750	0.4068
4	5	0.9999	0.6747	0.5531
4	6	0.9002	0.5965	0.5502
4	7	0.9114	0.4961	0.5163
5	6	0.8999	0.7549	0.5219
5	7	0.9494	0.5397	0.4725
6	7	0.9996	0.6542	0.3134
