0	1	0.9992	0.6170	0.5675
0	2	0.8998	0.5788	0.4951
0	3	0.9994	0.7514	0.5655
0	4	0.9495	0.5922	0.5193
0	5	0.8496	0.6779	0.5133
0	6	0.9497	0.7050	0.4080
0	7	0.9997	0.5942	0.4902
0	8	0.5973	0.5257	0.4348
0	9	0.9493	0.4996	0.4256
0	13	0.5489	0.4354	0.3837
0	14	0.7999	0.5446	0.4535
1	2	0.9998	0.6262	0.5321
1	3	0.9497	0.5850	0.5440
1	4	0.9986	0.4878	0.5375
1	5	0.9992	0.6067	0.5623
1	6	0.9001	0.5332	0.4977
1	7	0.9007	0.5076	0.5251
1	8	0.7499	0.5271	0.4115
1	9	0.7990	0.4591	0.6542
2	3	0.9991	0.5534	0.5738
2	4	0.8491	0.5905	0.5425
2	5	0.9985	0.6283	0.4941
2	6	0.9991	0.5902	0.3739
2	7	0.8487	0.5557	0.5234
2	9	0.5005	0.5853	0.5732
3	4	0.9495	0.5128	0.4491
3	5	0.8998	0.3773	0.6152
3	6	0.7999	0.5558	0.5492
3	7	0.7004	0.5193	0.4344
4	5	0.9986	0.9347	0.2791
4	6	0.9488	0.3915	0.6215
4	7	0.5493	0.4056	0.3896
4	8	0.5507	0.5183	0.3868
5	6	0.9494	0.4616	0.2453
5	7	0.9499	0.3867	0.8631
5	9	0.8003	0.3259	0.4530
6	8	0.5512	0.5326	0.4010
7	8	0.9501	0.6830	0.4466
7	9	0.7000	0.5590	0.5006
8	9	0.9993	0.4952	0.4380
9	10	0.7998	0.3921	0.3552
9	11	0.6006	0.5033	0.4243
9	14	0.7002	0.5509	0.4777
9	15	0.5003	0.4227	0.5169
10	11	0.9996	0.5927	0.5429
10	12	0.8493	0.5457	0.6280
10	13	0.9495	0.5532	0.5889
10	14	0.9996	0.5250	0.4336
10	15	0.9999	0.5933	0.5112
11	12	0.9988	0.7139	0.6125
11	13	0.9992	0.6800	0.7648
11	14	0.9996	0.5899	0.5014
11	15	0.9994	0.5278	0.4943
12	13	0.9996	0.5866	0.4041
12	14	0.9997	0.5018	0.4104
12	15	0.9488	0.4224	0.5826
13	14	0.9997	0.6085	0.4025
13	15	0.9499	0.5579	0.4608
14	15	0.9991	0.4802	0.4759
