0	1	0.9988	0.7125	0.7939
0	2	0.9960	0.5020	0.1366
0	4	0.9999	1.0000	0.0014
0	7	0.9497	0.9486	0.0036
0	14	0.9996	0.9741	0.0049
0	20	0.6996	0.9858	0.0804
0	22	0.9981	0.9573	0.0336
0	24	0.9976	0.7833	0.0892
1	2	0.9999	0.9994	0.1392
1	4	0.9981	0.9699	0.0072
1	7	0.9981	0.4217	0.0055
1	14	0.9005	0.0012	0.0117
1	22	0.7650	0.3976	0.1338
1	24	0.9992	0.9761	0.1889
2	3	0.9967	0.9574	0.8585
2	4	1.0000	0.6863	0.2193
2	7	0.9499	0.8838	0.1687
2	14	0.7648	0.7723	0.2412
2	22	0.9983	0.4413	0.4689
2	23	0.9991	0.0000	0.5701
2	24	0.9972	0.4977	0.7683
2	25	0.9994	0.6659	0.5829
2	26	1.0000	0.0016	0.0303
3	4	1.0000	0.7766	0.2782
3	6	1.0000	0.4243	0.6849
3	7	0.9955	0.7068	0.0142
3	24	0.7010	0.7229	0.9934
3	25	0.9994	0.8564	0.6360
3	26	0.9990	0.9958	0.0654
3	27	0.7496	0.7824	0.7310
4	6	0.9999	0.4814	0.6466
4	7	0.9995	0.5583	0.5577
4	13	0.9983	0.9849	0.6401
4	14	1.0000	0.4527	0.4768
4	20	0.9983	0.4460	0.6146
4	22	0.9995	0.0905	0.3908
4	24	0.9996	0.1774	0.6066
4	25	0.6514	0.0035	0.4894
5	6	0.9999	0.0371	0.0370
5	7	0.9964	0.1741	0.9985
5	8	0.9978	0.9152	0.7061
5	9	0.9990	0.5777	0.5428
5	13	0.9977	0.0999	0.3656
6	7	0.9992	0.5801	0.1506
6	13	0.9997	0.1144	0.9487
6	14	0.9485	0.5749	0.0148
7	13	0.9985	0.8293	0.6426
7	14	0.9999	0.5190	0.4642
7	15	0.9962	0.9999	0.0558
7	16	0.9992	0.7783	0.9954
7	20	0.9996	0.8261	0.5139
7	22	0.9974	0.2513	0.1015
8	10	0.9992	0.9502	0.9090
8	11	0.8994	0.4365	0.6356
8	13	0.9011	0.0061	0.1115
9	12	0.9990	0.6075	0.5050
9	13	0.9999	0.0050	0.1783
9	15	0.9978	0.4378	0.0540
9	16	0.5494	0.4327	0.3844
10	11	0.9995	0.5836	0.4856
11	13	0.6514	0.1907	0.0198
12	13	0.9975	0.6642	0.0548
12	16	0.7496	0.7595	0.3041
13	14	0.9996	0.7721	0.3527
13	15	0.9485	0.4104	0.1435
13	16	0.9997	0.6391	0.6461
13	18	0.7002	0.1451	0.3180
14	15	0.9994	1.0000	0.1096
14	16	0.9998	0.5980	0.9688
14	19	0.6499	0.7957	0.9874
14	20	1.0000	0.5999	0.5363
14	22	0.9985	0.4160	0.2666
14	24	0.8684	0.3455	0.3955
15	16	0.9999	0.5872	0.4701
15	17	0.9999	0.3729	0.9303
15	18	0.9990	0.5568	0.5320
15	19	0.9981	0.7590	0.5794
15	20	0.9996	0.2026	0.8633
15	21	0.9992	0.5357	0.1821
16	17	0.9983	0.2690	0.1891
16	18	0.9987	0.0685	0.5829
16	19	1.0000	0.5037	0.7041
16	21	0.9500	0.5065	0.8101
17	18	0.7503	0.7641	0.6333
17	19	0.9966	0.4522	0.4278
17	21	0.5489	0.7958	0.1815
18	19	0.9999	0.8548	0.2126
19	20	0.8498	0.9897	0.0252
19	21	1.0000	0.6417	0.7918
20	21	0.9969	0.8531	0.5065
20	22	1.0000	0.6515	0.4978
20	23	0.7986	0.9742	0.9345
20	24	1.0000	0.6833	0.4006
21	22	1.0000	0.5500	0.7450
22	23	0.9989	0.9949	0.8634
22	24	1.0000	0.5912	0.3474
23	24	1.0000	0.6696	0.3161
23	26	1.0000	0.2316	0.8846
24	25	0.9979	0.9551	0.5632
24	26	0.9987	0.8938	0.0344
25	26	0.9996	0.7928	0.1194
