0	1	0.9991	0.7856	0.5876
0	2	0.9992	0.4388	0.5258
0	3	0.9992	0.5995	0.4809
0	4	0.7999	0.6284	0.3591
0	5	0.7001	0.6597	0.4120
0	6	0.8001	0.7348	0.4210
0	7	0.9470	0.9387	0.5009
0	8	0.8997	0.5457	0.5074
0	9	0.7004	0.7659	0.5257
1	2	0.9983	0.8157	0.3465
1	3	0.9996	0.5889	0.8123
1	4	0.5503	0.4324	0.5250
1	5	0.7492	0.4551	0.2787
1	6	0.8005	0.5044	0.6724
1	8	0.8501	0.4852	0.5337
1	9	0.9485	0.4984	0.2920
1	16	0.8497	0.4495	0.2885
2	3	0.9993	0.5744	0.5321
2	4	0.8998	0.3349	0.6436
2	5	0.8499	0.5205	0.3851
2	7	0.9486	0.7768	0.7327
2	8	0.7501	0.5705	0.6244
2	9	0.8003	0.7810	0.3258
2	14	0.7011	0.5890	0.3892
2	16	0.8502	0.4042	0.3524
2	19	0.7002	0.6523	0.5787
2	23	0.6019	0.4181	0.4274
3	4	0.9969	0.9408	0.5526
3	5	0.8001	0.5687	0.4389
3	6	0.8497	0.5331	0.5512
3	7	0.7498	0.6589	0.5517
3	8	0.7502	0.5663	0.5205
4	5	0.6991	0.6473	0.2872
4	7	0.5502	0.6295	0.5297
5	6	0.8982	0.3462	0.4989
5	7	0.7156	0.4811	0.4193
6	7	0.9977	0.9187	0.4448
6	9	0.6999	0.6696	0.6699
6	11	0.8490	0.5231	0.6016
7	8	0.9986	0.7178	0.3344
7	9	0.9998	0.6658	0.8314
7	11	0.7995	0.3754	0.5571
7	19	0.6504	0.6933	0.7256
8	9	0.9992	0.5333	0.3662
8	10	0.7504	0.3070	0.4480
8	12	0.5007	0.4313	0.5396
8	13	0.8000	0.4530	0.4293
8	14	0.9000	0.4480	0.3824
8	16	0.7997	0.4514	0.3468
8	19	0.9494	0.4559	0.6079
8	23	0.9989	0.2787	0.4077
9	10	0.9984	0.9848	0.6573
9	11	1.0000	0.8558	0.5264
9	12	0.9986	0.9504	0.3962
9	13	0.7506	0.7087	0.5617
9	14	0.5997	0.5408	0.1551
9	19	0.8497	0.7373	0.5997
9	23	0.5003	0.6007	0.3879
10	11	0.9489	0.6894	0.3671
10	12	0.7006	0.5993	0.6149
10	13	0.8487	0.8316	0.3578
10	19	0.8992	0.8479	0.4558
11	12	0.9987	0.5458	0.4964
11	13	0.7497	0.4957	0.5339
11	19	0.7994	0.5260	0.3803
12	13	0.9990	0.5960	0.7535
12	19	0.9484	0.6509	0.2709
13	14	0.8000	0.8231	0.2170
13	18	0.5000	0.3820	0.6430
13	19	0.9000	0.6038	0.3690
14	15	0.9498	0.8799	0.5626
14	16	0.9998	0.6175	0.4932
14	17	0.7499	0.6044	0.4428
14	18	0.7003	0.2957	0.8565
14	19	0.9501	0.0796	0.8891
15	16	0.9998	0.5849	0.3924
15	17	0.7500	0.7174	0.3679
16	17	0.9993	0.8710	0.2963
16	18	0.6506	0.6789	0.5759
16	19	0.6505	0.4622	0.5691
16	20	0.9004	0.5760	0.5558
17	18	0.9500	0.7665	0.4403
17	19	0.6511	0.4674	0.3664
18	19	0.9996	0.8704	0.0995
18	20	0.6006	0.5780	0.6497
19	20	0.9500	0.9470	0.4215
19	21	0.6014	0.5722	0.3309
20	21	0.9994	0.5549	0.4767
20	22	0.7508	0.5809	0.2617
21	22	1.0000	0.6569	0.4467
21	23	0.9346	0.4725	0.3911
22	23	1.0000	0.6063	0.5049
23	24	0.9964	0.9843	0.5430
