0	1	0.9990	0.6852	0.4832
0	2	0.8507	0.5424	0.4870
0	3	0.9998	0.9264	0.2875
0	4	0.9490	0.7195	0.3673
0	5	0.9993	0.5306	0.4053
0	7	0.9998	0.7557	0.5620
0	8	0.7502	0.2001	0.4784
0	9	0.9989	0.4410	0.4590
0	10	0.6994	0.9020	0.1395
0	11	0.6505	0.7370	0.3840
0	13	0.8997	0.5516	0.5116
0	16	0.9989	0.3885	0.5232
0	18	0.5008	0.3829	0.5509
0	21	0.5211	0.5285	0.3988
0	22	0.6006	0.4627	0.4119
0	23	0.9993	0.2540	0.3898
1	2	0.9494	0.5981	0.5600
1	3	0.6505	0.3225	0.6310
1	5	0.9982	0.8066	0.1466
1	9	0.5498	0.5173	0.3811
1	23	0.8497	0.6578	0.2807
2	3	0.9488	0.9647	0.3377
2	4	0.9991	0.6400	0.4249
2	5	0.9993	0.5200	0.4312
2	6	0.8999	0.6383	0.5266
2	7	0.9982	0.9445	0.5742
2	9	0.7990	0.6429	0.5150
3	4	0.9988	0.8028	0.3660
3	5	0.8213	0.4046	0.7187
3	6	0.5502	0.3911	0.7609
3	23	0.8004	0.6583	0.5099
4	5	0.9982	0.7183	0.1323
4	6	0.6999	0.4898	0.4090
4	7	0.9497	0.3759	0.9676
4	9	0.9985	0.6364	0.1215
5	6	0.9492	0.5409	0.4808
5	7	0.9985	0.8738	0.5670
5	8	0.5017	0.3272	0.3580
6	7	0.9983	0.8654	0.6222
6	12	0.5002	0.7154	0.4046
6	23	0.6511	0.6955	0.3254
7	8	0.9486	0.9661	0.2610
7	9	0.9495	0.6399	0.4844
7	11	0.5506	0.2563	0.6895
8	9	0.9964	0.6264	0.0163
8	11	0.6515	0.2320	0.7108
8	12	0.9500	0.3449	0.6935
8	13	0.9093	0.5170	0.0609
8	16	0.7997	0.5120	0.0603
9	10	0.9976	0.9954	0.1272
9	11	0.9999	0.9180	0.4293
9	12	0.9996	0.4498	0.6032
9	13	0.9500	0.5369	0.4473
9	14	0.9479	0.9955	0.1160
9	15	0.9990	0.8247	0.6166
9	16	0.9992	0.4857	0.4550
9	17	0.5506	0.7553	0.1659
9	23	0.5046	0.4164	0.1645
10	11	0.8485	0.5632	0.2614
10	13	0.7508	0.1486	0.9810
10	14	0.5506	0.4068	0.4509
10	15	0.9994	0.5138	0.2372
10	23	0.6004	0.2190	0.4496
11	12	0.9991	0.7880	0.1267
11	13	0.8597	0.4822	0.6875
11	15	0.8997	0.5142	0.2768
11	17	0.5008	0.5610	0.3560
11	23	0.6009	0.7047	0.3945
12	13	0.9988	0.6242	0.2546
12	15	0.9000	0.5522	0.6085
12	16	0.9995	0.6810	0.4133
13	14	0.8992	0.9927	0.2259
13	15	1.0000	0.6317	0.6161
13	16	0.9483	0.5060	0.4818
13	17	0.9993	0.5392	0.2582
13	23	0.9991	0.2728	0.4815
14	15	0.9979	0.2714	0.0796
14	16	0.7001	0.1206	0.8815
15	16	1.0000	0.6830	0.6154
15	17	0.9999	0.4793	0.5030
15	18	0.8994	0.5556	0.5126
15	19	0.6359	0.3331	0.4996
16	17	0.9989	0.7360	0.2452
16	18	0.8998	0.6017	0.4815
16	23	0.9990	0.4002	0.2051
17	18	0.9990	0.5792	0.2708
17	19	0.9004	0.3332	0.4773
18	19	0.9498	0.6600	0.6046
18	20	0.7998	0.6314	0.4859
18	21	0.7502	0.7081	0.4082
18	22	0.7010	0.6747	0.4893
18	23	0.9988	0.4645	0.1590
19	20	0.7499	0.6108	0.5174
19	21	0.8498	0.7008	0.4352
19	22	0.9993	0.5560	0.3138
19	23	0.8502	0.5962	0.3363
19	24	0.8996	0.4565	0.5712
19	25	0.5997	0.6229	0.4121
20	21	0.7481	0.5412	0.5419
20	22	0.5997	0.5573	0.5772
21	22	0.6513	0.3890	0.4547
22	23	0.7010	0.5615	0.2944
23	24	0.9997	0.7259	0.5197
24	25	0.9000	0.6036	0.4500
