0	1	0.6989	0.7186	0.5561
1	2	0.6991	0.8121	0.3520
2	3	0.6997	0.5529	0.2074
2	5	0.9999	0.5803	0.6648
2	9	0.7984	0.6345	0.3235
2	10	0.9492	0.5203	0.2696
2	13	0.9490	0.6130	0.2690
3	4	0.9989	0.8665	0.0671
3	5	0.9500	0.3952	0.6050
3	9	0.5506	0.5380	0.7179
3	10	0.9997	0.8283	0.1056
3	13	0.9987	0.8485	0.0575
3	16	0.9986	0.6115	0.2791
4	5	0.9996	0.7050	0.2557
4	9	0.5053	0.2284	0.5417
4	10	0.7939	0.4242	0.5793
4	11	0.7500	0.8059	0.3869
4	12	0.9994	0.5737	0.5805
4	13	0.9967	0.4890	0.6743
4	14	0.8996	0.7693	0.3553
4	15	0.9502	0.4363	0.8584
4	16	0.5995	0.4877	0.5853
5	6	0.9976	0.9526	0.7979
5	7	0.9499	0.7483	0.4514
5	8	0.9004	0.6073	0.6560
5	9	0.9000	0.6478	0.2168
5	10	1.0000	0.5371	0.5627
5	13	1.0000	0.4875	0.8136
5	16	0.8041	0.3708	0.9163
6	7	0.8988	0.7030	0.6102
6	9	0.8491	0.3537	0.7196
7	8	0.9996	0.7062	0.6334
7	9	0.8500	0.4678	0.4577
7	10	0.5271	0.3471	0.5938
7	12	0.9892	0.6179	0.2905
8	9	0.9987	0.5033	0.3321
8	12	0.9981	0.5439	0.2494
9	10	0.9993	0.6753	0.2529
9	11	0.6999	0.1484	0.8636
9	12	1.0000	0.7206	0.5976
9	13	0.9478	0.7003	0.0593
10	11	0.7997	0.8547	0.5501
10	12	0.9989	0.7412	0.6199
10	13	0.9994	0.5217	0.5244
11	12	0.9978	0.9638	0.0608
11	13	0.6004	0.6878	0.9363
12	13	0.9997	0.7667	0.4284
12	14	0.9506	0.2119	0.7424
12	15	0.9999	0.4374	0.5995
13	14	0.8999	0.9880	0.3534
13	15	0.7996	0.8351	0.7886
13	16	0.8997	0.5240	0.4375
14	15	1.0000	0.7989	0.2923
14	16	0.9493	0.3215	0.7624
14	18	0.5013	0.5665	0.3866
15	16	0.9003	0.7944	0.0758
15	17	0.6057	0.2234	0.8224
16	18	0.9991	0.6496	0.8801
17	18	0.9989	0.6248	0.3110
17	19	0.6997	0.3746	0.7241
17	21	0.9498	0.5337	0.3641
18	19	0.9990	0.6434	0.6728
18	20	0.8001	0.3658	0.4488
18	21	0.9999	0.5218	0.7527
18	22	0.9989	0.6789	0.7009
18	23	0.7506	0.6013	0.4336
19	20	0.8000	0.9438	0.2810
19	21	0.9972	0.9113	0.7472
19	22	0.9929	0.4919	0.5349
19	23	0.9991	0.9887	0.1396
20	21	0.9998	0.6151	0.4126
20	22	0.9494	0.2514	0.8946
20	23	0.9500	0.5773	0.5127
20	26	0.7519	0.5741	0.3152
21	22	0.9976	0.9169	0.7800
21	23	0.9994	0.5593	0.5010
21	26	0.9499	0.7670	0.3848
22	23	0.9984	0.9539	0.2087
23	24	0.6000	0.8973	0.4371
24	25	0.8385	0.4701	0.5593
24	26	1.0000	0.5743	0.6578
25	26	0.8999	0.5130	0.4522
25	28	0.9500	0.6601	0.8682
26	27	0.9984	0.6375	0.1397
26	28	0.9999	0.4099	0.7045
26	33	0.9990	0.6481	0.0757
26	38	0.9986	0.6334	0.2735
26	40	0.6005	0.2942	0.7076
26	42	0.9994	0.5279	0.2924
27	28	0.9994	0.8536	0.1659
27	33	0.8490	0.4292	0.7246
27	34	0.9985	0.9296	0.0292
27	35	0.8999	0.2783	0.7521
27	38	0.9997	0.4343	0.6300
27	39	0.9972	0.9951	0.2960
27	40	0.9997	0.6342	0.8341
27	41	1.0000	0.5308	0.7891
27	42	1.0000	0.6817	0.4369
28	29	0.9994	0.6626	0.2073
28	30	0.5506	0.0667	0.5185
28	33	1.0000	0.4411	0.7285
28	34	0.6028	0.0364	0.4657
28	35	0.8993	0.4180	0.4879
28	38	1.0000	0.3876	0.7425
28	39	0.5031	0.0652	0.8239
28	40	0.7019	0.3459	0.4325
28	42	1.0000	0.0886	0.8699
28	46	0.6507	0.2805	0.5993
29	30	0.9965	0.9267	0.2183
29	31	1.0000	0.7239	0.6325
29	32	0.9996	0.4875	0.6762
29	33	0.9988	0.4935	0.5191
29	34	0.8496	0.9167	0.2220
29	35	0.9000	0.7706	0.7154
29	38	0.9980	0.2995	0.4534
29	41	0.5010	0.5459	0.3976
30	31	0.8991	0.6199	0.1515
30	33	0.9506	0.0257	0.9875
30	34	0.6005	0.2151	0.2837
30	35	0.9968	0.3938	0.0902
30	38	0.5506	0.1832	0.8449
31	32	0.9994	0.9715	0.5938
31	33	0.8502	0.6926	0.5081
31	34	0.8002	0.3754	0.7342
31	35	1.0000	0.6370	0.5735
31	36	0.9992	0.9502	0.4707
31	37	0.8003	0.8585	0.4558
32	33	0.9992	0.7168	0.2134
32	35	0.9999	0.6085	0.9304
32	36	0.7003	0.7008	0.5858
32	37	0.8996	0.7818	0.3601
33	34	0.9500	0.9943	0.0070
33	35	0.9995	0.6350	0.7849
33	38	0.9999	0.5322	0.4727
33	41	0.8004	0.5309	0.7611
34	35	0.9984	0.3721	0.2723
34	38	1.0000	0.0088	0.9229
34	40	0.6507	0.2370	0.4053
34	41	0.9506	0.0072	0.8537
35	36	0.9996	0.9044	0.1559
35	37	0.9975	0.9195	0.5034
35	38	0.9994	0.8803	0.3719
35	40	0.7006	0.2984	0.7177
35	41	1.0000	0.6886	0.7899
36	37	0.9995	0.6367	0.3087
38	39	0.9994	0.9956	0.1916
38	40	0.9997	0.7360	0.7027
38	41	0.9999	0.5913	0.7597
38	42	0.9997	0.7644	0.4215
39	40	0.9980	0.6647	0.2259
39	42	1.0000	0.4216	0.9832
40	41	0.9000	0.9114	0.4854
40	42	0.9999	0.5953	0.5951
41	42	0.9987	0.8687	0.1017
43	44	1.0000	0.7123	0.8316
43	45	0.9999	0.6137	0.5561
43	46	0.9999	0.4755	0.6072
43	47	0.9984	0.7154	0.3183
43	48	0.9999	0.5688	0.5822
44	45	1.0000	0.9911	0.1100
44	46	0.9498	0.8538	0.7594
44	47	0.9998	0.7132	0.5971
44	48	0.9992	0.6852	0.5977
45	46	0.9999	0.4628	0.3204
45	47	0.9990	0.1903	0.6469
45	48	0.9986	0.2082	0.5919
46	47	0.9997	0.7571	0.4902
46	48	0.9998	0.7519	0.4264
47	48	1.0000	0.6176	0.4797
