0	1	0.9991	0.9317	0.1256
0	2	0.9996	0.7475	0.7388
0	21	0.6029	0.7825	0.2492
0	22	0.5005	0.2975	0.2429
1	2	0.9992	0.4765	0.5203
1	3	1.0000	0.0287	0.2932
1	20	0.9985	0.0262	0.8904
1	21	0.9998	0.0757	0.1336
1	22	0.6007	0.2955	0.3366
2	3	0.9974	0.9832	0.4724
2	19	0.9985	0.6464	0.6181
2	20	0.9974	0.9883	0.9992
2	21	0.9995	0.9537	0.3324
2	22	0.9978	0.8708	0.6513
3	4	0.9997	0.9181	0.0000
3	19	0.9990	0.9364	0.6088
3	20	1.0000	0.6837	0.7933
3	21	1.0000	0.5633	0.5357
3	22	0.9987	0.6243	0.3035
4	5	0.9000	0.9834	0.1299
4	19	0.9990	0.4115	0.8555
4	20	0.7529	0.0072	0.3297
4	21	0.9983	0.0063	0.6860
5	7	0.9501	0.7842	0.6089
5	11	0.8501	0.4483	0.6954
5	12	0.9998	0.5664	0.6032
5	13	0.9990	0.6487	0.4707
5	14	0.9988	0.9754	0.4199
5	15	0.6998	0.9349	0.2318
5	16	0.6506	0.7859	0.3597
6	7	0.9486	0.9577	0.0907
6	9	0.7499	0.5019	0.3629
7	8	0.9981	0.7465	0.2869
7	9	0.7015	0.6060	0.4836
7	10	0.9972	0.9398	0.3821
7	11	0.9494	0.1862	0.4619
7	12	0.8506	0.3936	0.4429
7	13	0.6000	0.4582	0.3418
7	14	0.5503	0.5984	0.2943
7	15	0.9999	0.7530	0.3533
7	16	0.9997	0.7745	0.3078
7	24	1.0000	0.9016	0.2424
8	9	0.9991	0.5332	0.5385
8	10	0.8497	0.5998	0.7430
8	12	0.5494	0.6982	0.3443
8	24	0.9978	0.4942	0.3499
9	10	0.9970	0.7634	0.3130
9	11	0.9637	0.5593	0.3224
9	13	0.6997	0.5364	0.3329
9	16	1.0000	0.6612	0.4727
9	24	1.0000	0.5870	0.3968
10	11	0.9984	0.4988	0.5931
10	13	0.5997	0.3820	0.2808
10	24	0.8987	0.2927	0.7523
11	12	0.9989	0.8225	0.2127
11	13	0.9000	0.6140	0.3125
11	16	0.7498	0.4931	0.2811
12	13	0.9982	0.6768	0.3873
12	14	0.6024	0.6252	0.3650
12	16	0.8011	0.7652	0.5265
13	14	0.9990	0.7472	0.4080
13	16	0.9996	0.5427	0.5200
14	15	0.9998	0.8396	0.4995
14	16	0.9972	0.6585	0.0867
15	16	0.8000	0.2762	0.0436
16	17	0.9996	0.9867	0.4057
16	18	0.9996	0.9382	0.6764
16	24	0.9992	0.6244	0.5592
16	25	0.9997	0.9427	0.4390
16	26	1.0000	0.8841	0.4041
17	18	0.9985	0.7850	0.0557
17	24	0.9999	0.6493	0.9156
17	25	0.5992	0.3383	0.1625
17	26	0.8003	0.5466	0.7229
18	22	0.9999	0.9093	0.9447
18	23	0.8986	0.9339	0.7872
18	24	0.9998	0.1197	0.8357
19	20	0.9979	0.9979	0.3557
19	21	0.9991	0.7180	0.6208
19	22	0.8498	0.6303	0.1673
20	21	0.9991	0.9039	0.1158
21	22	1.0000	0.9969	0.2646
22	23	0.8002	0.9745	0.5119
24	25	0.9998	0.9597	0.2118
24	26	0.9999	0.9282	0.8425
25	26	1.0000	0.4981	0.4543
