0	1	0.7993	0.5918	0.3682
0	2	0.9501	0.5359	0.5919
0	3	0.7001	0.3983	0.4855
0	4	0.6002	0.3783	0.4374
0	5	0.5533	0.5953	0.3665
0	7	0.5506	0.5217	0.4258
1	2	0.9498	0.5074	0.5095
1	3	0.9997	0.5007	0.4735
1	4	0.7001	0.5594	0.3779
1	5	0.8002	0.4649	0.4133
1	6	0.5007	0.4762	0.2882
1	7	0.8996	0.4683	0.4071
2	3	1.0000	0.5932	0.4953
2	4	0.9997	0.5870	0.4946
2	5	0.9994	0.6278	0.5308
2	6	0.9493	0.5258	0.4769
2	7	0.9993	0.6238	0.5558
3	4	0.9494	0.6625	0.4252
3	5	0.9996	0.5243	0.4870
3	6	0.9986	0.6762	0.4042
3	7	0.9497	0.5789	0.5936
3	8	0.7005	0.7115	0.4646
4	5	0.8499	0.5734	0.4413
4	6	0.8500	0.5646	0.4823
4	7	0.8504	0.6702	0.4366
4	8	0.7501	0.5105	0.4635
5	6	0.9990	0.5161	0.6083
5	7	0.9993	0.5140	0.4919
5	8	0.8998	0.5054	0.5962
6	7	0.9998	0.6338	0.4811
6	8	0.9998	0.4790	0.6702
6	9	0.7504	0.4233	0.5625
6	10	0.6499	0.3833	0.6243
6	11	0.8501	0.6103	0.3738
6	12	0.6510	0.6151	0.3672
7	8	0.9996	0.6378	0.4528
7	9	0.7995	0.6375	0.4539
7	10	0.8992	0.3903	0.6524
7	11	0.6514	0.5309	0.3808
7	12	0.7003	0.6334	0.3990
8	9	0.8493	0.7206	0.5633
8	10	0.7000	0.6363	0.3247
8	11	0.6006	0.5431	0.3950
9	10	0.7004	0.2918	0.4247
9	12	0.5006	0.3511	0.4692
10	11	0.7514	0.7269	0.3999
10	12	0.8000	0.5556	0.2932
11	12	0.9999	0.6201	0.5225
11	13	0.9495	0.5611	0.6460
11	14	0.8989	0.4992	0.5424
11	15	0.8999	0.5385	0.4946
12	13	0.9994	0.4795	0.4696
12	14	0.9995	0.5166	0.4527
12	15	0.9997	0.5663	0.5345
12	16	0.5504	0.4848	0.3379
12	18	0.7499	0.3890	0.2455
13	14	0.9999	0.5714	0.5144
13	15	0.7000	0.4673	0.4829
13	16	0.8999	0.6155	0.5432
13	17	0.6014	0.5896	0.5998
13	18	0.7993	0.6530	0.3972
13	19	0.7495	0.6280	0.4290
14	15	0.9994	0.6334	0.5321
14	16	0.9997	0.5649	0.4514
14	17	0.8003	0.6182	0.4697
14	18	0.9993	0.6228	0.2862
14	19	0.8003	0.5465	0.4511
15	16	0.9994	0.5388	0.5447
15	17	0.9996	0.5399	0.4208
15	18	0.9991	0.4087	0.4319
15	19	0.9992	0.4451	0.6241
16	17	0.9992	0.5643	0.5493
16	18	0.9992	0.5751	0.2973
16	19	0.9996	0.5265	0.5851
16	20	0.5503	0.3234	0.4069
17	18	0.9995	0.6208	0.2875
17	19	0.9997	0.5768	0.6761
17	20	0.8992	0.4005	0.5482
17	21	0.9990	0.5821	0.5462
18	19	0.9996	0.5727	0.4673
18	20	0.9987	0.5281	0.5400
18	21	0.9993	0.4608	0.5523
18	22	0.8492	0.5815	0.5023
18	23	0.8992	0.3830	0.4535
18	24	0.7997	0.4036	0.4234
19	20	0.9995	0.5575	0.5804
19	21	0.9993	0.5988	0.5476
19	22	0.7900	0.4934	0.5016
19	24	0.5506	0.5013	0.3989
20	21	0.6007	0.4967	0.5092
20	22	0.5503	0.4508	0.3734
21	22	0.8987	0.3434	0.6144
21	23	0.9992	0.5156	0.4443
21	24	0.9492	0.5141	0.4682
21	25	0.7501	0.7082	0.4219
21	26	0.6006	0.4972	0.4828
21	27	0.5011	0.4628	0.4956
23	24	0.8501	0.5319	0.3960
23	25	0.9997	0.5412	0.4866
23	26	0.9992	0.4645	0.5318
23	27	0.8500	0.5798	0.4859
23	28	0.5504	0.4049	0.4055
24	25	0.9002	0.5105	0.5707
24	26	0.9994	0.5157	0.5557
24	27	0.9488	0.5562	0.6969
24	28	0.7498	0.4742	0.4766
24	29	0.6007	0.5016	0.5050
25	26	0.9498	0.4658	0.4330
25	27	0.9495	0.5015	0.7311
25	28	0.9002	0.5183	0.5188
26	27	0.9992	0.6316	0.6269
26	28	0.9498	0.6090	0.4990
26	29	0.7013	0.3569	0.6063
27	28	0.9998	0.6675	0.4747
27	29	0.8006	0.5249	0.4657
27	30	0.7513	0.7218	0.4200
28	29	0.8002	0.5725	0.4561
28	31	0.6505	0.6441	0.4370
29	30	0.9000	0.6323	0.3990
29	31	0.8001	0.5476	0.5332
30	31	0.8996	0.4931	0.4934
31	32	0.7006	0.5030	0.3568
32	33	0.9995	0.4731	0.6918
32	34	0.8994	0.4506	0.5331
32	35	0.6994	0.5109	0.5412
32	36	1.0000	0.6344	0.3644
32	37	0.7500	0.3222	0.6242
33	34	0.9990	0.5283	0.4748
33	36	0.6992	0.5035	0.2841
33	38	0.5426	0.3303	0.4652
34	35	0.9984	0.5206	0.5780
34	36	0.9996	0.5279	0.3822
34	37	0.9492	0.4648	0.6272
34	38	0.8005	0.5562	0.4838
36	37	0.9000	0.2353	0.4014
36	38	0.9994	0.4906	0.5829
36	39	0.9992	0.4345	0.5277
36	40	0.6003	0.5122	0.3757
37	38	0.9000	0.6262	0.4561
37	39	0.6576	0.5263	0.5974
37	40	0.5005	0.3551	0.3271
38	39	0.9991	0.5039	0.5427
38	40	0.9494	0.5124	0.4438
38	41	0.6007	0.4294	0.4446
38	42	0.6992	0.5241	0.4849
38	43	0.5005	0.2684	0.3602
39	40	0.9999	0.6070	0.4966
39	41	0.7503	0.5305	0.5680
39	42	0.8496	0.5874	0.4763
40	41	0.9994	0.6828	0.6007
40	42	0.8992	0.5688	0.4576
40	43	0.9922	0.5484	0.5579
40	45	0.6220	0.6179	0.4147
41	42	0.9996	0.5620	0.5214
41	43	0.5998	0.5658	0.5110
42	43	0.9992	0.5513	0.4835
42	44	0.9992	0.6680	0.5472
42	45	0.8998	0.7636	0.5762
42	47	0.9496	0.6213	0.4399
42	48	0.7497	0.5595	0.3557
43	44	0.9994	0.5058	0.5257
43	45	0.9998	0.5435	0.4304
43	46	0.8500	0.5974	0.5958
43	47	0.9996	0.5087	0.4405
43	48	0.8996	0.4871	0.4218
44	45	0.9999	0.6331	0.5014
44	46	0.9997	0.5432	0.6012
44	47	0.9991	0.4353	0.4529
44	48	0.9999	0.5404	0.4584
45	46	0.9995	0.5784	0.5519
45	47	0.9997	0.4246	0.5247
45	48	0.9994	0.4800	0.4857
45	49	0.8470	0.5620	0.4284
46	47	0.9502	0.6017	0.3950
46	48	0.9999	0.6851	0.4514
46	49	0.5509	0.4189	0.2977
47	48	1.0000	0.5914	0.4803
47	49	0.8995	0.6577	0.2794
48	49	0.9997	0.6298	0.4463
