0	1	0.9998	0.8252	0.5022
0	2	0.9998	0.5707	0.4844
0	3	0.9988	0.8982	0.6505
0	4	0.8001	0.6662	0.7214
0	10	0.8489	0.7043	0.3847
0	11	0.9987	0.6583	0.4888
0	19	0.6505	0.3730	0.5905
0	22	0.9990	0.1026	0.5896
1	2	0.9993	0.6804	0.1637
1	3	1.0000	0.4006	0.8108
1	4	0.9992	0.5881	0.3331
1	18	0.7496	0.4756	0.8839
1	19	0.7000	0.5943	0.1573
1	21	0.7000	0.6453	0.8739
1	22	0.9996	0.8264	0.3669
1	31	0.7454	0.2807	0.4679
2	3	0.9988	0.8223	0.5959
2	4	0.9990	0.4252	0.4856
2	9	0.9981	0.5626	0.4821
2	11	0.9989	0.3729	0.2442
2	18	0.9980	0.1701	0.5319
2	19	0.7007	0.1340	0.2910
3	4	0.9999	0.7371	0.2709
3	5	0.5514	0.0725	0.0143
3	7	0.9998	0.0452	0.9231
3	8	0.9994	0.4015	0.6657
4	5	0.9987	0.9678	0.1033
4	8	0.9490	0.4275	0.5372
4	9	0.9998	0.7213	0.4868
4	10	0.9964	0.9768	0.6326
4	11	0.9498	0.7166	0.3059
5	6	0.6501	0.9984	0.3355
5	7	0.9981	0.8720	0.4027
5	8	0.7510	0.1065	0.0310
6	7	0.9958	0.9218	0.4035
7	8	0.9490	0.9191	0.0516
7	10	0.9965	0.6003	0.0982
8	9	0.9989	0.5608	0.3172
8	10	1.0000	0.4260	0.7195
8	11	0.5175	0.3796	0.0418
9	10	0.9986	0.9561	0.4168
9	11	0.9999	0.5409	0.4334
9	12	0.9980	0.9327	0.5898
9	13	0.9992	0.5734	0.5623
9	14	0.9981	0.9988	0.0242
10	11	0.9988	0.7609	0.3929
10	12	0.8503	0.2328	0.8315
10	13	0.6499	0.5110	0.0341
11	12	0.9978	0.8640	0.6910
11	13	0.9985	0.4740	0.6040
11	14	0.9964	0.9989	0.0105
11	17	0.9996	0.7853	0.8847
11	18	0.7997	0.3560	0.1946
12	13	1.0000	0.7713	0.2936
12	15	0.7003	0.0936	0.9254
12	16	0.8501	0.1469	0.7904
12	17	1.0000	0.6033	0.9712
13	14	0.9987	0.9999	0.0244
13	17	0.9994	0.1517	0.9878
14	15	0.9999	0.6609	0.6429
14	16	0.9987	0.6574	0.6772
14	17	0.7009	0.0644	0.3008
15	16	0.9977	0.8315	0.4059
16	17	0.9964	0.9663	0.1935
17	18	0.9990	0.3104	0.0559
18	19	0.9991	0.7843	0.2971
19	20	0.9983	0.9053	0.2991
19	21	0.7353	0.6533	0.6751
19	22	0.8999	0.5337	0.6177
20	21	0.5494	0.6847	0.4724
21	22	0.9983	0.8934	0.2436
22	23	0.8492	0.7961	0.1198
22	24	1.0000	0.7332	0.7409
22	25	0.9981	0.8884	0.5594
22	31	0.8982	0.4990	0.0654
23	24	0.9997	0.5350	0.5288
23	25	0.9999	0.4109	0.5381
23	26	0.9993	0.6562	0.6743
23	27	0.6498	0.8573	0.5290
23	28	0.9993	0.6817	0.6182
23	29	0.8994	0.8331	0.6845
23	30	0.9491	0.5857	0.6843
23	31	0.9492	0.5837	0.5906
24	25	1.0000	0.6300	0.4839
24	26	0.9989	0.4638	0.4109
24	27	0.9976	0.3028	0.4456
24	28	0.6996	0.4624	0.6033
24	30	0.9994	0.1796	0.7822
24	31	0.9987	0.4437	0.3178
25	26	0.9990	0.4497	0.3422
25	28	0.9489	0.4955	0.7466
25	29	0.5507	0.2806	0.4940
25	30	0.9999	0.3360	0.8765
25	31	0.9991	0.4226	0.2908
26	27	0.9932	0.9839	0.4257
26	28	0.9995	0.9138	0.3177
26	29	0.9991	0.9169	0.5984
26	30	0.9998	0.8645	0.4894
26	31	0.9995	0.6655	0.5683
27	28	0.9993	0.6851	0.0382
27	29	0.9965	0.4019	0.8903
27	30	0.8270	0.3912	0.2501
27	31	0.5999	0.5618	0.9687
28	29	0.9985	0.1841	0.7285
28	30	0.9998	0.4079	0.6019
28	31	0.9990	0.6124	0.5532
29	30	0.9994	0.5613	0.2733
29	31	0.9992	0.6170	0.8002
30	31	0.9999	0.6115	0.5097
