0	1	0.9490	0.9753	0.5230
0	3	0.9987	0.6780	0.6540
1	2	0.9999	0.6295	0.5009
1	3	1.0000	0.6053	0.7320
1	4	0.6508	0.3522	0.7065
1	5	0.9497	0.6803	0.4044
2	3	0.9999	0.6645	0.4925
2	4	0.6501	0.6033	0.6284
2	5	0.9497	0.5898	0.3759
3	4	0.9985	0.6591	0.7295
3	5	0.9983	0.5382	0.5534
3	9	0.7003	0.6384	0.6724
4	5	0.9993	0.7665	0.6279
4	8	0.5507	0.5951	0.5597
5	6	0.7057	0.9519	0.6711
5	8	0.9991	0.6800	0.6823
5	9	0.9989	0.5707	0.5436
5	10	0.7504	0.8590	0.3442
5	11	0.7000	0.5919	0.6616
5	12	0.8984	0.5539	0.5303
5	14	0.8998	0.7006	0.5171
6	7	0.7004	0.7294	0.6883
6	8	0.5499	0.6513	0.2161
7	8	0.8500	0.5018	0.5200
7	10	0.6503	0.5011	0.6517
7	11	0.7007	0.5932	0.4236
8	9	0.9984	0.9167	0.3729
8	10	0.9998	0.7256	0.5592
8	11	0.9992	0.6719	0.6305
8	12	0.8005	0.7255	0.4625
8	13	0.9499	0.6890	0.4441
8	14	0.9990	0.6558	0.5402
8	15	0.5009	0.5683	0.3594
9	10	0.9987	0.7315	0.5316
9	11	0.9987	0.6099	0.7432
9	12	0.9992	0.4426	0.5576
9	13	0.7995	0.5767	0.6650
9	14	0.9999	0.6773	0.5465
9	17	0.7501	0.6049	0.1591
10	11	0.9991	0.6788	0.5359
10	12	0.9989	0.5135	0.6314
10	13	0.9490	0.5339	0.4552
10	14	0.9499	0.4090	0.8483
10	17	0.6012	0.4282	0.5932
11	12	0.9982	0.7620	0.3152
11	13	0.8011	0.5995	0.2640
11	14	0.9988	0.4613	0.6353
11	15	0.7278	0.6084	0.3907
12	13	0.9989	0.4092	0.5179
12	14	0.9995	0.6068	0.5142
12	15	0.9979	0.5007	0.3263
12	16	0.9481	0.4553	0.6806
12	17	0.8999	0.5539	0.2870
13	14	1.0000	0.5901	0.4635
13	15	0.9456	0.4435	0.3809
13	16	0.8999	0.4629	0.3782
13	17	0.9992	0.6915	0.2941
13	18	0.7999	0.2582	0.4200
14	15	0.9985	0.9483	0.3409
14	16	0.9990	0.6862	0.6040
14	17	0.9999	0.7692	0.4706
14	18	0.9498	0.9445	0.2681
14	19	0.5677	0.7271	0.4227
14	21	0.5043	0.9182	0.2108
15	16	0.9993	0.5080	0.5281
15	17	0.9996	0.5103	0.5489
15	18	0.6880	0.3986	0.5822
15	19	0.9506	0.5396	0.3181
15	21	0.9994	0.4950	0.4828
16	17	0.9998	0.7915	0.3106
16	18	0.9994	0.4591	0.6417
16	19	0.7979	0.4731	0.4516
16	20	0.9999	0.7783	0.2709
16	25	0.5501	0.5989	0.5193
17	18	0.9989	0.7162	0.6567
17	19	0.9999	0.4247	0.7581
17	20	0.9995	0.4944	0.4593
17	21	0.9997	0.7300	0.4349
17	25	0.5015	0.6007	0.4151
18	19	0.9992	0.7702	0.2646
18	20	0.8498	0.5911	0.4932
18	21	0.9994	0.6463	0.6303
19	20	1.0000	0.7277	0.4062
19	21	0.9994	0.4660	0.5385
19	22	0.9987	0.1064	0.9546
19	23	0.8999	0.5059	0.7001
19	24	0.9994	0.7985	0.3125
19	25	0.9491	0.3415	0.5864
19	26	0.8505	0.5729	0.3997
20	21	0.9999	0.5859	0.4295
20	22	0.8976	0.9523	0.7058
20	23	0.9998	0.4432	0.7976
20	24	0.9998	0.4760	0.4540
20	25	0.9995	0.5359	0.7039
20	26	0.9986	0.4172	0.5699
21	22	0.9479	0.9606	0.5224
21	23	0.9995	0.4605	0.5979
21	24	1.0000	0.6454	0.5360
21	25	0.9997	0.7625	0.3290
21	26	1.0000	0.6388	0.4849
21	27	0.8996	0.5501	0.3359
22	23	0.9980	0.7330	0.2444
22	24	0.9980	0.5229	0.8037
22	25	0.9491	0.6290	0.4057
23	24	0.9995	0.8641	0.2781
23	25	0.9998	0.5198	0.4328
23	26	1.0000	0.6649	0.5338
23	27	0.9996	0.7746	0.2637
23	28	0.7503	0.5046	0.5752
24	25	0.9998	0.6235	0.5387
24	26	0.9997	0.4643	0.5118
24	27	0.9992	0.4625	0.4621
24	28	0.9986	0.7047	0.4059
24	30	0.8996	0.5492	0.5735
25	26	0.9997	0.7200	0.3980
25	27	0.9496	0.5512	0.5709
25	28	0.8481	0.4009	0.4991
26	27	0.9999	0.5684	0.4201
26	28	0.9983	0.3215	0.5679
26	29	0.9995	0.5175	0.4696
26	30	0.7998	0.5165	0.5496
27	28	0.9997	0.6878	0.4952
27	29	0.9989	0.3767	0.5219
27	30	0.9997	0.6142	0.5029
27	31	0.8986	0.7257	0.6962
27	32	0.9996	0.4866	0.4812
27	33	0.6509	0.4951	0.4059
28	29	0.9992	0.6672	0.2478
28	30	0.9995	0.6035	0.7401
28	31	0.8499	0.5294	0.8326
28	32	0.6502	0.6447	0.3697
29	30	0.9997	0.5195	0.4568
29	31	0.9989	0.4086	0.9617
29	32	0.7920	0.4353	0.3967
29	33	0.9990	0.6023	0.2902
29	34	0.9495	0.4582	0.4975
29	35	0.9996	0.5086	0.4628
29	36	0.9989	0.5478	0.0804
30	31	0.9494	0.7363	0.7053
30	32	0.9997	0.5180	0.4556
30	33	0.8982	0.5050	0.4731
30	34	0.9496	0.7745	0.4018
30	35	0.7005	0.3771	0.4081
31	32	0.9980	0.8625	0.3893
31	33	0.9993	0.6261	0.7256
31	34	0.8998	0.7681	0.5675
32	33	0.9989	0.4869	0.3033
32	34	0.9997	0.4000	0.6968
32	35	0.9995	0.4483	0.4873
32	36	0.9976	0.4633	0.1461
32	38	0.7994	0.3155	0.5376
32	39	0.8995	0.3648	0.2678
33	34	0.9985	0.9104	0.3304
33	35	0.9482	0.3108	0.5063
33	36	0.9994	0.4236	0.4699
33	37	0.6493	0.8367	0.5666
33	38	0.5012	0.4012	0.4377
33	40	0.5504	0.5206	0.3454
34	35	0.9496	0.7658	0.2164
34	36	0.9489	0.4111	0.3994
34	38	0.8003	0.5362	0.3303
35	36	0.9990	0.6235	0.1566
35	38	0.8994	0.4458	0.5632
35	39	0.8002	0.6047	0.2636
35	40	0.5506	0.4860	0.3932
36	37	0.9947	0.9895	0.4165
36	38	0.9986	0.3446	0.6204
36	39	0.6374	0.3691	0.4486
36	40	0.9989	0.6319	0.4584
36	41	0.8003	0.3070	0.4765
36	42	0.5517	0.3819	0.4462
36	43	0.5017	0.5346	0.2589
37	38	0.9497	0.8067	0.3638
37	39	0.9966	0.9020	0.9342
37	41	0.5512	0.6391	0.3054
38	39	0.9986	0.6960	0.3884
38	40	0.9994	0.4792	0.5517
39	40	0.9993	0.7150	0.5660
39	41	0.9984	0.4085	0.4942
39	42	0.9988	0.3613	0.2424
39	43	0.9997	0.6732	0.4381
40	41	0.9003	0.5233	0.3801
41	42	0.9000	0.6216	0.3883
41	43	0.8494	0.5320	0.6637
42	43	0.9994	0.4488	0.5085
42	44	0.9484	0.4775	0.5692
42	45	0.9990	0.5049	0.5276
42	46	0.9489	0.5325	0.5263
42	51	0.6511	0.4576	0.4319
43	44	0.9996	0.5014	0.4842
43	45	0.9996	0.5707	0.4967
43	46	0.9561	0.5729	0.3816
43	50	0.6982	0.4872	0.3555
44	45	1.0000	0.6478	0.4536
44	46	1.0000	0.7293	0.4233
44	48	0.8498	0.5583	0.3711
44	49	0.6994	0.3760	0.2635
44	50	0.7010	0.4062	0.4376
44	51	0.9996	0.7622	0.4404
45	46	1.0000	0.6447	0.4506
45	47	0.9964	0.8918	0.4284
45	48	0.9994	0.6724	0.5316
45	49	0.9994	0.5285	0.5642
45	50	0.9997	0.5057	0.5014
45	51	1.0000	0.5703	0.3806
46	47	0.9988	0.7844	0.7368
46	48	0.9990	0.4855	0.5266
46	49	0.9502	0.4143	0.5763
46	50	0.9492	0.4069	0.4652
46	51	0.9997	0.4400	0.5276
47	48	0.8495	0.5708	0.1247
47	50	0.8997	0.3292	0.3372
47	51	0.9490	0.4464	0.4900
48	49	0.9995	0.5212	0.4769
48	50	0.9989	0.4836	0.5287
48	51	0.9992	0.6806	0.5648
49	50	0.9999	0.6329	0.2781
49	51	0.9999	0.7628	0.4955
50	51	1.0000	0.5816	0.4205
