0	2	0.9985	0.5533	0.6020
0	3	0.9979	0.1904	0.0000
0	4	0.9999	0.6891	0.3195
0	8	0.9991	0.4983	0.1570
0	10	0.9978	0.5678	0.5376
0	11	0.9991	0.2294	0.4487
0	12	0.9994	0.8755	0.0000
1	2	0.9959	0.6305	0.0010
1	8	0.9993	0.9989	1.0000
1	12	1.0000	0.5192	0.7162
1	14	1.0000	0.4746	0.9803
2	3	0.9986	0.9215	0.0021
2	4	0.9998	0.4418	0.3458
2	7	0.9979	0.2496	0.5453
2	8	0.9990	0.3702	0.4855
2	10	0.9986	0.4848	0.4462
2	11	0.6284	0.8989	0.7585
2	12	0.9976	0.2003	0.2766
3	4	0.9970	0.0074	0.0093
3	5	0.9480	0.1105	0.9870
3	7	0.9987	0.1350	0.9433
3	8	1.0000	0.0004	0.0502
3	10	0.9976	0.6832	0.9982
4	5	0.9991	0.4868	0.4457
4	7	0.9993	0.3498	0.3937
4	8	0.9986	0.3148	0.3741
4	9	0.9995	0.7757	0.8127
4	10	0.9998	0.5332	0.4649
4	11	1.0000	0.7313	0.9988
4	12	1.0000	0.4667	0.0140
5	6	0.9981	0.7691	0.7109
5	7	0.9981	0.9030	0.4407
5	8	0.9996	0.6793	0.5091
5	9	0.9996	0.1042	0.6847
5	10	0.9984	0.4110	0.4962
5	11	1.0000	0.0308	1.0000
6	7	0.9995	0.5562	0.2230
7	8	0.9995	0.5050	0.4821
7	9	0.9993	0.0004	0.9998
7	10	1.0000	0.0000	0.2764
8	9	1.0000	1.0000	1.0000
8	10	0.9996	0.6861	0.3685
8	12	0.9987	0.9998	0.5830
9	10	0.9997	0.9281	0.1769
9	12	1.0000	0.5507	0.9129
10	11	0.9986	0.7270	0.5804
10	12	0.9992	0.1865	0.2860
12	14	1.0000	0.6442	0.9091
13	14	0.9990	0.3600	0.4377
13	15	0.9983	0.8825	0.9654
13	18	0.6508	0.7923	0.4534
13	20	0.9966	0.3048	0.4531
13	21	0.9991	0.5661	0.5450
14	15	1.0000	0.4504	0.6176
14	18	0.9982	0.2122	0.4150
14	19	0.9999	0.0833	0.8936
14	20	0.9986	0.5341	0.6055
14	21	0.9482	0.3145	0.5892
15	16	0.9984	0.9772	0.4893
15	17	0.9984	0.9063	0.7962
15	18	0.9998	0.9338	0.5169
15	19	0.9478	0.9415	0.5111
15	20	1.0000	0.5041	0.4083
15	21	0.9998	0.8994	0.6499
16	17	0.9999	0.7088	0.5243
16	18	0.9993	0.5263	0.5762
16	19	0.5001	0.5031	0.1620
16	20	0.9989	0.3430	0.2338
17	18	0.9996	0.9532	0.3972
17	20	0.7501	0.9405	0.1982
18	20	0.9997	0.6614	0.2363
18	21	0.9999	0.4700	0.5820
20	21	0.9999	0.4393	0.4117
