0	1	0.9998	0.5967	0.3817
0	2	0.9995	0.6367	0.6261
0	3	0.7507	0.4176	0.4519
0	13	0.6502	0.5415	0.5241
1	2	0.9993	0.6004	0.3760
1	3	0.8497	0.5025	0.3723
1	5	0.7994	0.0196	0.5237
1	6	0.5501	0.3217	0.5552
1	7	0.6505	0.2041	0.6503
1	8	0.7987	0.6378	0.7832
1	10	0.8987	0.8351	0.5417
1	12	0.9495	0.6890	0.7710
1	13	0.9991	0.7062	0.7690
1	14	0.9999	0.6831	0.3604
2	3	0.9995	0.4375	0.5325
2	4	0.6501	0.3992	0.4649
2	5	0.7549	0.3572	0.3879
2	6	0.5003	0.3671	0.4168
2	7	0.5001	0.5241	0.5128
2	8	0.9479	0.4454	0.7680
2	10	0.8492	0.3348	0.3776
2	12	0.9994	0.3366	0.7503
2	13	0.9995	0.6852	0.8203
2	14	0.9991	0.4949	0.3558
3	4	0.9001	0.7834	0.3530
3	5	0.9948	0.9873	0.6267
3	6	0.5998	0.6647	0.2738
3	8	0.5495	0.4225	0.9865
3	12	0.7502	0.4169	0.4001
3	13	0.6403	0.4959	0.4083
3	14	0.9493	0.4197	0.3079
4	5	0.9974	0.8606	0.5911
4	6	0.7994	0.6142	0.2183
5	6	0.9986	0.2342	0.0237
5	7	0.7003	0.2097	0.1707
5	10	0.9481	0.4160	0.3850
5	11	0.5508	0.4419	0.8333
5	12	0.7004	0.2105	0.4884
5	13	0.8498	0.2551	0.6607
5	14	0.7503	0.1529	0.6082
6	7	0.6504	0.5895	0.3794
6	8	0.6500	0.6863	0.6893
6	9	0.5004	0.7505	0.5851
6	12	0.6515	0.4026	0.1757
6	14	0.6993	0.3017	0.4005
7	8	0.9501	0.7985	0.2880
7	9	0.5506	0.7374	0.5035
7	10	0.9493	0.3935	0.4233
7	12	0.7504	0.4653	0.4932
8	9	0.9488	0.8545	0.6685
8	10	0.9948	0.9846	0.5692
8	12	0.7994	0.7697	0.7672
8	14	0.7997	0.7146	0.4870
9	10	0.9966	0.7353	0.1944
9	12	0.9488	0.5099	0.4832
9	14	0.9998	0.3797	0.6098
10	11	0.9984	0.6660	0.4650
10	12	0.9993	0.4976	0.5020
10	13	0.9987	0.5001	0.5434
10	14	0.9993	0.5187	0.4735
11	12	0.9977	0.6726	0.2981
11	14	0.5999	0.3776	0.7542
12	13	0.9500	0.7912	0.6016
12	14	0.9993	0.6269	0.5395
13	14	0.9991	0.5161	0.5647
