0	1	0.9978	0.9356	0.4009
0	2	1.0000	0.5269	0.4686
0	3	0.9995	0.9166	0.5101
0	4	0.9997	0.6716	0.5488
0	5	0.9943	0.9701	0.5759
0	6	0.9991	0.7605	0.4172
0	18	0.9995	0.5433	0.5968
1	2	0.9997	0.6387	0.4674
1	4	1.0000	0.5126	0.8173
1	6	0.9998	0.3747	0.7647
1	18	1.0000	0.5209	0.3034
2	3	0.9996	0.8442	0.5948
2	4	0.9993	0.6443	0.5868
2	5	0.9497	0.9969	0.6319
2	18	0.9994	0.0487	0.7200
3	4	1.0000	0.5313	0.5857
3	5	0.9999	0.4010	0.4496
4	5	0.9991	0.7713	0.5277
4	6	0.9991	0.5979	0.4410
4	7	0.6004	0.6082	0.2104
4	18	0.9982	0.5560	0.4009
5	6	0.9995	0.5757	0.4027
5	7	0.9967	0.3245	0.0809
6	7	1.0000	0.6923	0.4082
6	18	0.9998	0.6781	0.3248
6	52	0.8496	0.8216	0.8691
7	18	0.9000	0.7493	0.2448
7	52	0.5997	0.7260	0.7768
8	9	0.9970	0.8311	0.0376
8	10	0.9999	0.3452	0.5211
8	13	0.9985	0.3650	0.2445
8	15	1.0000	0.3910	0.7651
8	17	0.9992	0.4518	0.3834
8	21	0.9968	0.4326	0.0699
8	22	0.9999	0.5417	0.7762
8	23	0.9988	0.5367	0.5037
8	24	0.7491	0.4045	0.8561
8	25	0.9981	0.7336	0.3938
8	50	0.6002	0.8366	0.9454
8	52	0.9993	0.7344	0.9714
9	10	0.9497	0.9805	0.2524
9	11	0.9995	0.4827	0.4400
9	12	0.9999	0.6809	0.4616
9	13	0.9993	0.4516	0.5927
9	14	1.0000	0.8834	0.3155
9	15	0.9998	0.4405	0.5494
10	11	0.9970	0.3009	0.3699
10	13	0.9997	0.3035	0.9861
10	15	0.8015	0.1749	0.9931
11	12	0.9991	0.9263	0.4964
11	13	0.9996	0.5498	0.3945
11	14	1.0000	0.8128	0.4469
12	13	0.9993	0.6087	0.4599
12	14	0.9994	0.2757	0.6397
12	15	0.8482	0.7041	0.2221
13	14	0.9978	0.8799	0.5104
13	15	0.9994	0.5006	0.4547
14	15	0.9992	0.5251	0.4524
14	16	0.6639	0.0492	0.9025
15	16	0.9988	0.8324	0.7771
15	17	0.9988	0.6038	0.2249
15	21	0.5503	0.6659	0.4697
16	17	0.9978	0.5269	0.1257
16	18	0.8006	0.1083	0.1006
16	21	0.9980	0.4542	0.6347
16	23	0.8982	0.6214	0.7240
17	20	0.8496	0.3793	0.5622
17	21	0.9998	0.5010	0.5374
17	22	0.9993	0.6076	0.6515
17	23	0.9984	0.3789	0.3531
18	19	0.9496	0.3704	0.8287
18	20	0.9965	0.4984	0.2542
18	52	0.6532	0.5382	0.6937
20	21	0.9492	0.7799	0.2165
20	23	0.8001	0.6670	0.4711
21	22	1.0000	0.4824	0.4217
21	23	0.9962	0.4282	0.0724
21	24	0.6995	0.5519	0.5133
22	23	0.9997	0.9059	0.3294
22	24	0.9995	0.7671	0.7632
22	25	0.8987	0.4888	0.5958
23	24	0.7003	0.5823	0.5896
24	25	0.5502	0.6627	0.4311
25	26	0.8501	0.7226	0.3659
25	28	0.7494	0.5867	0.6295
25	29	0.9987	0.6210	0.5108
25	30	0.9980	0.8253	0.4957
25	31	0.9989	0.6570	0.5377
26	27	0.9498	0.7622	0.4939
26	28	0.5003	0.5379	0.5787
26	29	0.8842	0.1170	0.5616
26	30	0.9493	0.3553	0.4356
26	31	0.7502	0.1561	0.6409
27	28	0.8981	0.7619	0.4116
27	29	0.7013	0.6533	0.4011
27	30	0.8499	0.7787	0.4598
28	29	0.9998	0.5396	0.5085
28	30	0.9979	0.8971	0.2739
28	31	0.9988	0.7741	0.7960
29	30	0.9984	0.8940	0.2069
29	31	0.9998	0.4792	0.7237
30	31	0.9995	0.3927	0.4441
31	34	0.6503	0.8010	0.4053
32	33	0.8998	0.7079	0.5473
32	34	0.7500	0.3664	0.5260
32	35	0.5008	0.6098	0.4288
32	40	0.7006	0.6151	0.2675
33	34	0.8000	0.8781	0.2465
33	35	0.8998	0.5887	0.5381
34	35	0.9988	0.1476	0.3740
34	38	0.6496	0.6180	0.2770
35	36	0.9987	0.5878	0.5735
35	37	0.8988	0.0836	0.6614
35	38	0.6997	0.2727	0.6920
35	39	0.8992	0.4416	0.1781
35	44	0.9987	0.9932	0.1778
35	50	0.9993	0.1333	0.0220
36	37	1.0000	0.9524	0.6762
36	38	0.9482	0.5589	0.6841
36	50	0.5008	0.2158	0.0407
37	38	0.8487	0.4911	0.2594
37	50	0.7996	0.7674	0.1562
38	39	0.9000	0.8758	0.2224
38	50	0.9983	0.5292	0.2507
38	51	0.9501	0.0300	0.2033
39	41	0.9995	0.9245	0.4545
39	42	0.7986	0.1672	0.4908
39	44	0.9974	0.6979	0.0799
39	46	0.9498	0.9043	0.3890
39	47	0.9983	0.9748	0.2764
39	48	0.9998	0.6477	0.3189
39	49	0.9979	0.2484	0.4955
39	50	0.9975	0.4040	0.1297
40	41	1.0000	0.7812	0.4175
41	42	0.9966	0.6813	0.5207
41	43	0.9976	0.4533	0.3025
41	44	0.9993	0.6659	0.4713
41	45	0.9999	0.3650	0.6563
41	46	0.9995	0.6301	0.4731
41	47	0.9487	0.5445	0.2859
41	48	0.7990	0.4150	0.2085
41	50	0.9981	0.3111	0.1840
42	43	0.9997	0.8352	0.8275
42	44	1.0000	0.1212	0.0931
42	45	0.9995	0.2269	0.6175
42	46	0.8996	0.4795	0.9066
42	47	0.7010	0.2399	0.5180
42	48	0.8509	0.1128	0.2631
43	44	0.9999	0.8187	0.2166
43	45	0.9994	0.6343	0.7291
43	46	0.9994	0.6406	0.6269
43	47	0.9490	0.6662	0.3540
43	48	0.9497	0.7676	0.3981
44	45	0.9997	0.3156	0.4608
44	46	0.9997	0.4175	0.6523
44	47	0.9499	0.3275	0.4729
44	48	0.9992	0.2592	0.1156
44	49	0.9994	0.1205	0.0359
45	46	0.9998	0.7757	0.5066
45	47	0.9978	0.5787	0.2163
45	48	0.9979	0.4347	0.1430
46	47	0.8499	0.4908	0.2832
46	48	0.9498	0.5695	0.1882
48	49	0.9977	0.6507	0.0778
48	50	0.5014	0.4441	0.0047
49	50	0.9984	0.6278	0.0267
50	51	0.8498	0.9347	0.1138
51	52	0.9979	0.9555	0.0548
51	53	0.9500	0.7944	0.5792
52	53	0.9990	0.6929	0.2996
