0	1	1.0000	0.7179	0.5096
0	2	0.9993	0.7463	0.5398
0	3	1.0000	0.7151	0.7824
0	4	0.9991	0.5667	0.6611
0	5	0.5004	0.5917	0.2830
0	29	0.9991	0.3224	0.7421
0	30	0.9995	0.3994	0.6595
0	31	0.9985	0.3950	0.2560
1	2	0.9994	0.5067	0.5088
1	3	1.0000	0.5861	0.6164
1	4	0.6505	0.1217	0.4459
1	5	1.0000	0.5620	0.4675
1	6	0.8512	0.7265	0.4389
1	29	0.9995	0.3674	0.6078
1	30	0.9988	0.3198	0.5186
1	31	0.9978	0.2819	0.1724
2	3	0.9993	0.4859	0.5479
2	4	0.9989	0.0786	0.4922
2	5	0.9993	0.5266	0.4907
2	6	1.0000	0.7330	0.4653
2	29	0.9976	0.3551	0.5418
2	30	0.9981	0.2752	0.4477
2	31	0.9982	0.3002	0.1233
3	4	1.0000	0.4371	0.5037
3	5	0.9999	0.2800	0.4789
3	6	0.9966	0.2216	0.3935
3	7	0.9989	0.0802	0.6367
3	30	0.5932	0.4373	0.2339
3	31	0.9994	0.5219	0.2087
4	5	0.9989	0.7274	0.2214
4	6	0.9986	0.6769	0.2208
4	7	0.9998	0.6268	0.9019
4	8	0.9960	0.6750	0.0822
5	6	0.9999	0.5003	0.4459
5	7	0.9993	0.4031	0.5116
5	8	0.9494	0.4815	0.4858
5	9	1.0000	0.8586	0.3414
5	10	0.9999	0.7677	0.3764
5	13	0.9497	0.7541	0.6257
6	7	0.9985	0.3218	0.4917
6	8	0.9995	0.3252	0.6914
6	9	1.0000	0.7123	0.4150
6	10	1.0000	0.6010	0.3578
6	11	0.5506	0.4121	0.5761
6	12	0.5006	0.4118	0.2410
6	13	0.8496	0.6523	0.5288
7	8	1.0000	0.4269	0.6884
7	9	0.9997	0.3731	0.3388
7	10	0.9999	0.4502	0.2841
7	11	0.9995	0.1850	0.7797
7	12	0.9999	0.0516	0.4492
7	13	0.5503	0.2803	0.3968
8	9	0.9000	0.9250	0.1805
8	10	0.9998	0.9785	0.1904
8	11	1.0000	0.8733	0.7521
8	12	0.9998	0.8616	0.2273
9	10	0.9999	0.4682	0.4913
9	11	0.9995	0.5535	0.4480
9	12	0.9995	0.3718	0.6718
9	13	0.9999	0.6395	0.5662
9	14	0.8996	0.5694	0.5116
10	11	1.0000	0.4019	0.5491
10	12	0.9997	0.3000	0.4303
10	13	0.9997	0.5535	0.4710
10	14	0.9988	0.4173	0.4414
10	15	0.9499	0.3660	0.8335
11	12	0.9996	0.4457	0.4100
11	13	0.9990	0.4102	0.3742
11	14	0.8464	0.3339	0.4147
11	15	0.8490	0.1408	0.8143
12	13	1.0000	0.8280	0.2866
12	14	0.9997	0.6204	0.4033
12	15	1.0000	0.6247	0.7993
12	16	0.6000	0.3060	0.0453
12	17	0.7501	0.7466	0.3231
13	14	0.9995	0.4599	0.4822
13	15	0.9993	0.2704	0.4512
13	17	0.9995	0.4983	0.5397
13	18	0.9498	0.5641	0.5429
14	15	0.9997	0.3727	0.5957
14	16	0.9982	0.3010	0.1819
14	17	0.9993	0.3771	0.3318
14	18	0.9989	0.4095	0.3566
15	16	0.9998	0.7497	0.3732
15	17	0.9979	0.4966	0.1811
15	18	0.9976	0.3937	0.2298
16	17	0.9967	0.7851	0.1483
16	18	0.9989	0.9386	0.2034
16	19	0.9985	0.9812	0.7274
16	20	0.9956	0.9952	0.0093
17	18	0.9997	0.5792	0.3872
17	19	0.9996	0.7532	0.5381
17	21	1.0000	0.8961	0.3562
18	19	1.0000	0.4945	0.5078
18	20	0.9984	0.3076	0.2841
18	21	1.0000	0.6440	0.4507
18	22	0.9998	0.6769	0.5284
19	20	0.9957	0.3311	0.4697
19	21	0.9998	0.5078	0.3817
19	22	0.9986	0.3188	0.4536
19	23	0.9992	0.2038	0.7758
20	21	0.9995	0.9626	0.2450
20	22	0.9995	0.9400	0.4481
20	23	0.9999	0.8299	0.7557
20	24	0.9491	0.9680	0.3245
21	22	0.9976	0.4815	0.4892
21	23	0.9997	0.4404	0.5884
21	24	0.9999	0.5334	0.5490
21	25	1.0000	0.5657	0.4300
21	26	0.9991	0.7612	0.2337
21	29	0.5511	0.7407	0.4174
22	23	0.9925	0.3715	0.5072
22	24	0.9999	0.3842	0.5396
22	25	1.0000	0.4817	0.4196
22	26	0.9993	0.4683	0.3738
23	24	0.9996	0.4827	0.4098
23	25	0.9995	0.4475	0.3003
23	26	1.0000	0.4788	0.5196
23	27	0.5009	0.3259	0.9676
24	25	1.0000	0.6732	0.4137
24	26	0.9998	0.8286	0.3992
24	27	0.9985	0.9728	0.7349
24	28	0.7989	0.9482	0.2864
25	26	0.9993	0.4399	0.3515
25	27	0.9994	0.3861	0.3806
25	28	0.9485	0.3196	0.4423
25	29	1.0000	0.6201	0.4150
25	30	0.9996	0.5789	0.3438
26	27	0.9997	0.3155	0.4490
26	28	0.9989	0.2814	0.4676
26	29	0.9999	0.0757	0.3796
26	30	0.9999	0.0823	0.2807
26	31	0.6510	0.0422	0.9172
27	28	0.9999	0.3688	0.5451
27	29	0.9997	0.1290	0.4980
27	30	0.9999	0.1424	0.4065
27	31	1.0000	0.0600	0.7910
28	29	0.9996	0.9829	0.2230
28	30	0.9980	0.9929	0.3294
28	31	0.9997	0.9469	0.8683
29	30	1.0000	0.6257	0.5634
29	31	0.9999	0.5750	0.5303
30	31	0.9999	0.4116	0.4538
