0	1	0.9985	0.8721	0.3149
0	2	0.9999	0.5772	0.3231
0	3	0.9999	0.9992	0.1963
0	5	0.9987	0.9935	0.6701
0	6	0.6518	0.9137	0.2165
0	10	0.9502	0.9168	0.0902
0	24	0.9500	0.9946	0.8539
0	25	1.0000	0.5170	0.5620
1	2	1.0000	0.2705	0.4953
1	5	0.9006	0.0490	0.2247
1	6	0.9500	0.1921	0.4100
1	10	1.0000	0.1170	0.0826
1	25	1.0000	0.5794	0.8609
1	26	0.9497	0.2406	0.4421
1	28	0.8010	0.0711	0.6709
2	3	0.9989	0.9088	0.0919
2	5	0.8986	0.9395	0.6453
2	25	0.8489	0.4484	0.8375
3	4	0.9995	0.0806	0.6378
3	5	0.9993	0.3192	0.4248
3	6	0.9995	0.1592	0.6374
3	7	0.6008	0.0846	0.3578
3	10	0.9503	0.0125	0.0180
3	24	0.9502	0.0878	0.7809
3	30	0.9991	0.1738	0.1580
4	5	0.9985	0.8609	0.4553
4	7	0.9497	0.4373	0.5824
4	10	0.9972	0.6094	0.0516
4	24	0.9994	0.5453	0.8631
4	25	0.8994	0.8188	0.7432
5	6	0.9994	0.5864	0.3224
5	7	0.9998	0.1610	0.8418
5	8	0.8500	0.1588	0.7559
5	10	0.9977	0.7057	0.0295
5	24	0.9996	0.3947	0.5919
5	30	0.7003	0.3043	0.1422
6	10	0.9968	0.5110	0.1285
6	24	0.9994	0.6222	0.8203
6	25	0.9976	0.0748	0.6442
7	8	1.0000	0.6879	0.4480
7	9	0.9977	0.9574	0.2912
7	10	0.9945	0.6180	0.0000
7	25	0.8500	0.8922	0.5677
8	9	0.9981	0.8409	0.2735
8	10	0.9963	0.5414	0.0144
8	24	0.9998	0.4242	0.4967
8	25	0.7481	0.7870	0.4612
8	26	0.6505	0.7900	0.2075
8	27	0.5004	0.4124	0.1220
8	29	0.9997	0.4844	0.9966
9	10	0.9975	0.9043	0.0408
10	11	0.9990	0.9545	0.0589
10	12	0.9982	0.9606	0.4794
10	13	0.9998	0.8849	0.2755
10	14	0.9987	0.9278	0.6094
10	15	0.9970	0.9846	0.4106
10	16	0.8487	0.9270	0.1786
10	17	0.8484	0.9660	0.4937
10	18	0.5496	0.9232	0.3644
10	19	0.9997	0.9553	0.8114
10	20	0.9992	0.9708	0.3228
10	21	0.9989	0.9726	0.9176
10	22	0.6484	0.9547	0.1175
10	24	1.0000	0.4517	0.4805
10	25	1.0000	0.2616	0.6999
10	26	0.9996	0.0404	0.6168
10	27	0.8004	0.2282	0.6675
10	28	0.9996	0.6874	0.5354
10	29	0.9997	0.8302	0.9215
10	30	0.9964	0.5620	0.0666
11	12	0.9999	0.4224	0.4870
11	13	0.8496	0.2627	0.2684
11	14	0.9974	0.4585	0.1281
11	15	0.6985	0.2564	0.3699
11	17	0.9500	0.7649	0.9217
11	19	0.9989	0.3337	0.2379
11	20	0.8999	0.1574	0.2771
11	21	0.9989	0.2373	0.2035
11	22	0.8976	0.2884	0.1888
12	13	0.7991	0.9004	0.5216
12	17	0.9996	0.9617	0.9036
12	19	0.9996	0.7992	0.5321
12	20	0.6499	0.7581	0.2840
12	21	0.9493	0.6281	0.6197
12	28	0.5014	0.0213	0.1898
13	14	0.9997	0.4984	0.4683
13	15	0.9993	0.4828	0.9590
13	17	0.9995	0.7066	0.5706
13	18	0.8492	0.5919	0.4566
13	19	0.8497	0.4425	0.7230
13	20	0.9491	0.4732	0.2555
13	22	0.9972	0.9125	0.9913
13	24	0.9970	0.3776	0.1304
13	28	0.7493	0.4404	0.5607
13	29	0.9964	0.3411	0.5230
13	30	0.9996	0.6315	0.3005
13	31	0.9996	0.6356	0.5471
14	15	0.9986	0.8545	0.4388
14	16	0.7489	0.6122	0.1938
14	17	0.9978	0.8821	0.5894
14	19	0.5011	0.4149	0.4258
14	20	0.7024	0.1292	0.1051
15	16	0.9770	0.6413	0.6087
15	17	0.9962	0.9825	0.0365
15	22	0.8004	0.3271	0.7902
15	29	0.5507	0.4691	0.1125
15	30	0.9492	0.6369	0.1546
16	17	0.9482	0.6294	0.1175
16	22	0.9492	0.6918	0.9236
16	24	0.8496	0.1284	0.0622
16	29	0.9954	0.4415	0.3068
16	30	0.7996	0.4249	0.2414
16	31	0.9988	0.5322	0.8105
17	22	0.9994	0.4746	0.9967
17	30	0.9990	0.5799	0.4207
17	31	0.9999	0.5089	0.4766
18	19	0.6511	0.9114	0.1277
18	20	0.9983	0.9105	0.7232
18	21	0.9000	0.9638	0.2098
19	20	0.9982	0.9502	0.2248
19	21	0.6501	0.6913	0.5076
19	24	0.9491	0.9476	0.3685
19	28	0.9992	0.6681	0.4508
20	21	0.9975	0.5484	0.2612
20	28	1.0000	0.3745	0.5220
21	28	0.9991	0.4451	0.3773
22	23	0.9496	0.7550	0.6467
22	28	0.9992	0.0511	0.9243
23	24	0.8491	0.9320	0.1643
23	28	0.9999	0.7249	0.7292
24	25	0.9967	0.9702	0.4931
24	26	0.6001	0.5563	0.4142
24	27	0.7355	0.2441	0.4016
24	28	0.9989	0.1573	0.7655
24	29	0.9986	0.1183	0.4666
24	30	0.9998	0.0587	0.0588
24	31	0.8000	0.1033	0.9068
25	26	0.9976	0.9878	0.3238
26	27	0.9996	0.6760	0.5935
26	28	0.9985	0.8670	0.1033
27	28	0.9999	0.8949	0.2276
28	29	0.9982	0.9836	0.1497
30	31	1.0000	0.6708	0.5189
30	32	0.8996	0.5970	0.3817
30	33	0.9999	0.7149	0.5812
31	32	0.9503	0.7215	0.5200
31	33	0.9992	0.6144	0.5504
32	33	0.9999	0.7146	0.4536
32	34	0.5004	0.6823	0.3677
32	35	0.9994	0.8067	0.5468
32	39	0.6504	0.6817	0.3699
33	34	0.9974	0.8729	0.2403
33	35	0.9000	0.7495	0.6150
34	35	0.9486	0.8056	0.5956
35	36	0.8990	0.5920	0.1014
35	37	0.7004	0.4554	0.1465
36	37	0.9995	0.7125	0.2362
36	38	1.0000	0.7995	0.8389
36	39	0.9991	0.7229	0.3291
37	38	0.9985	0.4111	0.5358
37	39	0.9995	0.1070	0.2713
38	39	0.9991	0.9853	0.2552
