0	13	0.5506	0.5756	0.2743
1	3	0.5508	0.4065	0.3575
2	3	0.8986	0.8934	0.4302
2	4	0.8003	0.2862	0.4523
2	9	0.6499	0.5738	0.5600
2	11	0.5500	0.5058	0.5951
3	4	0.9983	0.7246	0.6318
3	5	0.9488	0.6184	0.6363
3	10	0.8990	0.6580	0.2925
3	11	0.5994	0.6376	0.6731
4	5	0.9997	0.5524	0.4907
4	7	0.5004	0.2482	0.6046
4	8	0.7002	0.3702	0.4081
4	9	0.8999	0.3743	0.7405
4	10	0.9997	0.5474	0.4842
4	11	0.9495	0.6187	0.5557
4	13	0.8979	0.6119	0.5058
4	14	0.9993	0.4681	0.5265
5	6	0.9502	0.7981	0.6528
5	7	0.7502	0.7185	0.7034
5	8	0.8501	0.6626	0.4345
5	9	0.9994	0.8249	0.6593
5	10	0.9987	0.5167	0.5273
5	11	0.9976	0.5015	0.5825
5	13	0.7997	0.4762	0.3378
5	14	0.8498	0.3244	0.4617
6	7	0.7495	0.8084	0.5666
6	9	0.9486	0.7829	0.6411
6	10	0.9490	0.4862	0.3224
7	8	0.8502	0.7262	0.3010
7	9	0.9995	0.7385	0.2685
7	10	0.6501	0.3797	0.3278
8	9	0.9485	0.7668	0.3846
8	10	0.7500	0.5509	0.4254
9	10	0.9977	0.8360	0.3483
9	11	0.9483	0.8053	0.6287
10	11	0.9994	0.5592	0.5363
10	13	0.6012	0.5635	0.4119
10	14	0.7002	0.5336	0.4138
11	12	0.9962	0.9460	0.5666
11	13	0.9999	0.5838	0.4321
11	14	0.9996	0.7179	0.3257
12	13	0.8986	0.5704	0.0969
13	14	0.9994	0.9784	0.2087
