0	1	0.9499	0.6413	0.6043
0	3	0.7003	0.5610	0.5157
1	2	0.9001	0.7609	0.5623
1	3	0.8000	0.5855	0.5759
1	5	0.7005	0.5354	0.4933
2	3	0.9500	0.6644	0.5066
2	5	0.5005	0.4669	0.3908
3	4	0.9994	0.7093	0.6995
3	5	0.8996	0.5333	0.4230
3	6	0.9002	0.6281	0.4649
3	7	0.6001	0.6454	0.5245
3	8	0.6009	0.6018	0.4645
4	5	0.9994	0.7639	0.4098
4	6	0.5508	0.6049	0.5290
5	6	1.0000	0.6512	0.5127
5	7	0.9002	0.4878	0.5644
5	8	0.9999	0.6966	0.4356
6	7	1.0000	0.6336	0.6185
6	8	1.0000	0.6887	0.5235
6	10	0.6507	0.4008	0.4058
7	8	1.0000	0.6868	0.6678
7	10	0.8001	0.5046	0.3575
8	9	0.8997	0.8296	0.4766
9	10	0.9990	0.5470	0.4855
10	11	0.9996	0.6088	0.5858
10	12	0.6498	0.3864	0.4050
10	15	0.9497	0.5370	0.3462
10	16	0.9490	0.5395	0.4762
10	17	0.8997	0.5481	0.6226
10	18	0.7994	0.5440	0.5840
10	19	0.5503	0.5461	0.4275
11	12	0.8003	0.7830	0.3918
11	17	0.6947	0.7126	0.7194
12	17	0.7981	0.8266	0.3818
12	18	0.6544	0.3169	0.5505
13	14	0.9993	0.7908	0.3702
13	15	0.8479	0.4526	0.6854
13	16	0.9982	0.3990	0.5281
13	17	0.9971	0.3734	0.5052
14	15	0.9493	0.5673	0.2498
14	16	0.9493	0.5205	0.4254
14	17	0.9999	0.4987	0.6856
15	16	0.9986	0.5750	0.5605
15	17	0.9992	0.5637	0.5585
16	17	1.0000	0.5898	0.5172
16	18	0.6006	0.2175	0.1863
17	18	0.8494	0.9337	0.1173
17	23	0.7496	0.7393	0.5865
18	19	0.9001	0.8351	0.3329
18	23	0.8499	0.5420	0.7380
19	21	0.6499	0.7546	0.6648
19	23	0.9005	0.4824	0.7859
19	24	0.8500	0.5235	0.6333
20	21	0.8985	0.5560	0.5113
20	22	0.9493	0.5949	0.8760
20	23	0.6510	0.3455	0.4239
21	22	0.8497	0.6564	0.6431
23	24	0.6501	0.7127	0.5766
