0	1	0.9985	0.7729	0.3806
0	2	0.9998	0.4659	0.4555
0	3	0.9983	0.9888	0.4930
0	4	1.0000	0.7221	0.2985
0	22	0.9499	0.7692	0.8232
0	23	0.9993	0.0812	0.3826
0	24	0.9987	0.1802	0.4472
1	2	1.0000	0.4581	0.5232
1	4	1.0000	0.3222	0.5650
1	10	0.9495	0.1984	0.1887
1	20	0.8519	0.0097	0.4294
1	22	1.0000	0.3262	0.7680
1	23	0.9999	0.8937	0.9009
1	24	1.0000	0.3985	0.7300
1	25	0.9997	0.1178	0.7454
1	26	0.9998	0.2348	0.2782
1	27	1.0000	0.0434	0.9473
2	3	0.9982	0.9748	0.3325
2	4	0.9987	0.5519	0.2574
2	23	0.9999	0.0064	0.3809
2	24	0.9002	0.1024	0.4215
3	4	1.0000	0.4153	0.9014
3	5	0.9991	0.3173	0.4696
3	22	0.9497	0.7181	0.9081
3	28	0.8978	0.5313	0.4901
4	5	0.9988	0.9979	0.1641
4	22	0.9974	0.3999	0.7911
4	23	0.9993	0.0302	0.4555
4	24	0.7981	0.4520	0.6187
5	10	0.8496	0.1147	0.7775
5	13	0.6931	0.3859	0.0922
5	15	0.5509	0.1771	0.0521
5	22	0.9998	0.1444	0.4714
5	28	0.8991	0.2544	0.1737
6	22	0.6995	0.5239	0.6477
6	23	0.8979	0.8001	0.6575
7	8	0.9998	0.6215	0.6184
7	22	1.0000	0.2158	0.8831
7	23	0.9497	0.6460	0.7890
7	24	0.8498	0.5436	0.2490
8	9	0.5505	0.6613	0.1879
8	10	0.9998	0.1747	0.1209
8	22	1.0000	0.4177	0.7982
9	22	1.0000	0.1115	0.9734
10	11	0.9970	0.9909	0.3428
10	12	0.9998	0.8976	0.6431
10	13	0.9994	0.8536	0.7741
10	14	0.6503	0.7834	0.4104
10	15	0.9978	0.9784	0.0814
10	16	0.6498	0.8951	0.6911
10	19	0.9999	0.9147	0.7430
10	20	0.9990	0.9871	0.0816
10	22	0.9998	0.3887	0.4527
10	23	1.0000	0.0026	0.8918
10	24	0.9997	0.1569	0.4548
10	27	0.9986	0.8985	0.5321
11	12	0.7991	0.3989	0.5181
11	13	0.9973	0.8204	0.1413
11	14	0.8996	0.5378	0.7228
11	15	0.8997	0.3344	0.2866
11	16	0.8997	0.6656	0.7734
11	19	1.0000	0.4139	0.9410
11	20	0.7003	0.2895	0.2145
11	22	0.7999	0.1773	0.0216
12	13	0.9993	0.7816	0.1355
12	15	0.7503	0.7706	0.3254
12	16	0.8014	0.5371	0.6166
12	19	0.7995	0.6363	0.4466
12	22	0.9985	0.6464	0.1241
12	28	0.7497	0.5511	0.3580
13	14	0.9493	0.8545	0.3823
13	15	0.9999	0.2472	0.8419
13	16	1.0000	0.5916	0.8042
13	19	0.9982	0.7581	0.2552
13	22	0.6195	0.5861	0.4378
13	28	0.7002	0.3103	0.5878
14	15	0.9975	0.9234	0.4142
14	16	0.9993	0.6968	0.9137
14	18	0.9995	0.5314	0.8286
14	19	0.9997	0.5850	0.5059
14	20	0.9985	0.7884	0.3621
14	21	0.9489	0.6465	0.4900
14	22	0.6804	0.3901	0.1982
14	27	0.7500	0.7249	0.3722
15	16	0.9983	0.9215	0.4794
15	19	1.0000	0.3157	0.9704
15	20	0.6502	0.1910	0.3068
15	22	0.9985	0.2187	0.1744
15	27	0.9493	0.3277	0.4532
15	28	0.9994	0.7220	0.6384
16	17	0.9482	0.9620	0.5269
16	18	0.8998	0.9262	0.3089
16	19	0.9995	0.8477	0.6994
16	27	0.9970	0.8855	0.5045
16	28	0.9994	0.3378	0.7346
16	29	0.8992	0.3240	0.4223
17	18	0.9980	0.8537	0.5510
18	19	1.0000	0.7807	0.2616
18	20	1.0000	0.5486	0.4918
18	21	0.9988	0.8371	0.1539
18	22	0.5024	0.4810	0.0551
19	20	0.9984	0.7754	0.1586
19	21	0.9999	0.7413	0.4877
19	22	0.9492	0.8561	0.0715
19	27	0.7523	0.8360	0.2102
20	21	0.9994	0.2442	0.1028
20	22	0.9499	0.2023	0.0185
20	26	0.9996	0.1084	0.5978
20	27	1.0000	0.0987	0.0275
21	22	0.7002	0.7161	0.0268
21	26	0.9491	0.4257	0.7062
21	27	0.9984	0.5538	0.0647
22	23	0.9971	0.9826	0.6502
22	24	0.9999	0.8405	0.4252
22	25	0.9995	0.6185	0.5187
22	26	0.9989	0.2707	0.3403
22	27	1.0000	0.0373	0.6441
23	24	0.9995	0.8353	0.2630
24	25	0.9995	0.8908	0.5145
24	26	0.9001	0.8479	0.3218
25	26	0.7003	0.8934	0.5183
25	27	0.9971	0.9094	0.3749
26	27	0.9987	0.8169	0.1472
28	29	1.0000	0.5096	0.4222
