0	1	0.9989	0.9815	0.1552
0	2	0.9997	0.7054	0.8023
0	3	0.9996	0.9017	0.0102
0	16	0.6513	0.2707	0.9073
0	18	0.9502	0.1568	0.9610
0	22	0.9998	0.7215	0.4490
0	23	0.5500	0.4112	0.3156
1	2	0.9993	0.5771	0.3191
1	3	1.0000	0.0007	0.2160
1	20	1.0000	0.0154	0.5777
1	21	0.9974	0.5815	0.0447
2	3	0.9978	0.9744	0.4466
2	4	0.7996	0.5599	0.0559
2	19	1.0000	0.4591	0.5506
2	20	1.0000	0.6075	0.9965
2	21	0.9996	0.8483	0.5246
2	22	0.9994	0.9984	0.4409
3	4	0.9992	0.8686	0.0000
3	19	0.9996	0.6438	0.4716
3	20	1.0000	0.5604	0.9946
3	21	1.0000	0.6265	0.9545
3	22	1.0000	0.3939	0.5489
3	23	0.7985	0.7069	0.3385
4	5	0.7995	0.7788	0.7821
4	6	0.9993	0.9381	0.9916
4	19	0.9999	0.3017	0.6542
4	20	0.9997	0.0000	0.7353
4	21	0.9991	0.0202	0.7972
4	23	0.9977	0.7518	0.7317
5	6	0.9986	0.5677	0.9052
5	7	0.7009	0.0985	0.1909
5	19	0.9991	0.3352	0.6294
6	7	0.9000	0.1068	0.1694
6	16	0.6500	0.5243	0.6331
6	19	0.9999	0.7776	0.3918
7	8	0.9998	0.9369	0.7018
7	9	0.9004	0.8494	0.6191
7	10	0.9981	0.9463	0.7873
7	11	0.9994	0.2591	0.4266
7	12	0.9992	0.4241	0.7913
7	14	0.9500	0.8675	0.4850
7	15	0.9500	0.9295	0.2560
7	16	0.9982	0.5269	0.1262
7	24	1.0000	0.9024	0.1258
8	9	0.9996	0.8741	0.8045
8	10	0.9977	0.8065	0.6623
8	12	0.9994	0.8375	0.9861
8	14	0.9499	0.8365	0.7969
8	15	0.9989	0.7990	0.1911
8	16	0.8002	0.8263	0.2237
8	24	0.9994	0.6985	0.1954
9	10	0.9982	0.9481	0.8225
9	11	0.9995	0.2908	0.7643
9	12	0.9004	0.5552	0.7676
9	13	0.8993	0.8185	0.2855
9	14	0.8500	0.7732	0.6316
9	15	0.9998	0.7610	0.2115
9	16	0.9989	0.7215	0.1891
9	24	0.9982	0.4819	0.2228
10	11	0.9984	0.6328	0.7243
10	12	0.9470	0.8054	0.7649
10	13	0.6482	0.8520	0.2696
10	15	0.6998	0.2828	0.2512
10	16	0.8997	0.7224	0.4434
10	24	0.9988	0.5347	0.3299
11	12	0.9982	0.5952	0.4388
11	13	0.9986	0.5246	0.2903
11	14	0.9999	0.8369	0.2835
11	16	0.9501	0.7236	0.3717
12	13	0.9987	0.8851	0.3456
12	14	1.0000	0.9268	0.5124
12	15	0.9499	0.9863	0.1698
12	16	0.9999	0.5867	0.3196
12	24	0.9992	0.6962	0.2691
13	14	0.9996	0.4389	0.3870
13	16	0.9992	0.6407	0.1913
14	15	0.9988	0.8630	0.4154
14	16	0.9992	0.6330	0.1117
14	24	0.9997	0.7965	0.0731
15	16	0.9949	0.5552	0.0695
15	24	0.5509	0.3804	0.1558
16	17	1.0000	0.9549	0.3464
16	18	0.9993	0.8248	0.7033
16	24	0.9972	0.7887	0.6489
16	25	0.9987	0.9744	0.7159
16	26	0.9999	0.7577	0.6187
16	27	0.9987	0.9368	0.4889
17	18	1.0000	0.7398	0.1884
17	24	0.9997	0.6197	0.9130
17	25	0.9461	0.3485	0.0508
17	27	0.6504	0.3986	0.7668
18	22	0.9999	0.9726	0.9984
18	23	0.5500	0.9189	0.6784
18	24	1.0000	0.3267	0.5146
19	20	0.9982	0.9824	0.4191
19	21	1.0000	0.7095	0.3845
19	22	0.9999	0.1070	0.0309
19	23	0.9494	0.4738	0.8003
20	21	0.9985	0.9585	0.6058
21	22	0.9999	1.0000	0.0893
22	23	0.9996	0.9896	0.5727
24	27	0.9986	0.9890	0.8628
25	26	0.6001	0.7242	0.6152
25	27	0.9985	0.5613	0.6750
26	27	0.9997	0.8641	0.2413
