0	1	0.9994	0.9109	0.4278
0	2	0.8011	0.6305	0.4561
0	3	0.6498	0.7543	0.3670
0	5	0.5505	0.3545	0.4084
0	8	0.9990	0.5089	0.6163
0	9	0.8989	0.3603	0.3606
0	10	0.9991	0.4797	0.6204
0	14	0.9988	0.7332	0.4060
0	15	0.8492	0.4923	0.5821
0	16	0.8169	0.4501	0.4668
1	2	0.9983	0.6584	0.3664
1	3	0.8002	0.6796	0.5401
1	4	0.5999	0.5240	0.3819
1	5	0.9496	0.7793	0.5076
1	8	0.7994	0.5597	0.5479
1	10	0.6007	0.4983	0.5171
1	15	0.6997	0.4058	0.6397
2	3	0.9487	0.4824	0.6131
2	4	0.9497	0.4924	0.4677
2	5	0.9483	0.4346	0.4374
2	6	0.8991	0.5568	0.4016
2	7	0.9975	0.6774	0.6708
2	8	0.9983	0.5320	0.5578
2	9	0.7491	0.5117	0.4256
2	10	0.6501	0.4611	0.4487
3	4	0.9987	0.6100	0.3293
3	5	0.8502	0.5508	0.3744
3	6	0.6001	0.5452	0.2030
3	8	0.6496	0.5511	0.6166
4	5	0.9986	0.5571	0.4733
4	6	0.9988	0.4220	0.3319
4	7	0.8996	0.4528	0.4182
4	8	0.6000	0.5723	0.4120
5	6	0.9992	0.4874	0.3493
5	7	0.9491	0.6002	0.6341
5	8	0.5997	0.5387	0.6113
6	7	0.9995	0.5980	0.4395
6	8	0.9980	0.4646	0.5449
7	8	0.9988	0.4914	0.5049
7	9	0.9495	0.4919	0.4224
8	9	0.9996	0.8442	0.4386
8	10	0.9993	0.5931	0.5526
8	11	0.8496	0.7425	0.4584
8	14	0.5005	0.5873	0.4606
9	10	0.9984	0.5622	0.1301
9	11	0.9994	0.4240	0.6397
9	15	0.6188	0.7687	0.6409
10	11	0.9996	0.8245	0.3767
10	12	0.9990	0.8324	0.6470
10	13	0.6504	0.8204	0.5880
10	14	0.9985	0.5351	0.5802
10	15	0.9986	0.5123	0.6108
10	16	0.9994	0.5989	0.4479
11	12	0.8992	0.6115	0.3045
11	13	0.6003	0.4605	0.4383
11	14	0.7000	0.3645	0.1632
11	16	0.5011	0.4216	0.3338
12	13	0.9483	0.7748	0.5653
12	14	0.7499	0.4264	0.3040
12	15	0.7498	0.6816	0.6246
12	16	0.5502	0.8445	0.4733
13	14	0.7000	0.6737	0.3224
13	15	0.5505	0.5353	0.3483
13	16	0.9013	0.6580	0.4402
14	15	0.9990	0.6356	0.5604
14	16	0.9497	0.5861	0.3103
15	16	0.9999	0.5821	0.4538
