0	1	0.9991	0.9893	0.5614
0	2	0.9999	0.6195	0.3768
0	3	0.9998	0.5310	0.5492
0	4	0.9988	0.9791	0.4101
0	6	0.9988	0.8794	0.5310
0	7	0.9992	0.5924	0.6166
0	8	0.6877	0.6867	0.5053
0	9	0.9494	0.4572	0.6321
0	11	0.9996	0.3743	0.8170
0	12	0.9986	0.3328	0.6078
0	21	0.9999	0.1045	0.7895
1	2	0.9978	0.8759	0.0113
1	3	0.8006	0.4393	0.9385
1	6	0.5006	0.7948	0.1861
1	13	0.8479	0.7036	0.2495
1	18	0.8493	0.4843	0.6819
1	21	0.6002	0.6164	0.2238
1	23	0.6020	0.4522	0.7244
1	24	0.5995	0.5614	0.2734
1	25	0.5559	0.5345	0.0502
1	27	0.5500	0.6655	0.3700
1	28	0.8004	0.6511	0.5410
2	3	0.9981	0.4821	0.2126
2	4	0.7506	0.0424	0.8262
2	7	0.9484	0.5437	0.1861
2	9	0.8500	0.3778	0.5835
2	12	0.9992	0.2770	0.8141
2	13	0.6510	0.1134	0.3171
2	18	0.6505	0.2127	0.6261
2	21	0.9993	0.4081	0.3166
2	22	0.6501	0.5733	0.6994
2	28	0.9500	0.2309	0.3835
3	4	0.9988	0.9553	0.4599
3	5	0.6506	0.8833	0.4769
3	6	0.9992	0.7805	0.4971
3	7	0.9990	0.5065	0.5563
3	8	0.7488	0.7682	0.5974
3	9	0.9984	0.3126	0.6661
3	11	0.9989	0.6100	0.7917
3	12	0.6008	0.3213	0.4353
3	21	0.6010	0.1122	0.8013
4	5	0.9993	0.8392	0.4810
4	6	0.8498	0.7401	0.2886
4	7	0.9991	0.6796	0.6169
4	9	0.5503	0.5615	0.8249
5	6	0.8978	0.9041	0.1656
5	7	0.7497	0.5063	0.4783
6	7	0.9996	0.6754	0.3119
6	8	0.9492	0.5521	0.7151
6	9	0.9984	0.6059	0.3748
6	12	0.7488	0.7636	0.2592
6	28	0.5517	0.2422	0.6995
7	8	0.9978	0.8463	0.7551
7	9	0.9501	0.4246	0.3710
7	11	0.8994	0.8430	0.7310
7	12	0.6907	0.5639	0.3162
8	9	0.9984	0.5632	0.4671
8	11	0.9980	0.7710	0.7595
8	12	0.9975	0.7081	0.0914
9	11	0.9999	0.5893	0.6737
9	12	0.9988	0.4393	0.4591
9	21	0.9493	0.6087	0.7576
10	11	0.9964	0.8793	0.0306
10	14	0.5006	0.3499	0.4869
10	17	0.5003	0.6554	0.5867
11	12	1.0000	0.6996	0.3456
11	17	0.9477	0.7256	0.6142
11	18	0.6501	0.4652	0.1234
12	13	0.5013	0.9785	0.0337
12	17	0.7998	0.1912	0.6963
12	18	0.9000	0.6194	0.3965
12	21	0.9992	0.5963	0.7308
12	22	0.6504	0.3204	0.4112
13	14	0.8004	0.5668	0.4847
13	18	0.5005	0.2875	0.5224
13	21	0.6011	0.5062	0.1974
13	28	0.9000	0.4935	0.2505
14	15	0.9987	0.6267	0.5725
14	16	0.8003	0.7681	0.3825
14	19	0.6003	0.5496	0.3751
15	16	0.5003	0.3232	0.3425
16	18	0.8011	0.5919	0.3443
16	28	0.8003	0.4635	0.6334
17	18	0.8502	0.6844	0.2305
18	21	0.5508	0.2451	0.5412
18	22	0.5006	0.2315	0.5013
18	23	0.8995	0.5805	0.5935
18	24	0.7508	0.5502	0.3626
18	25	0.9489	0.5516	0.4786
18	26	0.5513	0.4466	0.4304
18	28	0.8497	0.4052	0.5550
19	20	0.8502	0.6213	0.4869
19	23	0.8995	0.2593	0.8691
19	24	0.9478	0.4601	0.6051
19	25	0.5702	0.0799	0.3767
20	23	0.5000	0.4039	0.8875
20	24	0.6009	0.2624	0.4584
21	22	0.9986	0.9250	0.6316
21	23	0.8501	0.6705	0.2524
21	24	0.7001	0.6294	0.3482
22	23	0.9001	0.7063	0.0273
22	24	0.5021	0.7581	0.1615
22	28	0.5510	0.5610	0.5626
23	24	0.9990	0.7791	0.5945
23	25	0.9991	0.6823	0.5804
23	26	0.7500	0.4873	0.5252
23	28	0.8498	0.4410	0.6080
24	25	0.9994	0.4821	0.3966
24	26	0.9984	0.4929	0.5684
24	27	0.7997	0.3792	0.2015
24	28	0.9496	0.5901	0.4816
25	26	0.9989	0.4373	0.5515
26	27	0.9973	0.9425	0.0635
26	28	0.8001	0.5605	0.4660
27	28	0.8495	0.6260	0.4824
