0	1	1.0000	0.6205	0.5153
0	2	0.6002	0.5436	0.5534
0	3	0.9503	0.5778	0.4930
1	2	0.8999	0.8354	0.4198
1	3	0.6491	0.5003	0.5519
1	4	0.6508	0.6697	0.4526
2	3	0.9496	0.6114	0.5836
3	4	0.9004	0.6036	0.4494
4	5	0.9501	0.5481	0.5245
5	6	0.9501	0.5398	0.5181
5	7	0.7502	0.5950	0.4650
5	8	0.8004	0.5455	0.3880
6	7	0.7503	0.6238	0.5658
6	8	0.8002	0.6125	0.4955
6	10	0.5507	0.6391	0.4610
7	8	0.8501	0.5844	0.7386
7	10	0.6999	0.6636	0.5594
8	9	0.6507	0.4610	0.5742
9	10	0.9494	0.7514	0.4402
9	15	0.7008	0.5434	0.5663
10	11	0.9509	0.8644	0.4117
10	12	0.6960	0.5961	0.3170
10	13	0.7001	0.5841	0.5764
10	14	0.8003	0.7391	0.2901
10	15	0.7503	0.7367	0.6128
10	16	0.8498	0.5730	0.4318
11	12	0.9980	0.6106	0.1370
11	14	0.5004	0.4612	0.2319
11	15	0.6161	0.6553	0.7049
12	13	0.9996	0.8029	0.2906
12	14	0.9978	0.4064	0.4815
12	15	0.9972	0.4653	0.6276
12	16	0.9991	0.3843	0.2858
12	20	0.9487	0.4551	0.5754
13	14	0.9995	0.6166	0.4676
13	15	0.9994	0.5041	0.5539
13	16	0.6025	0.5779	0.3504
14	15	0.9978	0.5230	0.6291
14	16	0.8000	0.2564	0.2006
15	16	0.9001	0.9175	0.2303
16	17	1.0000	0.8403	0.2432
16	18	0.8496	0.6491	0.5829
17	18	0.9001	0.6914	0.3287
17	22	0.7009	0.3651	0.7377
18	19	0.8998	0.8457	0.2157
18	20	0.7508	0.7129	0.3126
18	21	0.8494	0.7847	0.6646
18	22	1.0000	0.4556	0.6495
19	21	0.8999	0.4651	0.3953
20	21	0.8003	0.6312	0.5476
22	23	0.6508	0.7076	0.4863
