0	1	1.0000	0.9833	0.1917
0	4	0.9999	0.5786	0.7809
0	5	0.9998	0.5286	0.4845
0	6	1.0000	0.8417	0.3169
0	7	0.9996	0.5331	0.4735
0	10	0.7007	0.6152	0.3623
0	12	0.5011	0.5733	0.6960
0	13	0.8499	0.4221	0.4530
0	14	0.9000	0.5086	0.6368
1	2	1.0000	0.7692	0.4672
1	3	0.9431	0.6260	0.5245
1	4	0.9001	0.6166	0.5151
1	5	0.9999	0.1724	0.8182
2	3	0.7504	0.8353	0.3820
2	4	0.9001	0.4586	0.6714
2	6	0.9996	0.3708	0.6829
3	6	0.6001	0.2968	0.3363
4	5	0.9999	0.8753	0.2653
4	6	1.0000	0.7899	0.5224
4	7	0.5011	0.7526	0.2965
4	19	0.5011	0.7280	0.3982
5	6	1.0000	0.6080	0.3890
5	7	0.8975	0.4689	0.4151
5	8	0.5010	0.8544	0.4564
5	9	0.9500	0.7896	0.7202
5	10	0.7986	0.5848	0.4692
5	14	0.6505	0.6170	0.6989
6	7	1.0000	0.4733	0.4388
6	8	0.6157	0.1476	0.4092
6	9	0.9500	0.2439	0.7059
6	10	0.9494	0.2501	0.5340
6	12	0.8998	0.3196	0.7358
6	13	0.5002	0.4884	0.8721
7	8	0.9500	0.9164	0.5538
7	9	0.9996	0.7272	0.6822
7	10	0.9997	0.6062	0.4910
7	11	0.9993	0.8928	0.5437
7	12	0.9997	0.5578	0.6624
7	13	0.9979	0.3593	0.4716
7	14	0.9997	0.5635	0.8323
7	15	0.9992	0.5592	0.7280
8	9	0.9993	0.8769	0.1225
8	10	0.9498	0.6565	0.7170
8	11	0.5512	0.3026	0.4996
8	12	0.5514	0.4004	0.4550
9	10	0.9991	0.8563	0.1461
9	11	0.6527	0.5013	0.3772
10	11	0.9487	0.9360	0.3839
10	12	0.9992	0.4400	0.7383
10	13	0.5502	0.4098	0.2912
10	14	0.6505	0.6090	0.6050
10	15	0.5506	0.5197	0.5779
11	12	1.0000	0.6470	0.5041
11	13	0.8989	0.7040	0.6577
11	14	0.7003	0.6414	0.3698
11	15	0.9997	0.6146	0.4591
11	18	0.6503	0.4474	0.3843
12	13	0.9996	0.6876	0.3135
12	14	1.0000	0.6208	0.6749
12	15	0.9998	0.4961	0.5095
13	14	0.9984	0.7232	0.6691
13	15	0.9989	0.4360	0.5326
13	16	0.6996	0.4455	0.5291
14	15	1.0000	0.7027	0.5369
14	16	0.6042	0.7476	0.2120
14	18	0.9499	0.7121	0.4064
15	16	0.8550	0.8262	0.5634
15	17	0.6506	0.4664	0.4883
15	18	0.9994	0.6377	0.7241
16	17	0.8000	0.6146	0.3166
16	18	0.5006	0.3018	0.5134
17	18	0.9987	0.7735	0.5446
17	19	0.8991	0.4985	0.4878
17	20	0.9465	0.3907	0.4936
18	19	0.9493	0.6713	0.2145
18	20	0.5510	0.6676	0.6982
19	20	0.9972	0.4050	0.5302
20	21	0.9995	0.7166	0.2513
20	22	0.9497	0.6247	0.5002
20	23	0.9992	0.5179	0.3707
20	24	0.8999	0.5300	0.3359
20	28	0.8002	0.7167	0.5045
21	22	0.5501	0.5965	0.3191
22	23	0.9996	0.8822	0.5116
22	24	0.9997	0.4096	0.6696
22	26	0.8507	0.6252	0.2379
22	28	0.9489	0.4063	0.3780
22	36	0.5510	0.3401	0.2442
23	24	0.9995	0.6839	0.2477
23	28	0.8500	0.5849	0.7906
24	25	0.9970	0.8562	0.4654
24	26	0.9990	0.4228	0.5324
24	27	0.9497	0.6939	0.4481
24	28	1.0000	0.6993	0.5009
24	30	0.5519	0.7107	0.4576
24	36	0.7501	0.5345	0.3725
25	27	0.9480	0.9096	0.8690
25	28	0.8495	0.7507	0.2701
26	27	0.9996	0.7957	0.3576
26	28	0.9498	0.3684	0.6981
26	29	0.9496	0.7326	0.2231
26	30	0.6004	0.5939	0.6089
26	31	0.7499	0.7437	0.2685
27	28	1.0000	0.8256	0.3992
27	29	0.9463	0.5068	0.5611
27	30	0.9998	0.8116	0.4753
27	31	0.9977	0.5036	0.6164
27	32	0.9998	0.6942	0.6328
27	33	0.9992	0.5296	0.3097
27	34	0.7995	0.8458	0.5536
27	35	0.8000	0.5696	0.5285
27	36	0.5492	0.5692	0.5839
28	29	1.0000	0.4970	0.5758
28	30	0.5495	0.3928	0.3963
28	31	0.9499	0.3369	0.5498
28	35	0.7996	0.2014	0.7623
29	30	0.9994	0.7787	0.6136
29	31	0.9491	0.5143	0.5516
29	32	0.9994	0.7814	0.6270
30	31	1.0000	0.6475	0.6387
30	32	0.9996	0.4272	0.7344
30	33	0.5524	0.3579	0.2401
31	32	0.9992	0.8172	0.7317
31	33	0.9489	0.4896	0.2821
31	34	0.5500	0.7623	0.4525
31	35	0.8499	0.7009	0.4811
32	33	0.9992	0.7136	0.2388
32	34	0.9506	0.5215	0.6490
32	35	0.9984	0.4640	0.2250
33	34	0.9990	0.7447	0.4136
33	35	0.9493	0.7127	0.4502
34	35	0.9999	0.6396	0.4732
34	36	0.6004	0.4729	0.5198
35	36	0.9992	0.7742	0.5969
35	37	0.9498	0.6957	0.4299
35	38	0.9494	0.6508	0.3742
35	39	0.9992	0.5832	0.5590
36	37	0.9993	0.5878	0.3291
36	38	0.8996	0.4166	0.4313
36	39	0.9990	0.3334	0.7264
37	38	0.7506	0.5576	0.3914
37	39	0.5003	0.3814	0.5805
38	39	0.8041	0.6136	0.3569
