0	2	0.7501	0.6780	0.3799
0	12	0.8486	0.8038	0.3937
0	13	0.9496	0.7320	0.3690
0	14	0.6015	0.4665	0.2757
1	2	0.9999	0.5033	0.4224
1	3	0.9987	0.4263	0.3945
1	4	0.7500	0.4743	0.3206
1	6	0.9992	0.6308	0.4172
1	7	0.5507	0.2947	0.2572
1	12	0.9490	0.3971	0.6167
1	13	0.9479	0.4878	0.3958
2	3	0.9993	0.6250	0.4890
2	4	0.6004	0.5347	0.2575
2	6	0.9981	0.5797	0.5837
2	7	0.9985	0.4372	0.5576
2	12	0.9980	0.5488	0.6730
2	13	0.9998	0.4943	0.6932
2	14	0.5007	0.4549	0.2538
3	4	0.7999	0.7647	0.2664
3	6	0.9976	0.5284	0.5774
3	7	0.9004	0.4995	0.3882
3	12	0.9986	0.4315	0.5558
3	13	0.9990	0.5320	0.5868
3	14	0.9994	0.5847	0.2462
4	5	0.9493	0.8783	0.1815
4	6	0.9987	0.4506	0.5388
4	12	0.5003	0.4452	0.5326
4	13	0.9493	0.3604	0.8293
4	14	0.9986	0.6706	0.5152
5	6	0.9969	0.9352	0.1288
5	11	0.9492	0.1274	0.9013
5	14	0.9991	0.5706	0.5070
6	7	0.9996	0.5716	0.5074
6	9	0.6996	0.4369	0.9233
6	10	0.9988	0.6680	0.6004
6	12	0.9989	0.6125	0.5635
6	13	0.9997	0.7764	0.5701
6	14	0.9993	0.8145	0.2362
7	8	0.9988	0.9852	0.6093
7	9	0.9999	0.6875	0.5553
7	10	0.9993	0.6476	0.6484
7	12	1.0000	0.6313	0.5080
7	13	0.9995	0.4879	0.5582
7	14	0.8489	0.5632	0.2125
8	9	0.9990	0.9086	0.1143
8	10	0.8510	0.6772	0.7608
8	12	0.5007	0.6911	0.6314
8	13	0.6495	0.6511	0.5432
9	10	0.9991	0.5417	0.6017
9	12	0.9997	0.7056	0.4048
9	13	0.7498	0.5998	0.2933
10	11	0.7003	0.8598	0.0493
10	12	1.0000	0.6561	0.5414
10	13	0.9993	0.6037	0.6210
10	14	0.8994	0.9325	0.3497
11	14	0.9482	0.6292	0.6396
12	13	1.0000	0.5425	0.5325
12	14	0.9977	0.3584	0.3601
13	14	0.8501	0.6490	0.1982
