0	1	0.9989	0.7428	0.5735
0	2	0.9998	0.6347	0.4338
0	3	0.5505	0.9260	0.2746
0	4	0.8003	0.7983	0.7374
0	5	0.9997	0.7043	0.5298
0	6	0.9998	0.7921	0.8924
0	7	0.9998	0.6248	0.4766
0	8	0.5996	0.9919	0.3967
1	2	0.9997	0.7270	0.2063
1	3	0.9502	0.0668	0.8590
1	4	1.0000	0.4639	0.5848
1	5	0.9965	0.6853	0.0083
1	7	0.9992	0.7497	0.6974
1	10	0.9498	0.4442	0.8449
1	14	0.6047	0.4013	0.2997
1	27	0.7503	0.7273	0.5783
1	28	0.9997	0.8104	0.4184
1	31	0.5508	0.6023	0.3079
2	3	0.9498	0.9022	0.3466
2	4	0.9999	0.8094	0.4974
2	5	0.9989	0.6188	0.6100
2	6	0.9990	0.7487	0.6514
2	7	0.9988	0.4815	0.5697
3	4	1.0000	0.8203	0.2354
3	5	0.9991	0.7120	0.7071
4	5	0.9993	0.7447	0.1722
5	6	0.9983	0.9463	0.6371
6	7	0.9992	0.8748	0.4440
6	8	1.0000	0.1378	0.7485
6	9	0.9999	0.6055	0.7049
6	29	0.7002	0.4061	0.4957
6	30	0.5000	0.4453	0.5707
6	31	0.5914	0.4915	0.6402
7	8	0.9984	0.9970	0.6248
7	9	0.9490	0.4386	0.6211
7	10	0.9999	0.7322	0.3771
7	27	0.5503	0.5577	0.8109
8	9	0.9497	0.8755	0.2356
8	10	0.9491	0.5389	0.8255
8	12	0.7006	0.6666	0.7405
9	10	0.9972	0.6249	0.0241
10	11	0.9998	0.9819	0.2472
10	13	0.5502	0.8562	0.5636
10	14	0.9990	0.7035	0.3411
10	27	0.9995	0.6201	0.8512
10	28	0.9470	0.4936	0.7497
11	12	0.9999	0.6866	0.5292
11	13	0.9493	0.2799	0.8940
11	14	0.9989	0.6381	0.3093
11	15	0.6502	0.5576	0.7774
11	16	0.8501	0.5186	0.5796
12	13	0.8999	0.7894	0.4611
12	14	0.8990	0.6433	0.4136
13	14	0.5504	0.9571	0.1954
14	15	0.9984	0.8612	0.4083
14	16	0.9999	0.5770	0.6496
14	29	0.5614	0.6711	0.4371
15	16	0.6513	0.5910	0.3740
16	17	0.9996	0.7082	0.5308
16	18	0.9501	0.6409	0.4741
17	18	0.9992	0.4934	0.4166
17	19	0.9981	0.4656	0.2029
17	20	0.5505	0.3707	0.5331
17	22	0.6002	0.2463	0.4857
17	23	0.8499	0.5481	0.6029
17	24	0.9978	0.6592	0.3966
17	25	0.7003	0.5848	0.4254
18	19	0.9971	0.9771	0.0635
18	20	0.9491	0.5311	0.7829
18	21	0.6498	0.5686	0.3936
18	22	0.5005	0.7032	0.4491
18	23	0.8995	0.7686	0.5105
18	24	0.9981	0.8206	0.5519
18	25	0.8478	0.6017	0.4999
19	20	0.9977	0.7510	0.2739
19	21	0.9979	0.6835	0.6781
19	22	0.9998	0.6665	0.6447
19	23	1.0000	0.6720	0.8648
19	24	0.9991	0.6230	0.6485
20	21	0.7984	0.7909	0.3008
20	22	0.9498	0.3189	0.6048
20	23	0.9995	0.4875	0.5610
20	24	0.6497	0.5585	0.3197
21	22	0.9489	0.4467	0.5313
21	23	0.8005	0.5913	0.4421
21	24	0.7488	0.5188	0.2676
21	25	0.5503	0.3179	0.5823
22	23	0.9496	0.5818	0.4327
22	24	0.5002	0.4991	0.4222
23	24	0.9495	0.7829	0.4132
24	25	0.9985	0.5203	0.3940
26	27	0.8500	0.9002	0.2295
26	28	0.9479	0.9361	0.4027
26	29	0.8485	0.7943	0.5062
26	31	0.7996	0.6640	0.7197
27	28	0.9980	0.7080	0.1831
27	29	0.7993	0.2855	0.5841
28	29	0.9989	0.5301	0.4703
28	30	0.7498	0.2338	0.4927
28	31	0.9991	0.3831	0.3582
29	30	0.9988	0.6012	0.5786
29	31	0.9004	0.7361	0.7046
30	31	0.8996	0.6474	0.5835
