0	1	0.9966	0.8395	0.0083
0	3	0.9975	0.9193	0.0033
0	6	0.6520	0.7225	0.0875
0	9	0.9482	0.7501	0.0420
0	11	0.9483	0.7567	0.0240
0	13	0.9972	0.8256	0.0696
0	17	0.9991	0.9478	0.1216
0	19	0.9984	0.9524	0.0325
0	22	0.5485	0.4390	0.8063
1	2	0.9982	0.8609	0.9234
1	3	0.9996	0.4783	0.4230
1	5	0.9993	0.9397	0.8138
1	6	0.9992	0.4913	0.3088
1	9	0.9987	0.4208	0.4863
1	13	0.9481	0.3520	0.7574
1	17	0.9973	0.5049	0.8001
1	19	0.9967	0.6786	0.8824
1	22	0.9989	0.2729	0.8704
2	3	0.9995	0.7569	0.2491
2	5	0.9999	0.2076	0.9158
2	6	0.5502	0.8313	0.0704
2	20	0.9967	0.9213	0.0700
2	21	0.9985	0.8367	0.8707
2	22	0.9979	0.9671	0.5361
3	5	0.9973	0.7914	0.7091
3	6	1.0000	0.5778	0.4144
3	9	0.9990	0.6185	0.5270
3	11	0.9979	0.8090	0.7334
3	13	0.9975	0.7023	0.7394
3	17	0.9996	0.5434	0.7495
3	19	0.9992	0.4357	0.7738
3	22	0.9999	0.0383	0.8956
4	5	0.9979	0.9567	0.0743
4	6	0.9993	0.4408	0.9951
4	7	0.9992	0.1461	0.4561
4	8	0.9982	0.2325	0.3988
5	6	1.0000	0.8374	0.2114
5	8	0.9998	0.3564	0.9672
5	9	0.9814	0.9448	0.0560
5	22	0.6504	0.8122	0.5550
6	8	0.9985	0.8768	0.8578
6	9	0.9997	0.6212	0.5916
6	11	0.9998	0.8033	0.4376
6	13	0.9994	0.6908	0.4601
6	17	0.9993	0.5928	0.5097
6	19	0.9977	0.3229	0.4906
7	8	0.9991	0.5176	0.2388
7	10	0.8500	0.5770	0.1946
8	9	0.9989	0.9199	0.5047
8	10	0.9495	0.4694	0.7489
8	11	0.9490	0.7850	0.0351
9	10	0.9992	0.9970	0.8834
9	11	0.9996	0.7468	0.4634
9	13	1.0000	0.6885	0.4193
9	17	0.9995	0.7294	0.4784
10	11	1.0000	0.7003	0.2211
10	12	0.8994	0.2998	0.6082
10	13	0.9975	0.8372	0.0207
11	12	0.9484	0.9012	0.4024
11	13	0.9998	0.5083	0.4592
11	17	0.9997	0.6338	0.3824
11	19	0.5478	0.6015	0.1960
12	13	0.9999	0.4501	0.5292
12	16	0.9989	0.4176	0.5060
12	17	0.6512	0.3863	0.0244
13	14	0.5494	0.8907	0.3904
13	16	0.9971	0.7742	0.6237
13	17	0.9990	0.5023	0.4970
13	18	0.7004	0.9686	0.5673
13	19	0.9998	0.6971	0.4101
14	15	0.9997	0.8187	0.8557
14	16	0.9997	0.7820	0.1263
14	17	0.9999	0.5274	0.9832
14	18	0.9990	0.6013	0.2798
15	16	0.9965	0.7051	0.0522
15	18	0.9970	0.6249	0.2366
16	17	0.9987	0.7027	0.1046
16	18	0.9995	0.2273	0.6435
17	18	0.9968	0.9787	0.6643
17	19	0.9997	0.6995	0.4301
17	22	0.9998	0.9965	0.7932
18	19	1.0000	0.6906	0.5530
18	22	0.9500	0.4680	0.6905
19	20	0.8997	0.9976	0.1664
19	21	0.5002	0.9156	0.6934
19	22	0.9992	0.9534	0.7502
20	21	0.9496	0.5550	0.9431
20	22	0.9476	0.3552	0.2380
21	22	0.9997	0.9479	0.2891
