0	1	0.8499	0.8628	0.2562
0	2	0.9997	0.6258	0.6148
0	3	0.8505	0.5564	0.3957
0	4	0.7505	0.5895	0.4333
0	17	0.5011	0.5112	0.6514
1	2	0.8999	0.4696	0.3602
1	7	0.6005	0.2933	0.6177
2	3	0.9988	0.9344	0.2006
2	4	0.9001	0.7714	0.5235
2	5	0.7506	0.7219	0.3965
2	6	0.8001	0.7500	0.4651
2	7	0.9998	0.5959	0.7534
2	8	0.5000	0.8124	0.2477
2	13	0.5008	0.5985	0.3469
2	24	0.5006	0.5475	0.5198
3	4	0.9995	0.5922	0.5304
3	6	0.6007	0.4867	0.3014
3	17	0.5008	0.4536	0.5742
3	18	0.5505	0.2138	0.3477
4	5	0.8494	0.8583	0.5801
4	6	0.9493	0.9617	0.1687
4	8	0.8503	0.8578	0.4712
4	11	0.5505	0.9122	0.6806
4	12	0.7002	0.6823	0.6185
5	6	0.7997	0.5748	0.1221
6	7	0.9994	0.6431	0.6183
6	9	0.7537	0.6762	0.4079
6	11	0.9998	0.5309	0.6093
6	13	0.6510	0.6639	0.4128
6	14	0.7001	0.6096	0.5183
6	15	0.5004	0.6466	0.6763
7	8	0.7492	0.8706	0.3697
7	9	0.7500	0.4949	0.4499
7	10	0.5004	0.4652	0.4634
7	12	0.5509	0.7576	0.4179
7	13	0.5509	0.3630	0.4216
8	9	0.7496	0.7755	0.2922
8	11	0.9494	0.7622	0.8961
8	12	0.8503	0.5570	0.4128
8	13	0.6499	0.5175	0.2260
9	10	0.9496	0.6885	0.7485
9	11	1.0000	0.5803	0.4478
9	12	0.7998	0.3069	0.6989
10	11	0.9988	0.7503	0.3161
10	15	0.5008	0.6934	0.5081
11	12	0.9991	0.8700	0.3345
12	13	0.8000	0.7118	0.2097
13	14	0.9500	0.8253	0.4642
13	15	1.0000	0.7060	0.5476
13	16	0.5017	0.5526	0.3533
14	15	0.9985	0.7724	0.5469
15	16	0.9499	0.8613	0.3580
16	17	0.6521	0.6044	0.3807
16	18	0.6495	0.6885	0.3610
17	18	0.9494	0.5618	0.3951
17	19	0.6999	0.5533	0.5047
17	20	0.5540	0.3203	0.2548
18	19	0.8975	0.4171	0.6113
18	20	0.9981	0.3858	0.1056
18	22	0.5507	0.4698	0.5145
18	24	0.6996	0.5127	0.4793
19	20	0.9996	0.7750	0.2345
19	24	0.5020	0.4756	0.5303
20	21	0.9998	0.7689	0.4803
20	22	1.0000	0.6593	0.5421
20	23	0.6011	0.6871	0.4641
21	22	0.9999	0.5392	0.4046
21	23	0.7016	0.6454	0.5129
22	23	0.9992	0.6618	0.6038
22	24	0.8501	0.5796	0.4310
22	25	0.8499	0.5890	0.5545
23	24	0.9494	0.5961	0.6156
24	25	0.9996	0.7797	0.6004
