0	1	0.9991	0.9996	0.0920
0	2	0.9992	0.5501	0.6705
0	3	0.9997	0.4194	0.3017
0	7	0.9989	0.0667	0.2731
0	9	1.0000	0.4040	0.6192
0	10	0.9986	0.0237	0.5349
0	11	0.9990	0.8249	0.0023
1	2	0.9981	0.5143	0.0896
1	7	0.9985	0.8325	0.9994
1	11	0.9994	0.4658	0.5505
1	14	1.0000	0.6754	0.9998
2	3	0.9994	0.5494	0.3261
2	6	0.9994	0.4114	0.4513
2	7	0.9998	0.5061	0.4815
2	8	0.5058	0.0011	0.9888
2	9	0.9985	0.5749	0.4659
2	10	0.9998	0.8930	0.9926
2	11	0.9994	0.2727	0.1988
3	4	0.9990	0.5104	0.4799
3	5	1.0000	0.0003	0.0000
3	6	0.9994	0.5066	0.2577
3	7	0.9993	0.2802	0.4454
3	8	1.0000	0.7793	0.8549
3	9	0.9995	0.5346	0.4948
3	10	1.0000	0.6357	0.9987
3	11	1.0000	0.4886	0.0269
4	5	0.9961	0.8854	0.5266
4	6	0.9987	0.6768	0.1171
4	7	0.9947	0.6710	0.6494
4	8	0.7515	0.1414	0.8851
4	9	0.9983	0.5137	0.3252
5	6	1.0000	0.9436	0.1081
6	7	0.9997	0.4478	0.5304
6	8	0.9998	0.0000	0.9998
6	9	1.0000	0.0009	0.2403
6	11	1.0000	0.0000	0.6398
7	8	1.0000	1.0000	1.0000
7	9	1.0000	0.7822	0.3498
7	11	0.9992	0.9995	0.4956
8	9	1.0000	0.9417	0.1495
8	11	1.0000	0.6377	0.8449
9	10	0.9978	0.8202	0.6647
9	11	0.9997	0.1351	0.2288
11	14	0.9999	0.8811	1.0000
12	14	1.0000	0.4849	0.5508
12	15	0.9977	0.7812	0.6002
12	17	0.9999	0.7235	0.5465
12	21	0.9994	0.4533	0.4807
12	22	0.9995	0.6117	0.5225
13	14	0.9978	0.5758	0.0320
13	19	0.6484	0.7919	0.2503
13	20	0.9993	0.9373	0.4673
14	15	0.9996	0.4913	0.4379
14	16	0.9004	0.1058	0.9902
14	17	1.0000	0.4677	0.7032
14	18	0.7502	0.3987	0.9785
14	19	0.9991	0.1831	0.5556
14	20	0.9976	0.0499	0.5851
14	21	0.9999	0.5516	0.5490
14	22	1.0000	0.4134	0.6333
15	16	0.9997	0.9282	0.6210
15	17	1.0000	0.7195	0.4803
15	18	0.9990	0.9379	0.7457
15	19	0.9998	0.9001	0.4642
15	20	0.9996	0.9941	0.4578
15	21	0.9996	0.5353	0.4870
15	22	0.9999	0.6881	0.4698
16	17	0.9984	0.9622	0.8298
16	19	0.9996	0.7154	0.4493
16	20	0.8000	0.9503	0.4820
16	21	0.8460	0.4408	0.1342
17	18	0.9980	0.5947	0.9502
17	19	0.8993	0.5248	0.6012
17	20	0.9993	0.7848	0.8491
17	21	0.9991	0.4485	0.4230
19	20	1.0000	0.8633	0.7985
19	21	0.9996	0.5701	0.2253
20	21	0.9996	0.8675	0.0353
20	22	1.0000	0.7680	0.9958
21	22	0.9999	0.4503	0.4175
