0	1	0.9500	0.7528	0.4853
0	2	0.9976	0.4331	0.5426
0	3	0.9979	0.4822	0.6305
0	5	0.9994	0.5420	0.4022
1	2	0.9983	0.6888	0.4017
1	3	0.9993	0.8076	0.6144
1	4	0.6992	0.7736	0.3126
1	5	0.9500	0.8493	0.4122
1	6	0.9992	0.6755	0.4129
1	7	0.7999	0.5645	0.7170
1	8	0.5503	0.5572	0.4080
2	3	0.9998	0.7587	0.5000
2	5	0.7001	0.4868	0.2875
3	4	0.7981	0.6817	0.4990
3	5	0.8985	0.8830	0.5536
3	6	0.9983	0.6826	0.6751
3	7	0.6998	0.6272	0.6140
4	5	0.9485	0.7118	0.5422
4	6	0.9490	0.6591	0.3887
4	7	0.6496	0.4593	0.6831
4	13	0.9976	0.6671	0.5788
5	6	0.9979	0.5176	0.1875
5	7	1.0000	0.3983	0.8570
5	8	0.7010	0.5889	0.4400
5	13	0.9997	0.5961	0.7033
6	7	0.9993	0.6148	0.4732
6	8	0.9496	0.5480	0.3980
6	10	0.8001	0.5593	0.2587
6	13	0.9994	0.5093	0.5066
7	8	0.8014	0.5296	0.3804
7	13	0.9987	0.4759	0.5892
8	9	0.9982	0.6156	0.6376
8	10	0.9498	0.5850	0.5181
8	12	0.8998	0.5699	0.7308
8	13	0.9985	0.4854	0.5504
9	10	0.9988	0.6570	0.6037
9	12	0.8995	0.3239	0.5101
9	13	0.9995	0.5739	0.5487
10	11	0.9988	0.9836	0.3751
10	12	0.9982	0.8843	0.2013
10	13	0.9993	0.4274	0.5710
11	12	0.9994	0.6427	0.2590
12	13	0.8992	0.5244	0.2688
