0	1	0.9969	0.8195	0.4642
0	2	0.9998	0.5818	0.3377
0	3	0.7491	0.9818	0.2846
0	4	0.5021	0.9297	0.5401
0	5	1.0000	0.6955	0.4026
0	6	0.9986	0.7734	0.5968
0	7	0.9999	0.6712	0.3975
0	10	0.9999	0.8101	0.8101
0	11	0.9990	0.8404	0.4642
0	14	0.9999	0.4744	0.9466
1	2	1.0000	0.6593	0.2548
1	3	0.9999	0.0910	0.9984
1	4	0.9999	0.6223	0.6241
1	5	0.9114	0.6571	0.0058
1	7	1.0000	0.3728	0.8127
1	11	1.0000	0.2068	0.9699
1	13	0.9999	0.0847	0.9867
1	14	0.9980	0.3897	0.2168
1	15	0.8502	0.2284	0.8221
2	3	0.9957	0.9782	0.5260
2	4	0.9997	0.6515	0.3700
2	5	0.9996	0.5533	0.4271
2	6	0.9991	0.6098	0.6297
2	10	0.6497	0.5377	0.5979
2	14	0.9992	0.0494	0.8645
3	4	0.9971	0.7266	0.1075
3	5	0.9486	0.5062	0.8995
4	5	0.9957	0.5003	0.0743
5	6	0.9991	0.6856	0.5863
5	10	0.6002	0.7730	0.8584
6	7	0.9984	0.5011	0.2506
6	10	0.9992	0.4607	0.7907
7	10	1.0000	0.4235	0.6434
7	11	0.9999	0.5338	0.5101
7	12	0.9988	0.9887	0.6720
7	13	0.9999	0.6681	0.4979
7	14	0.9998	0.6508	0.8625
8	9	0.9984	0.8254	0.2006
8	10	0.9502	0.0332	0.0263
8	12	0.9987	0.2096	0.2789
9	10	0.9970	0.8439	0.0559
9	12	0.9977	0.2359	0.2483
10	11	0.9983	0.5243	0.1472
10	12	0.9998	0.4047	0.7754
10	13	0.9967	0.6693	0.0603
11	12	0.9974	0.8790	0.6309
11	13	0.9998	0.5869	0.4364
11	14	0.9990	0.7292	0.6767
11	15	0.9981	0.4333	0.3606
12	13	0.9999	0.6536	0.2733
13	14	0.9987	0.7910	0.5432
13	15	0.9992	0.5106	0.3290
14	15	0.9993	0.7916	0.5058
