0	1	0.9981	0.9924	0.4089
0	2	0.9499	0.7709	0.4273
0	4	0.9988	0.3268	0.6195
0	5	0.9498	0.5281	0.5540
0	6	0.9996	0.4372	0.5463
0	7	0.9994	0.5929	0.5260
0	8	0.9987	0.5383	0.5974
0	11	0.9997	0.3872	0.8379
1	2	0.9974	0.8732	0.0217
1	4	0.7530	0.8385	0.0258
1	5	0.9995	0.6404	0.8161
1	6	0.9983	0.6724	0.6091
1	8	0.9991	0.3322	0.9955
1	9	0.5000	0.4717	0.3823
1	11	0.5502	0.7346	0.7030
2	3	0.6003	0.4688	0.4806
2	4	0.9999	0.7475	0.2506
2	5	0.9489	0.4339	0.4564
2	6	0.7500	0.4798	0.5572
2	9	0.8993	0.2008	0.8384
2	11	0.9988	0.6861	0.3881
3	4	0.9978	0.4452	0.0744
4	5	0.9983	0.6302	0.1568
4	6	0.9996	0.6473	0.4915
4	7	0.5519	0.3876	0.6548
4	11	0.9991	0.4001	0.4985
5	6	0.9999	0.5255	0.5725
5	7	0.8000	0.4451	0.4154
5	11	0.9998	0.1772	0.8591
6	7	0.9994	0.8384	0.4852
6	8	0.9995	0.6606	0.5831
6	11	0.8995	0.5140	0.7744
7	8	0.9971	0.5145	0.1798
7	10	0.9498	0.3744	0.4988
8	10	0.5506	0.7701	0.5304
8	11	0.7501	0.8495	0.6179
9	10	0.8990	0.3815	0.3228
9	11	0.8483	0.8186	0.3631
10	11	0.9996	0.7212	0.2155
