0	1	0.9991	0.8136	0.4555
0	3	0.7002	0.5535	0.4404
1	3	0.9491	0.4000	0.5002
1	5	0.8007	0.6828	0.4357
1	6	0.5003	0.6635	0.5405
2	3	0.9999	0.5696	0.3788
2	4	0.5012	0.3537	0.5152
2	7	0.9996	0.4833	0.3914
2	8	0.9993	0.5814	0.4622
2	9	0.9989	0.5598	0.4095
2	10	0.7993	0.5511	0.6169
2	12	0.5009	0.5751	0.2574
2	36	0.6509	0.2568	0.4292
2	37	0.9981	0.4788	0.7517
2	39	0.9493	0.5397	0.5215
3	4	0.9999	0.6654	0.5529
3	5	0.7001	0.6645	0.4443
3	6	0.9993	0.5438	0.5238
3	7	1.0000	0.6932	0.5198
3	8	1.0000	0.7274	0.4591
3	9	0.9997	0.7223	0.3399
3	10	0.9998	0.7720	0.5883
3	37	0.8431	0.3400	0.6875
3	39	0.7998	0.3733	0.5017
4	5	0.8496	0.8747	0.4913
4	6	0.8502	0.5424	0.7052
4	7	0.9999	0.5450	0.5468
4	8	0.9001	0.5571	0.5763
4	10	0.8998	0.6591	0.4730
5	6	0.8000	0.6825	0.4207
6	7	0.9496	0.7296	0.2691
7	8	0.9998	0.5337	0.5469
7	9	0.9993	0.4612	0.4372
7	10	0.9999	0.5026	0.4795
7	11	0.6326	0.4580	0.5017
7	12	0.8500	0.4942	0.3269
8	9	1.0000	0.5975	0.5485
8	10	0.9999	0.6832	0.6175
8	11	0.9997	0.8247	0.3059
8	12	0.9002	0.6446	0.3567
8	13	0.6506	0.7301	0.4832
9	10	0.9998	0.6364	0.4171
9	11	0.9992	0.5937	0.3759
9	12	0.9997	0.6596	0.3346
10	11	0.9994	0.4367	0.5580
10	12	0.9999	0.5511	0.4503
10	13	0.8999	0.4706	0.3795
11	12	1.0000	0.6373	0.4867
11	13	0.9002	0.7089	0.4999
11	14	0.8004	0.5857	0.4124
11	15	0.8003	0.5366	0.4857
12	13	0.9994	0.6625	0.3987
12	14	0.9998	0.6910	0.4755
12	15	0.9492	0.4329	0.6874
12	16	0.5001	0.4887	0.3281
12	17	0.5505	0.7729	0.5889
13	14	0.9998	0.5460	0.3731
13	15	0.9996	0.5573	0.4669
13	16	0.9992	0.5331	0.5634
13	17	0.9997	0.6093	0.3905
13	19	0.8997	0.5179	0.5385
13	20	0.6504	0.5204	0.3314
14	15	0.9994	0.3863	0.5429
14	16	0.9995	0.3909	0.4057
14	17	0.9496	0.3985	0.5485
14	19	0.7996	0.3456	0.5343
14	20	0.8000	0.3288	0.3318
14	21	0.5510	0.2667	0.3823
15	16	0.9993	0.5471	0.2962
15	17	0.9994	0.4564	0.5292
15	18	0.7002	0.2785	0.5459
16	17	0.9997	0.6511	0.5268
16	19	0.9997	0.6392	0.5344
16	20	1.0000	0.7758	0.3911
16	21	0.9992	0.5696	0.5403
16	22	0.7503	0.6695	0.5346
17	18	0.5995	0.6212	0.4346
17	19	0.9992	0.6664	0.4566
17	20	0.9992	0.4400	0.4096
17	21	0.9995	0.4009	0.6935
19	20	0.9998	0.5703	0.4607
19	21	0.9999	0.6204	0.5533
19	22	0.9994	0.6494	0.5301
20	21	1.0000	0.5450	0.5764
20	22	0.9999	0.5438	0.5732
20	23	0.5504	0.7429	0.2913
20	26	0.9991	0.6564	0.5974
20	27	0.9993	0.5915	0.3707
21	22	1.0000	0.7228	0.7749
21	23	0.7997	0.5796	0.4318
21	26	0.9006	0.6847	0.6322
21	27	0.9978	0.7181	0.4358
22	23	0.8996	0.8556	0.3813
22	25	0.6000	0.4750	0.4640
22	26	0.8989	0.4156	0.5692
22	27	0.8002	0.5424	0.3715
23	24	0.5013	0.7474	0.4530
24	25	0.6000	0.6672	0.2842
25	26	0.9000	0.5173	0.5527
25	27	0.9994	0.6757	0.3535
25	28	0.7503	0.6083	0.3830
25	29	0.7174	0.6089	0.4637
25	30	0.6508	0.5580	0.3328
26	27	0.9996	0.5948	0.5106
26	28	0.9994	0.5574	0.4857
26	29	0.9499	0.7118	0.5946
26	30	0.9477	0.5152	0.4574
26	31	0.9983	0.5897	0.6715
26	36	0.7184	0.7400	0.4500
27	28	0.9498	0.4586	0.5354
27	29	0.9996	0.5372	0.5822
27	30	0.9996	0.5855	0.5004
27	31	0.9986	0.5250	0.7204
27	32	0.9979	0.5913	0.7677
27	34	0.6991	0.5017	0.1945
27	36	0.5506	0.2123	0.4417
28	29	0.9991	0.6153	0.5597
28	30	0.9997	0.6358	0.4920
28	31	0.9991	0.6547	0.5217
28	32	0.9983	0.6946	0.6105
28	34	0.9472	0.8372	0.3792
28	35	0.9481	0.4869	0.4101
29	30	0.9999	0.6177	0.5085
29	31	0.9990	0.5449	0.5963
29	32	0.9988	0.7410	0.6507
29	34	0.9487	0.7700	0.5920
29	35	0.9979	0.6377	0.4195
29	36	0.8994	0.6260	0.4927
29	37	0.7015	0.7005	0.2296
30	31	0.9994	0.4259	0.6015
30	32	0.9989	0.5206	0.7136
30	34	0.9983	0.5182	0.6135
30	35	0.9483	0.4465	0.3924
30	36	0.7999	0.4820	0.4654
31	32	0.9990	0.5896	0.6219
31	33	0.7715	0.6413	0.4200
31	34	0.9985	0.6058	0.5304
31	35	0.9983	0.5282	0.5796
31	36	0.8007	0.5011	0.4794
32	33	0.8480	0.7642	0.4584
32	34	0.9491	0.6967	0.4559
32	35	0.9986	0.7485	0.4111
32	36	0.9486	0.6808	0.4970
32	37	0.6001	0.6365	0.2621
32	39	0.5510	0.7313	0.5339
32	40	0.6496	0.6423	0.2818
33	34	0.9459	0.7704	0.2374
33	35	0.9968	0.7920	0.7503
34	35	0.9991	0.8318	0.6468
34	36	0.9999	0.7435	0.5575
34	37	0.9985	0.9756	0.3814
34	39	0.9990	0.9583	0.8061
34	40	0.9984	0.0704	0.4939
35	36	0.9998	0.5968	0.6084
35	37	0.9992	0.7871	0.4620
35	39	0.9993	0.7483	0.7301
35	40	0.9984	0.6561	0.6003
36	37	0.9990	0.7228	0.5366
36	39	0.9992	0.7447	0.7581
36	40	0.5502	0.3796	0.3585
37	38	0.9485	0.5690	0.4803
37	39	0.9993	0.5770	0.6658
38	39	0.9482	0.8008	0.5704
39	40	0.6501	0.9291	0.6941
40	41	0.7005	0.8025	0.2326
