0	1	0.8988	0.4666	0.4091
0	4	0.9497	0.4453	0.5387
0	6	0.9991	0.6328	0.6729
0	7	0.9995	0.5141	0.4280
1	2	0.9997	0.8695	0.3376
1	3	0.7505	0.3036	0.2422
1	4	0.8004	0.2851	0.4836
1	6	0.9005	0.1637	0.4001
1	7	0.9995	0.2721	0.5981
2	3	0.9986	0.5294	0.2606
2	4	0.9997	0.4486	0.6709
2	6	0.9991	0.5756	0.5751
2	7	0.9501	0.5789	0.7768
3	4	0.9480	0.2261	0.3421
3	6	0.8507	0.0245	0.3093
3	7	0.9995	0.1286	0.9316
3	8	0.9988	0.3624	0.4144
4	5	1.0000	0.9614	0.2854
4	6	0.9985	0.3564	0.2944
4	7	0.9982	0.6301	0.6402
4	8	0.6507	0.4686	0.3579
5	6	1.0000	0.6508	0.2199
5	7	1.0000	0.5690	0.3261
5	9	0.9989	0.9025	0.9749
5	10	0.9976	0.7195	0.0456
5	14	0.9999	0.6490	0.5970
6	7	0.9998	0.4819	0.4933
7	8	0.9500	0.9410	0.2070
7	13	0.9999	0.9997	0.3367
8	11	0.9996	0.4502	0.4069
8	12	0.9991	0.5943	0.4092
8	23	0.9998	0.8787	0.4402
9	10	0.9998	0.9598	0.3702
9	11	0.7491	0.9077	0.3111
9	12	0.6183	0.4988	0.6952
9	13	0.9995	0.4939	0.2132
9	14	0.9973	0.9947	0.1238
9	17	1.0000	0.5391	0.5291
9	20	0.9980	0.2746	0.2533
9	21	1.0000	0.4631	0.5137
9	22	0.9994	0.2055	0.6993
9	23	0.9994	0.3051	0.3659
10	14	0.9999	0.2949	0.4331
10	15	0.7497	0.8628	0.4749
10	17	0.9996	0.9991	0.0772
11	12	0.9996	0.6942	0.7085
11	13	1.0000	0.8630	0.2572
11	17	0.9997	0.2179	0.9388
12	13	0.9975	0.6776	0.0631
12	17	0.5500	0.2068	0.7056
13	17	1.0000	0.0000	0.6010
13	23	0.7504	0.1675	0.2213
15	16	0.5499	0.3804	0.6473
15	17	0.7982	0.6349	0.0286
16	18	0.7502	0.5734	0.4296
17	18	1.0000	0.7517	0.9175
17	19	0.9973	0.6824	0.0160
17	20	0.9998	0.6657	0.7409
17	21	0.9998	0.7616	0.5198
17	22	0.9993	0.8251	0.4349
18	19	0.9974	0.6160	0.1495
18	20	0.9001	0.8907	0.6201
19	20	0.9960	0.9403	0.4459
20	21	1.0000	0.6530	0.5854
20	22	0.9989	0.4395	0.3093
20	23	0.8000	0.3211	0.2552
21	22	1.0000	0.9009	0.4901
