0	4	0.9994	0.7859	0.7088
0	5	0.9480	0.9001	0.6971
0	8	0.6501	0.8043	0.3877
1	2	0.9987	0.8920	0.4842
1	3	0.9989	0.4606	0.4080
1	9	0.9992	0.8674	0.6531
1	10	0.7494	0.6872	0.6172
1	11	0.9988	0.8952	0.8040
1	12	0.9989	0.5311	0.3163
1	13	1.0000	0.9209	0.3860
1	14	0.9998	0.7467	0.7228
2	3	0.9998	0.6891	0.3023
2	7	0.5004	0.5890	0.0660
2	9	0.9008	0.5183	0.8138
2	10	0.8492	0.6579	0.2761
2	11	0.9998	0.5878	0.9395
2	12	0.7993	0.6107	0.2233
2	13	0.9981	0.7860	0.1556
2	14	0.9989	0.3407	0.4103
3	6	0.9499	0.8186	0.4668
3	7	0.9966	0.9798	0.1324
3	8	0.9988	0.9594	0.7575
3	9	0.9995	0.4097	0.4017
3	10	0.9993	0.0458	0.9103
3	11	1.0000	0.3698	0.6575
3	12	0.9997	0.5122	0.5082
3	13	0.9494	0.3134	0.5508
3	14	0.9987	0.0933	0.7103
3	20	0.7992	0.6791	0.8545
4	5	0.8985	0.9755	0.6360
4	8	0.7499	0.5981	0.3500
5	8	0.5006	0.4543	0.2685
6	7	0.7678	0.5296	0.2481
6	8	0.7002	0.3792	0.5122
7	8	0.5011	0.3654	0.3936
7	9	0.7501	0.2787	0.3596
7	11	0.9497	0.3605	0.8767
9	10	0.9484	0.7843	0.8079
9	11	0.9992	0.7976	0.8342
9	12	0.9491	0.7212	0.3408
9	13	0.7502	0.7171	0.2749
9	14	0.9992	0.7984	0.5948
10	11	0.9984	0.5003	0.6644
10	13	0.9494	0.4463	0.1880
10	14	0.7988	0.2172	0.7266
11	12	0.9989	0.9779	0.2429
11	13	0.9992	0.5225	0.3246
11	14	1.0000	0.5680	0.5374
11	20	0.9502	0.2755	0.9927
12	13	0.9997	0.7014	0.5244
12	14	1.0000	0.5374	0.6727
13	14	1.0000	0.4710	0.5885
13	20	0.8501	0.7032	0.9653
14	15	0.8998	0.9306	0.0570
14	20	0.9996	0.8922	0.9852
15	16	1.0000	0.6639	0.2826
15	17	1.0000	0.5078	0.6028
15	18	0.9500	0.1096	0.7341
15	20	1.0000	0.3203	0.8875
16	17	0.9992	0.4390	0.3837
16	20	0.9994	0.5032	0.3838
17	18	0.9989	0.8666	0.6501
17	20	1.0000	0.5761	0.5612
18	19	0.9986	0.9302	0.1877
18	20	0.9999	0.6082	0.2523
19	20	0.9999	0.5409	0.2563
20	21	0.9987	0.6177	0.3334
