0	1	0.9998	0.5270	0.4649
0	2	0.8995	0.5273	0.3506
0	7	0.7995	0.5754	0.7524
0	8	0.9996	0.7102	0.5904
0	9	0.8000	0.5834	0.4700
1	2	1.0000	0.9148	0.2862
1	3	0.8999	0.8236	0.5907
1	7	0.9996	0.8975	0.9147
1	8	0.9987	0.5191	0.5315
1	9	0.9493	0.2811	0.1923
2	3	0.9975	0.9925	0.8652
2	4	0.9988	0.8730	0.5499
2	5	0.9999	0.6635	0.2779
2	6	0.9495	0.9313	0.6703
2	7	0.9997	0.5965	0.7859
2	8	0.9980	0.4898	0.4816
3	4	0.9483	0.9619	0.2600
3	5	0.9987	0.8000	0.2432
4	5	0.9996	0.6767	0.1911
4	7	0.5499	0.3171	0.7933
5	6	1.0000	0.6411	0.5521
5	7	0.9986	0.2748	0.2790
5	8	0.5528	0.4372	0.2661
6	7	0.9999	0.6235	0.3474
7	8	0.9994	0.9562	0.3252
