0	1	1.0000	0.9567	0.6336
2	3	0.9985	0.9231	0.3408
2	4	0.9991	0.4738	0.4592
2	5	0.9997	0.6231	0.8311
2	6	0.9996	0.5466	0.4935
2	10	1.0000	0.3165	0.8508
2	11	0.5504	0.2059	0.6177
2	12	0.9996	0.7142	0.5448
3	4	0.9998	0.6629	0.3148
3	6	0.9997	0.6155	0.4353
3	11	0.6496	0.5697	0.8183
3	12	0.9999	0.4203	0.9153
4	5	0.9982	0.7590	0.5857
4	6	0.9973	0.4011	0.4429
4	7	0.9995	0.9993	0.2439
4	10	0.9998	0.4059	0.8992
4	11	0.8993	0.3989	0.4106
4	12	0.9986	0.3273	0.3652
5	6	0.9999	0.9199	0.2535
5	10	0.9499	0.6284	0.8630
5	11	0.5007	0.7443	0.3137
5	12	0.7498	0.9380	0.0592
6	7	0.9999	0.9993	0.2966
6	10	1.0000	0.3471	0.9257
6	11	0.9993	0.0964	0.5950
6	12	0.9997	0.5282	0.4281
7	8	0.9985	0.4667	0.3293
7	9	0.9495	0.3803	0.6996
7	10	0.9987	0.4834	0.2200
8	9	0.9993	0.9245	0.7544
8	10	0.6096	0.4416	0.0683
9	10	0.9966	0.7899	0.0094
10	11	0.9965	0.9749	0.4310
10	12	1.0000	0.8364	0.2578
10	13	0.8986	0.5924	0.6310
10	14	0.5009	0.4828	0.5910
11	12	0.9975	0.9072	0.0067
11	14	0.9998	0.5736	0.9903
12	13	1.0000	0.8343	0.3458
12	14	0.9995	0.6977	0.4389
13	14	0.9979	0.9437	0.0457
