0	1	0.9988	0.9212	0.7245
0	2	0.9998	0.5679	0.3400
0	4	0.9998	0.7091	0.4078
0	5	0.9974	0.9806	0.7039
0	6	0.7507	0.9436	0.1301
0	7	0.9999	0.5559	0.7201
1	2	0.5524	0.7767	0.0154
1	3	0.6988	0.7298	0.6160
1	4	0.9989	0.8238	0.6330
1	5	0.9953	0.9872	0.5891
1	6	0.9984	0.9272	0.0311
1	7	0.9993	0.8368	0.1570
2	3	0.9997	0.9990	0.0152
2	4	0.9984	0.3893	0.1191
2	7	1.0000	0.3721	0.8141
2	11	0.8497	0.8630	0.3762
2	19	1.0000	0.9240	0.1260
3	4	0.9984	0.9647	0.0307
3	7	0.9982	0.7110	0.9617
4	5	0.9990	0.9893	0.9964
4	6	0.9982	0.9528	0.3187
4	7	0.9999	0.5653	0.5752
4	8	0.9994	0.6852	0.5878
4	11	0.9995	0.1303	0.2530
5	6	0.9980	0.5974	0.3260
6	7	0.9944	0.4385	0.0247
7	8	0.9500	0.6288	0.3818
8	9	0.9968	0.9909	0.3145
8	10	0.9997	0.8350	0.7669
8	11	0.9999	0.1489	0.2330
8	14	0.8988	0.9947	0.6185
9	10	0.9976	0.7647	0.2587
9	14	0.8000	0.7734	0.6009
10	11	0.9987	0.9852	0.0915
10	12	1.0000	0.7161	0.7217
10	13	0.5016	0.0479	0.2895
10	14	1.0000	0.0212	0.5103
10	15	0.8001	0.2222	0.2999
10	18	0.8990	0.5719	0.2879
11	12	0.9973	0.5779	0.2266
11	19	0.9972	0.5978	0.2357
12	13	0.9969	0.9952	0.5739
12	14	0.9982	0.9565	0.6780
12	15	1.0000	0.9419	0.3268
12	17	0.9990	0.9467	0.7708
12	18	0.9998	0.5362	0.5439
12	19	0.9987	0.2543	0.6732
13	14	0.9967	0.4012	0.5838
13	17	0.9976	0.4297	0.3390
14	15	0.9996	0.6122	0.5910
14	16	0.5004	0.4020	0.5289
14	17	0.9988	0.3198	0.4173
14	18	0.9972	0.6249	0.2534
15	16	0.9998	0.9228	0.3186
15	17	1.0000	0.4090	0.6599
15	18	0.9994	0.1623	0.1452
16	17	0.9997	0.8453	0.3327
17	18	0.9978	0.9292	0.0388
18	19	0.9500	0.8921	0.3034
