0	1	0.9980	0.7091	0.5874
0	15	0.9492	0.6205	0.5691
0	16	0.9999	0.8085	0.2352
1	2	0.9500	0.9923	0.1044
1	14	0.7497	0.9106	0.7179
1	15	0.9994	0.6536	0.5964
1	16	0.9996	0.4637	0.2407
2	11	0.6494	0.8793	0.6265
2	14	0.9993	0.6807	0.7727
2	15	1.0000	0.2357	0.5749
2	16	0.9999	0.6234	0.3312
3	4	0.9990	0.8172	0.5708
3	5	0.9982	0.4152	0.5288
3	6	0.9981	0.4544	0.5267
3	9	0.9988	0.5097	0.3728
3	11	0.9981	0.4698	0.6495
3	12	0.7995	0.9498	0.9426
3	13	0.9995	0.7159	0.4098
4	5	0.8557	0.7456	0.0395
4	6	1.0000	0.7716	0.8834
4	8	0.9984	0.7830	0.0490
4	9	0.9489	0.7818	0.6784
4	10	0.9973	0.6325	0.0428
4	11	0.9998	0.8092	0.4689
4	13	0.9988	0.7887	0.4846
4	14	0.6996	0.5883	0.0057
5	6	0.9997	0.8605	0.4831
5	8	0.9003	0.0950	0.9751
5	9	0.9987	0.4786	0.3698
5	11	0.9991	0.6614	0.4939
6	7	0.9992	0.9620	0.7866
6	8	0.9992	0.9488	0.9220
6	9	0.9991	0.5116	0.3039
6	10	0.9999	0.9465	0.7005
6	11	1.0000	0.7282	0.5972
6	13	0.7500	0.7513	0.4299
6	14	0.7011	0.2621	0.2681
7	8	0.9971	0.9341	0.6616
7	10	0.6480	0.5225	0.6833
8	9	0.9973	0.8515	0.7175
8	10	0.9996	0.1305	0.1936
9	11	0.7007	0.3281	0.8993
10	11	0.9979	0.5547	0.1988
11	12	0.9944	0.9900	0.7484
11	13	0.9992	0.8799	0.7503
11	14	0.9493	0.8657	0.4049
12	13	0.9485	0.8975	0.4491
12	14	0.9986	0.4819	0.0259
13	14	0.9983	0.9230	0.0538
14	15	1.0000	0.7988	0.5006
14	16	0.9989	0.9173	0.1463
15	16	1.0000	0.8849	0.2132
