0	1	0.9506	0.5036	0.6335
0	4	0.6501	0.6846	0.4356
0	5	0.7504	0.3817	0.4194
1	2	0.9499	0.6430	0.3789
1	3	0.5515	0.6418	0.4418
1	4	0.7998	0.6016	0.2919
2	3	0.8499	0.5562	0.5741
2	4	0.9999	0.6044	0.4460
2	5	0.7503	0.5921	0.5139
2	13	0.8996	0.5153	0.6007
3	4	0.9986	0.7076	0.4101
3	5	0.8500	0.5540	0.4626
4	5	0.9496	0.7228	0.4721
4	6	0.7999	0.5192	0.5178
4	8	0.5517	0.6377	0.4740
4	13	0.8497	0.5774	0.6168
5	6	0.9000	0.5170	0.4248
5	7	0.8500	0.5484	0.4992
5	10	0.5507	0.5323	0.5083
5	13	0.6502	0.4738	0.4155
6	7	0.9993	0.5605	0.4787
6	8	0.9997	0.5704	0.4734
6	10	0.6002	0.4654	0.5099
6	11	0.5503	0.5243	0.5102
6	13	0.5004	0.4103	0.5702
6	14	0.6005	0.4562	0.4434
7	8	0.9997	0.5083	0.5467
7	9	0.8496	0.4488	0.6536
7	10	0.8504	0.5979	0.5133
7	11	0.8496	0.5363	0.4635
7	13	0.6505	0.6895	0.4957
7	14	0.5507	0.4398	0.4338
8	9	0.7990	0.8958	0.6091
8	10	0.9999	0.5889	0.5924
8	11	0.8501	0.6119	0.5277
8	13	0.9495	0.5165	0.6061
9	10	0.7499	0.7416	0.2317
9	11	0.7002	0.5202	0.5397
10	11	0.9997	0.5844	0.5162
10	12	0.8500	0.2559	0.6341
10	14	0.8501	0.6926	0.3910
10	15	0.5507	0.5652	0.4182
11	12	0.9502	0.5364	0.7694
11	13	0.9999	0.5962	0.5365
11	14	0.8501	0.6131	0.5039
11	15	0.9999	0.5210	0.5666
12	13	0.9977	0.7334	0.2382
12	14	0.7497	0.7862	0.6466
13	14	0.9999	0.7242	0.3804
13	15	0.9999	0.6539	0.5379
14	15	1.0000	0.8245	0.3922
16	17	0.9990	0.6435	0.3094
16	19	0.5003	0.6020	0.5352
16	20	0.5011	0.5576	0.3808
16	21	0.5506	0.3893	0.5323
17	18	0.9989	0.4071	0.5486
17	19	0.9978	0.5155	0.7355
17	20	0.8499	0.4933	0.6421
17	21	0.8010	0.5334	0.5002
18	19	0.9995	0.5757	0.6290
18	20	0.9489	0.6500	0.6198
18	21	0.9497	0.5843	0.4647
18	24	0.6005	0.3037	0.4160
19	20	0.9986	0.6892	0.7093
19	21	0.9002	0.6826	0.5572
19	25	0.6501	0.6473	0.6292
20	21	0.8999	0.7510	0.4024
20	25	0.5504	0.4189	0.4680
21	22	0.6505	0.4481	0.4247
21	23	0.7508	0.6334	0.3971
21	24	0.8001	0.5950	0.5916
21	25	0.6503	0.5209	0.5358
22	25	0.6507	0.4390	0.5282
23	24	0.7000	0.5047	0.3588
23	25	0.6999	0.3976	0.7424
24	25	0.9981	0.5355	0.5484
24	26	0.9476	0.3770	0.5944
24	27	0.8987	0.5833	0.5423
24	28	0.7012	0.7633	0.5234
24	30	0.6000	0.4140	0.4587
24	32	0.7004	0.4688	0.5010
24	33	0.7498	0.5430	0.6317
24	34	0.9975	0.7193	0.4795
24	36	0.5511	0.5946	0.3989
25	26	0.9995	0.5881	0.5679
25	27	0.9994	0.6363	0.5263
25	28	0.6017	0.6379	0.5249
25	30	0.6510	0.4869	0.4284
25	32	0.6032	0.5085	0.4987
25	33	0.7513	0.3926	0.4324
25	34	0.5431	0.4352	0.4369
26	27	0.9982	0.6051	0.6429
26	28	0.9990	0.6834	0.5418
26	29	0.7500	0.4891	0.5577
26	30	0.9994	0.4700	0.5693
26	31	0.8519	0.5641	0.5807
26	32	0.8492	0.3921	0.5241
26	33	0.9995	0.4913	0.3959
26	34	0.9988	0.5386	0.6633
26	36	0.6501	0.3676	0.5170
27	28	0.9993	0.6825	0.5962
27	29	0.9492	0.7453	0.5207
27	30	0.7512	0.5432	0.4740
27	31	0.6999	0.5815	0.6555
27	32	0.9994	0.5909	0.5092
27	33	0.9491	0.6262	0.5918
27	35	0.6507	0.4206	0.4050
28	29	0.9989	0.6634	0.5281
28	30	0.8499	0.5499	0.4084
28	31	0.9494	0.5391	0.6806
28	32	0.8497	0.5958	0.4547
28	33	0.7006	0.4805	0.5619
28	34	0.5507	0.5686	0.6679
29	30	0.5998	0.5085	0.3689
29	31	0.8003	0.6058	0.5606
29	32	0.6501	0.5635	0.3730
29	33	0.9494	0.7372	0.7368
29	34	0.7499	0.5818	0.7911
30	31	0.9492	0.4286	0.5311
30	32	0.9500	0.4375	0.4458
30	33	0.8000	0.5006	0.5706
30	34	0.9988	0.5793	0.7457
30	35	0.5507	0.5697	0.3209
30	36	0.6003	0.4289	0.4302
31	32	0.9500	0.6652	0.4908
31	33	0.9996	0.7383	0.6005
31	34	0.8496	0.6476	0.5984
31	35	0.6009	0.5295	0.3318
32	33	0.9998	0.5142	0.5259
32	34	0.9999	0.5779	0.4756
32	35	0.9004	0.3696	0.4614
32	36	0.9004	0.5703	0.4968
32	37	0.7004	0.4647	0.4944
33	34	1.0000	0.5875	0.5572
33	35	0.9498	0.6680	0.6045
33	36	0.9988	0.4502	0.5869
33	37	0.9497	0.4823	0.5411
34	35	0.9996	0.6901	0.6913
34	36	0.9998	0.5508	0.5931
34	37	0.9999	0.5422	0.6418
35	36	0.9496	0.6368	0.5219
35	37	0.8997	0.7107	0.6715
36	37	1.0000	0.6311	0.5329
