0	1	0.9999	0.6888	0.5369
0	3	0.7501	0.6591	0.6148
1	2	0.9999	0.7986	0.4743
1	3	1.0000	0.6141	0.6294
1	4	0.7002	0.4939	0.4612
2	3	0.9998	0.7127	0.4686
3	4	0.9995	0.6286	0.4399
4	5	0.9500	0.5291	0.4190
4	6	0.7007	0.4954	0.6363
4	9	0.5004	0.3953	0.2623
5	6	1.0000	0.6047	0.5967
5	7	0.9992	0.3854	0.4625
5	8	0.7520	0.2313	0.5787
5	9	0.5506	0.5523	0.4258
5	10	0.5504	0.5281	0.2872
6	7	0.9999	0.9059	0.4357
6	9	0.9996	0.6435	0.5665
6	10	0.5502	0.5401	0.4096
7	8	0.9965	0.9748	0.4845
7	9	0.9496	0.3354	0.2957
8	9	0.8507	0.6462	0.0805
9	10	0.9995	0.6232	0.3691
10	11	0.9994	0.8376	0.5590
10	13	0.7992	0.8739	0.2536
10	14	0.6014	0.4303	0.4102
10	15	0.8989	0.7814	0.2260
10	16	0.9985	0.7742	0.4532
10	17	0.8011	0.8125	0.6057
10	18	1.0000	0.7801	0.6886
10	19	0.7006	0.7406	0.3222
10	23	0.7993	0.6371	0.4960
11	13	0.8491	0.7027	0.4648
11	15	0.8485	0.6948	0.3412
11	16	0.8500	0.8233	0.6108
11	17	0.9490	0.9259	0.9481
11	19	0.8501	0.4852	0.4159
12	13	0.9970	0.9981	0.0694
12	14	0.8005	0.7834	0.7137
12	15	0.6989	0.8042	0.1559
12	16	0.8974	0.9155	0.7206
12	17	0.7982	0.9194	0.5303
13	14	0.9998	0.6227	0.5024
13	15	0.9980	0.4236	0.5185
13	16	0.9982	0.3802	0.5376
13	17	0.9982	0.3165	0.5522
13	18	0.9974	0.6948	0.2996
13	19	0.8000	0.5071	0.7047
13	20	0.7023	0.2672	0.6296
13	21	0.7994	0.5748	0.2462
13	22	0.7998	0.1583	0.5072
14	15	0.9987	0.5698	0.2969
14	16	0.9998	0.5547	0.5038
14	17	1.0000	0.5960	0.8071
14	18	0.7999	0.4794	0.4743
15	16	0.9991	0.4709	0.5106
15	17	1.0000	0.4377	0.5009
15	18	0.9973	0.5387	0.3669
15	19	0.6642	0.4313	0.4302
16	17	1.0000	0.6052	0.4915
16	18	0.5506	0.2500	0.1919
16	19	0.5515	0.2717	0.4921
17	18	0.9977	0.9850	0.3743
17	19	0.9499	0.8411	0.7009
17	20	0.9987	0.5624	0.5263
18	19	1.0000	0.6637	0.3724
18	23	0.6991	0.8491	0.6996
19	20	0.5500	0.5798	0.3602
19	21	0.9003	0.6828	0.3844
19	22	0.9501	0.4967	0.8041
19	23	0.5506	0.3959	0.4685
20	21	0.8991	0.6661	0.4617
20	22	0.7003	0.2425	0.3799
21	22	0.8991	0.5689	0.4553
22	23	0.7494	0.9199	0.7060
