0	1	0.9499	0.8955	0.5802
0	7	0.7002	0.5632	0.4667
0	12	0.7999	0.5831	0.6815
0	17	0.5007	0.6527	0.3344
0	20	0.5005	0.4171	0.4048
1	3	0.5869	0.7360	0.6880
1	7	0.7013	0.5478	0.4060
2	3	0.9993	0.7139	0.4881
2	4	0.9991	0.5114	0.5337
2	7	0.9992	0.4039	0.4307
2	8	0.5009	0.6052	0.4574
2	9	0.9987	0.5656	0.7890
2	10	0.6415	0.4296	0.3815
2	11	0.6002	0.6400	0.2903
2	20	0.8999	0.0709	0.6577
3	4	1.0000	0.8111	0.3193
3	7	0.9994	0.5821	0.4050
3	10	0.9998	0.5711	0.7454
3	12	0.6006	0.4041	0.8149
3	13	0.6505	0.3110	0.4865
3	18	0.9501	0.2224	0.9684
3	20	0.9511	0.6148	0.2731
4	5	0.8989	0.9475	0.5456
4	6	0.7005	0.6053	0.3746
4	7	0.9995	0.5142	0.4304
4	8	0.9995	0.7809	0.4699
4	9	0.9991	0.7189	0.6881
5	6	0.6998	0.7051	0.4422
5	7	0.9978	0.3031	0.4041
5	8	0.5582	0.4432	0.6028
6	7	0.9980	0.5101	0.2411
7	8	0.9984	0.5525	0.5405
7	9	0.9997	0.5877	0.7517
7	20	0.7505	0.1307	0.7855
8	9	0.9997	0.7705	0.4669
8	10	0.6500	0.4539	0.3410
9	10	0.9992	0.5599	0.5620
9	11	0.8502	0.5476	0.5633
9	12	0.6498	0.4799	0.3831
10	11	0.8504	0.6851	0.3816
10	12	0.9004	0.6263	0.4287
10	13	0.9495	0.6262	0.4500
10	18	0.9995	0.7847	0.4768
10	20	0.8499	0.4881	0.8484
11	12	0.9990	0.5875	0.2759
11	13	0.9992	0.5552	0.4813
11	17	0.7011	0.5600	0.5178
11	18	0.9980	0.8351	0.2334
12	13	0.9483	0.5724	0.5449
12	14	0.5995	0.4313	0.6358
12	16	0.9493	0.5487	0.3881
12	17	0.9995	0.6084	0.5414
12	18	0.6998	0.4454	0.3566
12	20	0.7002	0.3900	0.5455
13	14	0.8477	0.8999	0.3258
13	16	0.9495	0.8733	0.3414
13	17	0.9994	0.8432	0.7139
13	18	0.9994	0.6018	0.5572
13	20	0.9994	0.4694	0.5506
14	15	0.9987	0.3540	0.7055
14	16	0.7004	0.2083	0.4631
14	17	0.9489	0.4014	0.5642
15	16	0.9485	0.8521	0.4116
15	17	0.9987	0.7774	0.2563
15	18	0.6501	0.4919	0.5053
15	19	0.6499	0.4508	0.4159
16	17	0.9497	0.6444	0.3583
16	18	0.8486	0.4469	0.6398
17	18	0.9999	0.8240	0.4541
17	19	0.6002	0.3167	0.5586
17	20	0.7503	0.6964	0.5133
18	19	0.9995	0.9256	0.5546
18	20	0.9997	0.5881	0.4738
19	20	0.9986	0.6715	0.2011
