0	1	0.9981	0.9266	1.0000
0	8	1.0000	0.7621	0.2321
0	9	1.0000	0.2267	0.6333
1	2	0.9996	0.9935	0.0587
1	3	0.9927	0.7518	0.5706
1	4	0.9989	0.3331	0.9698
1	5	0.9986	0.2106	0.4077
1	6	0.9982	0.1244	0.8059
1	7	0.9503	0.1692	0.0761
1	8	0.9976	0.9351	0.6413
1	10	1.0000	0.2188	0.8627
1	11	0.9993	0.5937	0.2556
2	3	0.9959	0.0992	0.2900
2	8	0.9953	0.0000	0.9884
2	9	0.9980	0.6641	0.1845
3	4	0.9998	0.9386	0.4861
3	5	0.6517	0.9791	0.0838
3	7	0.9974	0.8134	0.6479
3	8	0.9958	0.6377	0.5649
3	9	0.9992	0.2243	0.1055
3	10	0.9989	0.5557	0.5166
3	11	1.0000	0.3787	0.7378
4	5	0.9998	0.4912	0.4947
4	6	0.9972	0.1301	0.3137
4	7	0.9951	0.2736	0.4768
5	6	0.9999	0.9858	0.3889
5	7	1.0000	0.9981	0.2187
6	7	0.9978	0.3321	0.1210
7	8	1.0000	0.9107	0.3119
7	9	0.8999	0.8282	0.9747
7	10	1.0000	0.5644	0.4543
8	9	0.9986	0.5705	0.5494
8	10	0.9982	0.5578	0.3172
9	10	0.9998	0.8860	0.1306
10	11	1.0000	0.7238	0.8475
