0	1	0.9494	0.3899	0.5135
0	2	0.9979	0.3293	0.5587
0	5	0.5017	0.8604	0.1648
0	7	0.8501	0.6764	0.7879
0	8	0.8503	0.1123	0.4754
0	9	0.9999	0.7136	0.3427
0	10	1.0000	0.9205	0.4827
0	31	0.6498	0.8311	0.6289
0	33	0.8002	0.5180	0.3177
1	2	0.9994	0.7941	0.7357
1	5	0.8997	0.2956	0.2871
1	7	0.9490	0.4333	0.6689
1	31	0.9975	0.7019	0.2612
2	3	0.9997	0.6433	0.3101
2	5	0.5513	0.6640	0.2548
2	7	0.9997	0.6291	0.8382
2	8	0.8959	0.2623	0.6303
2	10	0.7993	0.6646	0.5673
2	31	0.6514	0.6978	0.6129
3	4	0.9999	0.6735	0.3761
3	5	0.8501	0.9081	0.0717
3	7	0.9497	0.5906	0.6385
4	5	0.9968	0.8896	0.2116
4	6	0.5002	0.6076	0.2997
4	7	0.9997	0.2398	0.7337
5	6	0.9489	0.8366	0.7872
5	7	0.9998	0.2425	0.9354
5	10	0.8991	0.4059	0.7989
6	7	0.9489	0.5640	0.2065
6	10	0.7990	0.7035	0.1954
7	8	0.9992	0.9838	0.1403
7	10	0.9999	0.7619	0.5175
7	18	0.5004	0.4648	0.3630
8	9	0.7495	0.6367	0.0783
8	33	0.5014	0.5075	0.4655
9	10	0.9991	0.8665	0.2774
9	11	0.7006	0.5803	0.6807
9	12	0.8495	0.3943	0.5820
9	14	0.9489	0.5616	0.4066
9	31	0.7495	0.6416	0.8205
10	11	0.8504	0.7811	0.4784
10	32	0.6492	0.6263	0.2924
10	33	0.9498	0.7918	0.9364
11	12	0.7499	0.8218	0.3294
11	14	0.8204	0.6711	0.1320
11	32	0.9961	0.9275	0.3223
11	33	0.5004	0.6754	0.5028
12	13	0.9498	0.5931	0.4537
12	14	0.9992	0.6594	0.2425
12	25	0.8992	0.6447	0.7157
12	29	0.6494	0.4680	0.6988
12	32	0.9969	0.9103	0.5018
12	33	0.7490	0.7433	0.3458
13	14	0.9994	0.4212	0.4186
13	25	0.9981	0.6226	0.7251
13	26	0.9993	0.9698	0.2080
13	27	0.9989	0.7055	0.4330
13	28	0.9996	0.6051	0.7489
13	29	0.9977	0.5796	0.7317
13	30	0.8497	0.9978	0.1033
13	31	0.9973	0.7494	0.2564
14	15	0.9980	0.9203	0.6773
14	16	0.9999	0.5967	0.9231
14	17	0.9995	0.1863	0.8370
14	18	0.5516	0.1045	0.4616
14	23	0.7500	0.1864	0.6611
14	25	0.9990	0.4977	0.4745
14	26	1.0000	0.0176	0.1767
14	27	0.5495	0.2219	0.6365
14	28	0.9983	0.9556	0.6752
14	29	0.6004	0.3760	0.3532
15	16	0.8491	0.7566	0.3520
15	17	0.8496	0.6344	0.8594
16	17	0.5506	0.3894	0.5363
18	20	0.8004	0.5902	0.7961
18	21	0.9000	0.6356	0.5008
18	22	0.9501	0.6830	0.3343
18	23	0.9998	0.6763	0.7292
18	26	0.8004	0.5242	0.7767
18	30	0.7510	0.6857	0.3758
19	21	0.8499	0.5381	0.9696
19	22	0.5980	0.2767	0.3299
19	23	0.9495	0.7047	0.5499
20	21	0.9993	0.7709	0.5880
20	22	0.9980	0.6956	0.4732
20	23	0.8497	0.4728	0.4688
21	22	0.9992	0.7361	0.3479
21	23	0.8502	0.7761	0.6765
22	23	0.9489	0.6995	0.3909
23	26	0.9500	0.5531	0.8066
24	25	0.7998	0.2272	0.0119
24	27	0.8502	0.3414	0.7881
24	28	1.0000	0.5439	0.9009
25	26	0.9993	0.9909	0.5631
25	27	0.9988	0.3247	0.6662
25	28	1.0000	0.2377	0.8849
25	29	0.9497	0.5650	0.5276
25	30	0.8021	0.9630	0.2484
25	31	0.8998	0.9514	0.3316
26	27	0.9998	0.8545	0.1312
26	28	0.7503	0.8683	0.3360
26	29	0.9999	0.6692	0.9847
26	31	0.9967	0.6767	0.0231
27	28	0.9995	0.6877	0.5421
27	29	0.9983	0.6779	0.0823
27	30	0.5009	0.2323	0.6680
28	29	0.9990	0.8931	0.0573
29	30	0.8999	0.9831	0.2629
29	31	0.9996	0.8825	0.4087
30	31	0.9962	0.7158	0.0202
31	32	0.9968	0.9705	0.1174
32	33	0.9995	0.3582	0.8889
33	34	0.6828	0.7956	0.2010
