0	1	1.0000	0.8919	0.3765
0	2	0.9498	0.6844	0.4271
0	3	0.9986	0.9786	0.2301
0	4	0.5014	0.5565	0.6111
0	18	0.6501	0.6203	0.8179
0	24	0.9985	0.7446	0.5124
0	32	0.9996	0.6126	0.9130
0	33	0.9491	0.8496	0.2311
0	34	0.9984	0.4003	0.5717
1	2	1.0000	0.8182	0.1675
1	3	0.9671	0.2142	0.5901
1	4	0.9500	0.7299	0.7002
1	14	0.8001	0.1926	0.4506
1	18	0.6009	0.1526	0.6719
1	24	0.5496	0.8482	0.1706
1	32	0.8521	0.2974	0.7956
1	33	0.9987	0.4637	0.3282
1	34	0.9985	0.3796	0.0584
2	3	0.9990	0.9935	0.0946
2	4	0.9997	0.5022	0.8062
2	5	1.0000	0.6585	0.4719
2	6	0.9487	0.7550	0.8368
2	7	0.9000	0.7459	0.2686
2	34	0.7726	0.0037	0.1894
3	4	0.9989	0.5768	0.2585
3	5	0.9997	0.0873	0.9040
3	6	0.9994	0.2733	0.5533
3	7	0.6999	0.1283	0.7249
3	14	0.6506	0.2316	0.2586
4	5	0.9995	0.8406	0.3052
4	6	0.9500	0.4367	0.7402
4	7	0.7497	0.6217	0.1598
5	6	0.9984	0.6775	0.6756
5	7	0.9987	0.5703	0.4780
5	8	0.7995	0.5099	0.3887
6	7	0.9992	0.7284	0.5650
6	8	0.8500	0.5394	0.5010
6	9	0.5006	0.5169	0.5644
6	10	0.7504	0.6039	0.4253
6	11	0.9499	0.4948	0.5403
7	8	0.8989	0.5514	0.4932
7	9	0.8484	0.3714	0.6902
7	10	0.5005	0.4345	0.5066
7	11	0.7500	0.4717	0.3054
7	12	0.8995	0.1000	1.0000
8	9	0.5509	0.5836	0.4326
8	10	0.9497	0.3880	0.5599
8	11	1.0000	0.5306	0.5501
8	12	0.7995	0.6442	0.6677
9	10	0.9994	0.7063	0.4326
9	11	0.9989	0.8056	0.5115
9	12	0.9992	0.5877	0.9034
9	14	0.8992	0.8217	0.7108
10	11	0.9992	0.5343	0.3437
10	12	0.9486	0.5428	0.4466
10	13	0.9985	0.4901	0.3384
11	12	0.9952	0.9763	0.4398
11	13	0.9483	0.5844	0.2107
12	13	0.9979	0.9996	0.0050
13	14	0.9983	0.9174	0.6979
13	15	0.9999	0.0043	0.9697
13	16	0.9003	0.6804	0.3966
13	17	0.5505	0.5965	0.4587
13	18	0.9977	0.9536	0.6111
14	15	1.0000	0.8907	0.5498
14	16	0.9495	0.4254	0.6002
14	18	0.9499	0.4523	0.4208
14	32	0.6003	0.2051	0.4404
15	16	0.9961	0.9525	0.0143
15	18	0.9982	0.9163	0.9771
16	17	0.9997	0.9050	0.5921
16	18	1.0000	0.4710	0.5761
16	19	0.9996	0.4822	0.6391
16	20	0.8511	0.5163	0.4586
16	21	0.6015	0.3018	0.3933
16	24	0.7005	0.1186	0.7783
16	27	0.6501	0.8737	0.2557
16	29	0.8494	0.6838	0.6974
16	30	0.8000	0.6775	0.4778
16	31	0.6497	0.7273	0.9163
16	32	0.9985	0.3069	0.6096
17	18	0.9994	0.6768	0.3493
18	19	0.9958	0.9746	0.5468
18	20	0.9991	0.4758	0.6522
18	21	0.5498	0.6670	0.5623
18	23	0.5010	0.6116	0.5673
18	24	0.8019	0.7611	0.5841
18	27	0.9995	0.2595	0.8318
18	29	0.9983	0.5310	0.5587
18	31	0.5014	0.2802	0.7244
18	32	0.9999	0.7643	0.6628
19	20	0.9487	0.7899	0.3835
19	21	0.9997	0.7075	0.4720
19	23	0.9493	0.4266	0.5629
19	24	0.9489	0.3614	0.6060
19	25	0.7500	0.8231	0.2979
19	28	0.9492	0.8113	0.4707
19	29	0.6997	0.9213	0.6443
19	30	0.9980	0.9618	0.1966
19	32	0.9990	0.4060	0.7706
20	21	0.9990	0.7929	0.4043
20	22	0.7496	0.4690	0.3846
20	23	0.8997	0.4217	0.4671
20	24	0.7978	0.6590	0.5554
20	25	0.7004	0.5085	0.2585
20	26	0.5496	0.4381	0.5244
20	27	0.8500	0.3042	0.4105
20	28	0.9983	0.5407	0.3340
20	29	0.8989	0.2597	0.3130
20	30	0.5002	0.3848	0.3610
20	32	0.7992	0.5430	0.4464
21	22	0.9487	0.5551	0.3306
21	23	0.9491	0.4372	0.6374
21	25	0.9494	0.6767	0.3593
21	26	0.8011	0.5826	0.5436
21	27	0.9967	0.9144	0.7519
21	28	0.9497	0.5652	0.4467
21	29	0.9475	0.7950	0.6071
21	32	0.6535	0.4364	0.5863
22	23	0.6482	0.3822	0.4446
22	24	0.9975	0.8973	0.7075
22	25	0.6014	0.1535	0.3079
22	28	0.9488	0.5303	0.4807
22	32	0.6497	0.1710	0.3010
23	24	0.9976	0.8652	0.8503
23	25	0.5007	0.5436	0.2356
23	28	0.8004	0.6866	0.3129
23	29	0.6504	0.8921	0.4548
23	30	0.6423	0.7230	0.1646
23	32	0.9988	0.6819	0.7771
23	33	0.9495	0.5949	0.5351
23	34	0.7015	0.2882	0.2455
24	28	0.5508	0.5494	0.1413
24	32	0.9990	0.9365	0.8594
24	33	0.6511	0.7902	0.2983
25	26	0.9995	0.6906	0.5897
25	28	0.9981	0.4562	0.5771
25	29	0.9489	0.4420	0.2294
25	30	0.9990	0.3349	0.7289
25	31	0.9997	0.6085	0.6754
25	32	0.9985	0.4905	0.2184
26	31	0.5001	0.4608	0.6294
27	28	0.7995	0.7063	0.4922
28	29	0.9974	0.8295	0.4132
28	32	0.9492	0.5953	0.4490
29	30	0.7903	0.3704	0.2772
29	32	0.5506	0.5498	0.3131
30	31	0.9477	0.9492	0.3538
30	32	0.9990	0.6508	0.1840
31	32	0.9975	0.6242	0.0640
32	33	0.9498	0.9575	0.3714
32	34	0.9996	0.8866	0.2785
33	34	0.9988	0.7141	0.6043
