0	1	0.9986	0.9558	0.1944
0	2	0.8005	0.0670	0.9309
1	2	0.9999	0.5141	0.2303
1	3	1.0000	0.4055	0.7983
1	4	0.5636	0.3456	0.0356
1	19	0.8959	0.8618	0.3293
1	20	0.9991	0.3215	0.3220
1	21	0.9978	0.2094	0.2735
2	3	1.0000	0.5309	0.4426
2	4	0.9987	0.0746	0.3239
2	11	0.9467	0.7407	0.4054
2	19	0.9995	0.0037	0.8361
2	20	0.9988	0.4084	0.1430
3	4	0.9956	0.9191	0.5174
3	11	0.8522	0.0448	0.4184
3	18	0.9979	0.8302	0.9245
3	19	1.0000	0.7534	0.9957
3	20	1.0000	0.6955	0.3149
3	21	0.9985	0.9949	0.5166
4	18	0.6982	0.7277	0.2771
4	19	1.0000	0.6235	0.9875
4	20	0.9997	0.8028	0.7369
4	21	0.9997	0.4066	0.5892
5	6	0.9999	0.7781	0.7928
5	7	0.9988	0.3586	0.1230
5	18	0.5006	0.7760	0.3309
6	12	0.9503	0.1586	0.1627
6	14	0.9985	0.7450	0.1030
7	8	0.9995	0.9977	0.4524
7	9	0.5003	0.8689	0.3878
7	13	1.0000	0.7943	0.3846
7	14	1.0000	0.7853	0.3019
7	24	1.0000	0.9919	0.2879
8	14	0.9989	0.6867	0.7303
8	16	0.9999	0.0838	0.0554
8	24	0.9996	0.4034	0.5106
8	26	1.0000	0.7732	0.9680
9	10	0.9982	0.5062	0.2310
9	12	1.0000	0.7429	0.4487
9	13	0.9510	0.9602	0.0349
9	14	1.0000	0.4757	0.5845
9	24	0.9996	0.1664	0.5944
9	26	0.9993	0.1897	0.7037
10	11	0.9984	0.9874	0.1860
10	12	0.9990	0.6071	0.1615
10	14	1.0000	0.4018	0.5764
11	12	0.9999	0.2194	0.0052
12	13	0.9985	0.8209	0.3180
12	14	0.9997	0.4876	0.1090
13	14	0.9982	0.3652	0.1218
14	15	0.9982	0.9984	0.1046
14	17	0.9992	0.8669	0.7016
14	22	0.9500	0.9447	0.0617
14	24	0.9946	0.7284	0.5853
14	25	0.9994	0.9698	0.7221
14	26	1.0000	0.9276	0.4443
15	16	0.9993	0.9843	0.6143
15	17	0.9996	0.4137	0.1850
15	22	0.9986	0.1330	0.1293
15	24	1.0000	0.6293	0.8909
15	26	1.0000	0.2124	0.9290
16	17	0.9966	0.8266	0.0003
16	24	0.9997	0.3803	0.4410
17	21	0.9997	0.9668	0.9959
17	22	1.0000	0.5184	0.3626
17	23	0.9996	0.3392	0.4343
17	24	1.0000	0.4414	0.4883
18	20	0.9983	0.7771	0.3868
19	20	1.0000	1.0000	0.2397
20	21	1.0000	0.9949	0.0648
21	22	0.9999	0.9992	0.6738
22	23	0.9985	0.9038	0.5907
24	25	0.8998	0.9932	0.0608
24	26	0.9998	0.9724	0.9445
25	26	0.9999	0.5936	0.5319
