0	1	1.0000	0.7556	0.4772
0	2	0.6006	0.5957	0.6243
0	3	0.8502	0.6149	0.5502
0	4	0.7002	0.5781	0.4304
1	2	0.9500	0.8485	0.4640
1	3	0.9499	0.5564	0.5981
2	3	0.9997	0.7081	0.5900
3	4	0.9999	0.7766	0.4413
4	5	0.9001	0.5148	0.3875
4	6	0.8003	0.3262	0.7139
5	6	0.9500	0.6048	0.5520
5	7	0.9998	0.4985	0.6044
5	8	0.6512	0.3542	0.4661
5	9	0.7500	0.5898	0.4514
6	7	0.9494	0.8424	0.6427
6	8	0.8497	0.4668	0.5811
6	9	0.8497	0.7671	0.5675
7	8	0.7506	0.5472	0.3509
7	9	0.7002	0.5939	0.4184
8	9	0.8986	0.6688	0.4291
8	11	0.5501	0.8173	0.3438
9	10	0.7502	0.6889	0.5928
9	11	0.5512	0.5053	0.5030
10	11	0.9993	0.5985	0.6024
10	12	0.7004	0.5570	0.5726
10	18	0.7495	0.4234	0.8906
11	12	0.9990	0.8338	0.4977
11	13	0.6500	0.5182	0.4332
11	14	0.8490	0.8610	0.4132
11	15	0.6006	0.6560	0.5556
11	16	0.9989	0.7695	0.4531
11	17	0.8496	0.7632	0.4303
11	18	0.9001	0.7166	0.5870
11	19	0.7501	0.7491	0.6287
12	13	0.8991	0.7019	0.3156
12	14	0.8492	0.5870	0.3622
12	17	0.8493	0.6161	0.6821
12	18	0.9493	0.8214	0.9676
12	20	0.6011	0.5941	0.4397
13	14	0.8985	0.9534	0.1083
13	15	0.7992	0.5301	0.5688
13	16	0.8000	0.5274	0.1263
13	18	0.9479	0.9299	0.5287
14	15	0.9996	0.6503	0.4386
14	16	0.9476	0.3768	0.5640
14	17	0.9977	0.4164	0.5043
14	18	0.9989	0.3391	0.4687
14	19	0.9484	0.5708	0.3346
14	20	0.5505	0.6049	0.6710
15	16	0.9996	0.5806	0.4821
15	17	0.9988	0.5156	0.3924
15	18	0.9999	0.6429	0.6779
15	19	0.8000	0.4678	0.4399
16	17	0.9991	0.5292	0.5244
16	18	0.9998	0.4660	0.6029
16	19	0.9982	0.5717	0.3409
17	18	1.0000	0.5740	0.4971
17	19	0.8495	0.2998	0.2154
18	19	0.9977	0.9917	0.2288
18	20	0.9996	0.8708	0.7038
18	21	0.8985	0.7229	0.3834
18	23	0.6003	0.8022	0.4643
19	20	1.0000	0.8767	0.5101
20	21	0.5501	0.5800	0.3795
20	22	0.5514	0.6531	0.4230
20	23	0.9999	0.5425	0.8763
21	22	0.9490	0.5780	0.5354
22	23	0.9996	0.5991	0.4799
23	24	0.9990	0.8858	0.7361
