0	1	0.9999	0.9500	0.2392
0	4	0.7026	0.6567	0.3710
0	5	0.8498	0.8383	0.8416
0	7	0.8995	0.4965	0.5793
0	8	0.9994	0.7016	0.7246
0	9	0.7501	0.4721	0.4999
0	24	0.6011	0.2840	0.4753
0	26	0.7508	0.1994	0.5253
1	2	0.9998	0.6198	0.5458
1	3	0.9972	0.7054	0.5300
1	5	0.5501	0.0222	0.9026
1	7	0.8495	0.2585	0.8852
1	8	0.9989	0.3954	0.3200
1	25	0.9998	0.3420	0.7453
1	26	0.9485	0.5191	0.2113
2	4	0.7995	0.5728	0.3264
2	5	0.7502	0.6688	0.7441
2	8	0.7010	0.7912	0.3183
3	4	0.5993	0.6516	0.3452
3	5	0.8495	0.7460	0.5734
3	8	0.9977	0.8284	0.5944
4	5	0.9989	0.5183	0.4740
4	6	0.9988	0.1684	0.7056
4	7	0.9987	0.3700	0.3349
4	8	0.9983	0.3520	0.2971
5	6	0.9485	0.7542	0.6323
5	7	0.9987	0.6254	0.4574
5	8	0.7011	0.6677	0.3625
5	25	0.5009	0.7911	0.3369
6	7	0.8497	0.5015	0.2334
6	8	0.9983	0.5928	0.8676
7	8	0.9971	0.9745	0.5791
8	9	0.9977	0.9150	0.4978
8	10	0.8994	0.4648	0.4972
8	13	0.8499	0.3058	0.8545
8	25	0.9483	0.7691	0.5723
9	10	0.9498	0.9162	0.4689
9	14	0.5009	0.5967	0.2742
9	23	0.9985	0.5669	0.7541
9	24	0.9998	0.6772	0.5532
9	26	0.6002	0.4872	0.4004
10	11	0.9978	0.8887	0.0316
10	13	0.7451	0.5645	0.1424
10	23	0.9974	0.5044	0.2606
10	24	0.9990	0.6682	0.5825
11	12	0.8995	0.6445	0.3163
11	13	1.0000	0.6858	0.7977
11	14	0.9989	0.7243	0.4019
11	18	0.7003	0.5673	0.5127
11	19	0.9981	0.6322	0.5005
11	22	0.9999	0.8503	0.9264
11	23	0.9999	0.5979	0.4547
12	13	1.0000	0.5555	0.6068
12	14	0.9996	0.4845	0.5130
12	17	0.9991	0.4028	0.6531
12	18	0.9994	0.6044	0.4877
13	14	1.0000	0.6628	0.4321
13	17	0.9499	0.6141	0.5119
13	18	0.9996	0.5942	0.3858
13	22	0.5998	0.4594	0.5474
14	17	0.9999	0.2988	0.7246
14	18	0.9997	0.5972	0.4831
14	23	0.7966	0.4930	0.3355
15	16	0.9996	0.8473	0.7530
15	17	0.7997	0.4811	0.4897
16	17	0.9965	0.9973	0.2209
17	18	0.9980	0.6990	0.1863
18	19	0.9991	0.7019	0.4178
18	20	0.8001	0.8005	0.6011
18	22	0.8491	0.7151	0.8857
18	23	0.9494	0.6279	0.4548
18	24	0.9502	0.5649	0.3961
19	20	0.9998	0.7952	0.4727
19	21	0.6503	0.8163	0.5171
19	22	0.9996	0.7909	0.7257
19	23	0.9989	0.3580	0.4738
19	24	0.8989	0.2536	0.4369
19	26	0.9995	0.5649	0.4387
20	21	0.9984	0.9373	0.2890
20	22	0.9993	0.6510	0.4230
20	23	0.8007	0.6030	0.2816
20	26	0.5010	0.3369	0.3463
22	23	0.9997	0.6921	0.2792
22	26	0.6511	0.5943	0.4749
23	24	1.0000	0.5698	0.5027
23	26	0.9995	0.3428	0.5245
24	26	0.9496	0.3143	0.6592
25	26	1.0000	0.6216	0.4826
