0	1	1.0000	0.8298	0.2933
0	2	0.9999	0.6071	0.6556
0	3	0.9999	0.7876	0.2722
0	4	0.5507	0.5699	0.4987
0	5	0.7510	0.7907	0.1746
0	9	0.7147	0.7903	0.2647
0	20	0.9000	0.5561	0.6076
1	2	0.9999	0.7722	0.4631
1	3	0.9993	0.5306	0.4807
1	4	0.9989	0.9578	0.4617
1	5	0.9992	0.6279	0.5528
1	8	0.7502	0.3004	0.5953
1	20	0.9989	0.5159	0.6496
2	3	0.9999	0.6128	0.2136
2	4	1.0000	0.2595	0.8114
2	5	0.9488	0.5062	0.2125
2	20	0.9003	0.2587	0.3852
3	4	0.9992	0.8817	0.4699
3	5	0.9994	0.6277	0.5502
3	8	0.9981	0.5267	0.5172
3	20	0.7988	0.5717	0.5277
4	5	0.9999	0.5314	0.3803
6	7	0.8500	0.8479	0.5334
6	8	0.9496	0.6264	0.6124
6	20	0.6003	0.3688	0.6266
6	24	0.8003	0.2752	0.5023
7	8	0.9484	0.6736	0.1490
8	9	0.9991	0.8936	0.0926
9	10	0.9989	0.8740	0.2661
9	13	0.5496	0.7566	0.2096
9	19	0.8995	0.7297	0.6594
9	20	0.9991	0.8564	0.6604
9	21	0.9487	0.6392	0.8132
9	24	0.7501	0.4430	0.4283
10	11	0.9987	0.5402	0.0824
10	12	0.9991	0.4460	0.6341
10	13	0.8498	0.3785	0.3184
10	14	0.9985	0.7471	0.1554
10	16	0.7484	0.7097	0.2182
10	19	0.9486	0.3412	0.6268
10	20	0.8502	0.2959	0.5904
10	21	0.9999	0.1847	0.9678
10	23	0.6000	0.3015	0.3893
10	24	0.8479	0.2943	0.2711
11	12	0.9489	0.5189	0.5476
11	13	0.9987	0.3277	0.4436
11	14	0.8002	0.4929	0.3352
11	15	0.9999	0.8129	0.3583
11	16	0.8992	0.4687	0.4714
11	19	0.6497	0.3982	0.6286
11	20	0.9996	0.4727	0.4509
11	21	0.9477	0.2969	0.7552
11	23	0.5993	0.4611	0.6171
11	24	0.9496	0.3224	0.4490
12	13	1.0000	0.6760	0.4343
12	14	0.9992	0.5673	0.4897
12	15	0.9998	0.7675	0.2985
12	17	0.5015	0.5709	0.2907
12	19	0.5503	0.3555	0.3319
12	20	0.7997	0.5346	0.4365
12	21	0.5504	0.4426	0.6282
12	24	0.8005	0.3618	0.3992
13	14	1.0000	0.5541	0.3026
13	15	0.8002	0.3589	0.4930
13	16	1.0000	0.5256	0.4379
13	19	0.9998	0.2852	0.8435
13	21	0.9497	0.1856	0.9175
14	15	0.9999	0.7946	0.3576
14	16	0.9995	0.5032	0.4462
14	17	0.8006	0.9520	0.2642
15	16	1.0000	0.5889	0.5744
16	17	0.8991	0.9934	0.3540
16	18	0.9489	0.7146	0.5557
16	19	0.9490	0.5015	0.4922
17	18	0.9991	0.8663	0.1969
17	19	0.9498	0.2246	0.9524
18	19	0.9983	0.5129	0.1004
19	20	0.9992	0.8747	0.5202
19	21	0.9991	0.5782	0.4868
19	22	0.5008	0.7985	0.3811
19	23	0.9996	0.6531	0.5166
19	24	0.8993	0.8400	0.2028
20	21	0.9999	0.4809	0.7576
21	22	0.9499	0.9152	0.2802
21	23	0.9975	0.6933	0.7331
21	24	0.9986	0.7377	0.2585
22	23	0.9480	0.5020	0.5562
23	24	0.9990	0.8672	0.2881
