0	1	0.9984	0.8148	0.1451
0	2	0.9997	0.7600	0.6219
0	3	0.8491	0.4204	0.6762
0	5	0.8502	0.7253	0.4233
0	6	0.9991	0.5955	0.2286
0	7	0.8969	0.5918	0.5706
1	2	0.9976	0.3816	0.4393
1	4	0.8498	0.4385	0.5911
1	5	0.9490	0.5433	0.7442
1	6	0.9993	0.4505	0.5032
1	7	0.9985	0.4028	0.4825
1	8	0.9002	0.4512	0.4018
1	15	0.9980	0.5567	0.1151
2	3	0.8474	0.9389	0.1740
2	4	0.9979	0.6361	0.4667
2	5	0.9986	0.6220	0.6829
2	6	0.9977	0.5091	0.5360
2	7	0.9978	0.8350	0.4450
2	8	0.5201	0.2840	0.3215
2	15	0.9491	0.4636	0.1477
3	4	0.7004	0.3017	0.1720
4	6	0.7494	0.4790	0.5212
4	15	0.7001	0.6767	0.2760
5	6	0.9972	0.4631	0.4044
5	15	0.5503	0.7508	0.3068
6	7	0.9976	0.9235	0.4401
6	8	0.9488	0.4771	0.4550
6	15	0.8001	0.4708	0.1707
7	8	0.9986	0.4996	0.3766
7	9	0.6998	0.2556	0.5576
7	10	0.8495	0.4315	0.6813
7	11	0.9994	0.3475	0.1322
7	14	0.5504	0.4877	0.1583
7	15	0.6006	0.6792	0.0497
8	9	0.9988	0.9620	0.5228
8	10	0.7000	0.6471	0.7495
8	11	1.0000	0.5703	0.3706
8	12	0.9984	0.8754	0.4905
8	13	0.9986	0.5594	0.5494
8	14	0.9988	0.5129	0.4892
8	15	0.9980	0.4120	0.0361
9	10	0.9498	0.8656	0.2836
9	11	1.0000	0.4998	0.9176
9	12	0.8501	0.6302	0.3036
9	13	0.9982	0.6238	0.3711
9	14	0.9492	0.6781	0.6232
9	15	0.6502	0.7106	0.2824
10	11	0.8498	0.6666	0.3567
10	12	0.9990	0.6899	0.7551
11	12	0.9990	0.7239	0.5332
11	13	0.9977	0.5226	0.5000
11	14	0.9992	0.4928	0.5144
11	15	0.9979	0.8750	0.0755
12	13	0.9986	0.6281	0.1927
12	14	0.9996	0.6904	0.6164
13	14	0.9996	0.5266	0.5583
13	15	0.9981	0.7985	0.0393
14	15	0.9989	0.7240	0.1422
15	16	0.9995	0.3410	0.4943
15	17	0.9500	0.6339	0.5994
16	17	0.9975	0.9217	0.1865
