0	1	0.9491	0.9233	0.3589
0	2	0.9000	0.6198	0.5848
0	3	0.8501	0.6016	0.4689
0	4	0.6001	0.3327	0.8508
0	5	0.9988	0.4771	0.5126
1	2	0.9996	0.8393	0.4091
2	3	1.0000	0.7768	0.3095
2	4	0.9997	0.9388	0.3935
2	5	0.9495	0.9464	0.5623
2	15	0.6007	0.6437	0.4836
3	4	0.9999	0.8293	0.4866
3	5	0.9996	0.9030	0.6584
3	8	0.6515	0.6396	0.7778
3	11	0.7506	0.8558	0.4197
3	12	0.9498	0.8817	0.6641
3	14	0.8001	0.8528	0.5567
3	15	0.9994	0.6364	0.4909
4	5	0.9986	0.7263	0.5912
4	6	0.8002	0.7951	0.4206
4	7	0.8007	0.8421	0.4398
4	8	0.6803	0.7340	0.7570
4	11	0.9998	0.7809	0.4550
4	12	0.9984	0.8316	0.5891
5	6	0.9994	0.9287	0.3434
5	7	0.6004	0.8484	0.2347
5	8	0.7500	0.7460	0.5891
5	11	0.9501	0.7683	0.3557
6	7	0.9996	0.8815	0.4621
6	8	0.9495	0.4055	0.2050
6	10	0.8001	0.6199	0.2765
7	8	0.9988	0.7313	0.1363
7	9	0.8501	0.5881	0.6648
7	10	0.9484	0.6388	0.6139
8	9	0.9998	0.8122	0.2310
8	10	0.9999	0.7802	0.5302
8	11	0.9997	0.6222	0.3079
9	10	1.0000	0.6257	0.4883
9	11	0.9997	0.6336	0.4447
9	12	0.7003	0.5358	0.5819
10	11	0.9999	0.6299	0.4187
10	12	0.9494	0.5554	0.5055
11	12	0.9999	0.5657	0.5186
11	14	0.8502	0.6477	0.3501
11	15	0.7503	0.6977	0.3815
12	13	0.9957	0.9672	0.7020
12	14	1.0000	0.8037	0.4308
12	15	1.0000	0.8429	0.4994
13	14	0.9981	0.5688	0.1642
13	15	0.9990	0.1991	0.7270
14	15	0.9999	0.6596	0.5375
