0	2	0.6002	0.5212	0.5629
1	2	0.9999	0.7716	0.4088
1	3	1.0000	0.6694	0.4198
1	4	0.8500	0.9672	0.4720
1	6	0.7002	0.6980	0.6432
1	7	0.9996	0.6378	0.5178
1	8	0.9007	0.8540	0.3805
1	9	0.8005	0.7049	0.4418
1	10	0.6508	0.9276	0.3041
1	20	0.5499	0.8222	0.7885
1	21	0.8006	0.3622	0.8694
2	3	0.9997	0.5379	0.3736
2	4	0.9006	0.2418	0.8345
2	7	0.9503	0.4406	0.6969
2	9	0.8000	0.3794	0.8692
2	12	0.8001	0.3880	0.4844
2	19	0.6506	0.2844	0.7968
2	21	0.9499	0.6857	0.5968
2	22	0.9493	0.3730	0.4394
3	4	0.9993	0.8925	0.6012
3	5	0.9989	0.6289	0.5754
3	6	0.9993	0.7664	0.6520
3	7	0.8494	0.5263	0.4832
3	8	0.8993	0.8037	0.3086
3	9	0.9480	0.5415	0.6138
4	5	0.9985	0.7880	0.4398
4	6	0.8537	0.5370	0.4487
4	7	0.7499	0.4679	0.8722
4	12	0.7003	0.6012	0.2168
5	6	0.7997	0.6250	0.6221
5	7	0.5503	0.5739	0.3753
6	7	0.8500	0.7355	0.4990
6	8	0.9494	0.7294	0.6726
6	9	0.5507	0.6020	0.4476
7	8	0.9995	0.8432	0.3815
7	9	0.9990	0.6272	0.5732
7	10	0.9485	0.9685	0.2120
8	9	0.9989	0.4220	0.5314
8	10	0.9998	0.1743	0.5911
8	11	0.9483	0.4236	0.6086
8	13	0.6011	0.4117	0.5332
9	10	0.9495	0.8369	0.3802
10	11	0.7995	0.4534	0.6577
11	12	0.8493	0.7000	0.4199
11	13	0.9001	0.7599	0.5376
12	13	0.7502	0.6648	0.5289
12	14	0.9498	0.7499	0.3469
13	14	0.9993	0.7191	0.2281
13	15	0.7992	0.5442	0.5810
13	17	0.5518	0.5092	0.6170
13	18	0.9993	0.6499	0.7958
14	15	0.9997	0.7864	0.3644
14	16	0.9999	0.8037	0.5840
14	17	0.9998	0.5879	0.4818
14	18	0.9989	0.5036	0.4324
14	19	0.7505	0.1225	0.8505
15	16	0.9992	0.8023	0.4236
15	17	0.9997	0.6399	0.4928
15	18	0.8002	0.5353	0.5030
16	17	0.9493	0.4607	0.5260
16	18	0.8006	0.6965	0.3607
17	18	0.9992	0.7650	0.2997
18	19	0.9993	0.8921	0.1494
18	21	0.5007	0.7327	0.6055
19	20	0.9961	0.9830	0.4853
19	21	0.9991	0.7060	0.5478
19	22	0.7003	0.5816	0.5499
19	25	0.8992	0.4796	0.5660
19	38	0.5500	0.7704	0.6538
20	22	0.9991	0.6103	0.9854
20	25	0.5502	0.6675	0.3203
21	22	0.9989	0.6359	0.2252
21	23	0.5007	0.4420	0.6743
21	24	0.9985	0.6393	0.2571
21	25	0.8003	0.6402	0.6290
21	26	0.8495	0.4641	0.1360
21	38	0.6007	0.3441	0.4641
22	23	0.9991	0.8508	0.3674
22	24	0.8000	0.5941	0.2606
22	25	0.8496	0.4625	0.5989
23	24	0.9498	0.7496	0.6541
23	25	0.8504	0.7668	0.3450
24	25	0.9997	0.6382	0.6155
24	26	0.9991	0.4948	0.3826
24	27	0.6004	0.5842	0.3368
25	26	1.0000	0.7269	0.2810
25	27	0.9509	0.3082	0.5881
26	27	0.9998	0.8477	0.4721
26	28	0.6009	0.5159	0.2902
26	38	0.8496	0.3836	0.6333
27	28	0.9991	0.5536	0.5147
27	29	0.7504	0.4690	0.5850
27	33	0.6014	0.3643	0.4269
28	29	0.9993	0.7199	0.5570
28	30	0.8996	0.6494	0.5271
28	31	0.8502	0.7481	0.4628
28	32	0.9497	0.6736	0.4622
28	33	0.7997	0.7575	0.5445
29	30	0.9994	0.6586	0.5787
29	32	0.9993	0.6277	0.6010
29	33	0.7506	0.6530	0.5437
30	31	0.9989	0.8432	0.6578
30	32	0.9992	0.5615	0.5643
30	33	0.9995	0.5906	0.6536
30	34	0.7490	0.4716	0.3822
30	37	0.8488	0.4323	0.5285
31	32	0.9991	0.7180	0.6114
31	33	1.0000	0.6621	0.4877
31	37	0.5002	0.6979	0.4057
32	33	0.9996	0.6967	0.5219
32	34	0.9994	0.6048	0.4637
32	37	0.9988	0.5304	0.5530
33	34	0.9995	0.4844	0.3803
33	35	0.8500	0.2046	0.5868
33	36	0.7506	0.6081	0.3224
33	37	0.9997	0.4779	0.5072
34	35	0.9500	0.9118	0.2780
34	36	0.7503	0.3837	0.2751
34	37	0.9984	0.4600	0.7096
34	38	0.9994	0.6529	0.5118
35	36	0.9992	0.5888	0.0753
35	37	0.8518	0.1961	0.8875
36	37	0.9990	0.4171	0.3356
37	38	0.9993	0.8772	0.6271
