0	1	0.9980	0.6617	0.4979
0	2	0.9999	0.5068	0.4393
0	4	0.9993	0.7874	0.8222
0	5	0.9999	0.6388	0.4999
0	6	0.9989	0.9498	0.1299
0	7	0.9999	0.6669	0.4118
0	27	1.0000	0.1478	0.9266
1	2	1.0000	0.7314	0.2767
1	5	1.0000	0.4938	0.7171
1	7	0.9999	0.3105	0.8394
1	11	0.5496	0.1265	0.8096
1	22	0.7505	0.0812	0.3370
1	27	0.9999	0.8720	0.4091
2	3	0.9997	0.9048	0.5108
2	4	0.9990	0.8469	0.7475
2	5	0.9998	0.5743	0.4454
2	6	0.9982	0.9088	0.1620
2	27	0.9504	0.0050	0.9071
3	4	0.9984	0.8236	0.3880
4	5	1.0000	0.6502	0.4785
4	6	0.9998	0.5961	0.5769
5	6	0.9984	0.9578	0.2500
5	7	0.9994	0.5380	0.3764
5	27	0.9999	0.1105	0.9479
6	7	0.9995	0.4722	0.3735
6	8	0.7504	0.3003	0.5863
6	9	0.7504	0.6540	0.4466
6	10	0.9012	0.1405	0.0994
7	8	0.9996	0.9714	0.3891
7	9	0.9498	0.4648	0.6558
7	10	0.9987	0.5645	0.5651
7	11	0.8499	0.6143	0.6574
7	14	0.7998	0.7076	0.5639
7	27	0.9996	0.3536	0.7183
8	9	0.9500	0.7650	0.3440
8	10	0.8498	0.3882	0.3871
8	11	0.5505	0.3138	0.5959
9	10	0.8497	0.5248	0.0782
10	11	0.9970	0.6542	0.7251
10	27	0.8492	0.7890	0.8258
11	27	0.9003	0.8807	0.5275
12	14	0.9996	0.5836	0.7335
12	15	0.9984	0.8037	0.8173
12	16	0.9995	0.5629	0.5779
12	17	0.9993	0.8058	0.4332
12	18	0.9994	0.4974	0.3682
12	20	0.8495	0.7770	0.5698
12	21	0.9980	0.4324	0.4575
12	25	0.9005	0.6877	0.8032
12	26	0.9996	0.8000	0.4400
13	14	0.9962	0.8394	0.1735
14	15	0.9943	0.9786	0.2190
14	16	0.9996	0.7702	0.4239
14	17	0.9997	0.5207	0.4194
14	18	0.5504	0.5358	0.1380
14	21	0.9497	0.5192	0.5740
14	22	0.6501	0.5030	0.1896
14	25	0.9003	0.6387	0.5175
14	26	0.9495	0.8660	0.4073
15	16	0.9982	0.9751	0.0349
15	20	0.5002	0.3750	0.9503
15	21	0.6499	0.7619	0.0687
15	25	0.5506	0.6289	0.9650
15	26	0.7982	0.6796	0.3242
16	17	0.9998	0.7015	0.4358
16	18	0.9499	0.5182	0.3544
16	20	0.9999	0.6880	0.8556
16	21	0.9997	0.6509	0.5400
16	22	0.7485	0.9377	0.3408
16	23	0.8007	0.6169	0.4889
16	24	0.6506	0.7583	0.4634
16	25	1.0000	0.2579	0.8654
16	26	0.9988	0.1322	0.4659
17	18	0.9998	0.4178	0.4498
17	21	0.9997	0.4451	0.5202
17	26	0.6683	0.7386	0.4061
18	19	0.9978	0.9411	0.6651
18	20	0.9993	0.8085	0.5457
18	21	0.6502	0.3693	0.2329
18	26	0.8018	0.0278	0.4324
19	20	0.9985	0.9306	0.4862
20	21	1.0000	0.7349	0.4345
20	22	0.9999	0.6050	0.5391
20	23	0.9975	0.8228	0.1904
20	24	0.8986	0.6422	0.3443
20	26	0.9986	0.9607	0.3832
21	22	0.9986	0.9199	0.3574
21	23	0.9998	0.7336	0.6065
21	24	0.9998	0.8191	0.4866
21	25	1.0000	0.5737	0.6235
21	26	0.9995	0.3250	0.6031
21	27	0.5009	0.8422	0.3103
22	23	0.9997	0.5221	0.4533
22	24	0.9990	0.4755	0.3669
22	26	0.9986	0.8397	0.6823
23	24	0.9988	0.5833	0.5278
23	25	0.9991	0.3105	0.6931
23	26	0.9981	0.1351	0.6974
24	25	0.9988	0.6095	0.6318
24	26	0.9997	0.5935	0.7026
25	26	0.9997	0.9287	0.4240
26	27	0.9993	0.9264	0.2341
