0	1	1.0000	0.9312	0.3170
0	2	1.0000	0.8928	0.5432
0	3	1.0000	0.8991	0.5156
0	58	0.6501	0.5907	0.6514
0	59	0.9985	0.8107	0.1748
1	2	0.9992	0.4412	0.5357
1	3	0.9994	0.3646	0.5946
1	4	0.9991	0.4853	0.2740
1	5	0.9982	0.5994	0.7086
1	6	0.8053	0.3934	0.5105
1	24	0.5502	0.5521	0.3613
1	25	0.5500	0.2574	0.5725
1	28	0.9992	0.4396	0.6353
1	29	0.6004	0.4508	0.3430
1	32	0.8499	0.5254	0.8236
1	33	0.7498	0.6396	0.8142
1	34	0.9987	0.8187	0.7754
2	3	0.9999	0.4940	0.4724
2	4	0.9997	0.4879	0.4540
2	5	0.9978	0.4408	0.6394
2	6	0.7999	0.2517	0.4799
3	4	1.0000	0.5703	0.3706
3	5	0.9993	0.5729	0.6476
3	6	0.9984	0.3219	0.4847
4	5	1.0000	0.6721	0.5143
4	6	0.9995	0.6704	0.5452
4	7	1.0000	0.6925	0.3910
4	8	0.6007	0.6986	0.3061
5	6	1.0000	0.6167	0.4935
5	7	1.0000	0.5692	0.4284
5	8	0.9994	0.4570	0.5757
5	11	0.5503	0.4028	0.5371
6	7	0.9999	0.6399	0.4434
6	8	0.9998	0.5744	0.6606
6	10	0.7015	0.7328	0.2458
7	8	0.9998	0.5166	0.4692
7	10	0.9993	0.5332	0.4585
7	11	0.9999	0.4902	0.5183
7	12	0.9492	0.5131	0.4657
7	13	0.5544	0.3248	0.2118
8	9	0.7498	0.8356	0.3777
8	10	0.9995	0.5000	0.4783
8	11	0.9000	0.6758	0.4632
8	12	0.9997	0.5955	0.4242
9	10	0.6998	0.5966	0.1692
9	12	0.6010	0.0809	0.3533
10	11	0.9999	0.5092	0.5069
10	12	0.9994	0.6163	0.4943
10	14	0.5004	0.3777	0.2262
11	12	0.9991	0.4547	0.5765
11	13	0.9994	0.4644	0.5123
11	14	0.9989	0.4108	0.5325
11	15	0.7002	0.2416	0.3989
11	16	0.8989	0.3930	0.7028
11	17	0.7999	0.4754	0.3606
12	13	0.9993	0.5048	0.3885
12	14	0.9998	0.6146	0.4858
12	15	0.9498	0.6366	0.3495
12	16	0.9991	0.6548	0.5959
12	17	0.9494	0.6418	0.2930
13	14	0.8002	0.4960	0.3928
13	15	0.8499	0.4689	0.4321
13	16	0.7500	0.5897	0.4436
13	17	0.6485	0.5255	0.4883
14	15	0.9990	0.4905	0.3884
14	16	0.9991	0.5350	0.6020
14	17	0.9996	0.5542	0.4692
15	16	0.9999	0.4545	0.5766
15	17	0.7491	0.3167	0.3731
15	18	0.8998	0.4193	0.3644
15	19	0.7003	0.5341	0.5122
15	20	0.9494	0.5627	0.4974
15	21	0.5006	0.4902	0.4795
16	17	0.9980	0.6765	0.5096
16	18	0.8992	0.5820	0.3502
16	19	0.7007	0.5317	0.5599
16	20	0.9499	0.6224	0.4510
16	21	0.9499	0.4637	0.4767
17	18	0.8501	0.6166	0.4614
19	20	0.9998	0.6891	0.4818
19	21	0.9494	0.7164	0.5751
19	22	0.9492	0.4946	0.5328
19	23	0.8494	0.8109	0.3391
19	24	0.9995	0.8575	0.5890
19	25	0.8995	0.7518	0.5882
20	21	0.9999	0.5853	0.5530
20	22	0.7501	0.3397	0.3953
20	23	0.9994	0.5736	0.4209
20	24	0.8998	0.7894	0.4607
20	25	0.9496	0.6644	0.5346
20	26	0.6499	0.4407	0.4992
21	22	0.9993	0.3718	0.3899
21	23	0.9995	0.4385	0.2741
21	24	0.9992	0.6537	0.4747
21	25	0.9983	0.5083	0.4617
22	23	0.7914	0.4436	0.1799
22	24	0.7501	0.4894	0.5214
22	25	0.5498	0.5408	0.2839
23	24	0.9997	0.5786	0.4793
23	25	0.9999	0.6052	0.4414
23	26	0.9996	0.6120	0.5603
24	25	1.0000	0.5450	0.4289
24	26	0.9983	0.6369	0.6723
24	27	0.5872	0.5369	0.2907
24	28	0.9485	0.5701	0.4956
25	26	1.0000	0.6238	0.4951
25	27	0.9992	0.4858	0.3844
25	28	0.9998	0.4810	0.4178
25	29	0.9984	0.3401	0.3886
25	30	0.5010	0.2880	0.3379
25	32	0.8982	0.3815	0.5119
25	33	0.6009	0.2634	0.5279
26	27	0.9990	0.8364	0.4836
26	28	0.9993	0.5279	0.5194
26	29	0.9989	0.6338	0.5133
26	32	0.8495	0.6716	0.4881
27	28	0.9997	0.6104	0.4101
27	29	0.6011	0.3338	0.4804
27	32	0.5502	0.6962	0.4567
27	33	0.5511	0.5235	0.4403
28	29	0.9981	0.4341	0.4077
28	30	0.8985	0.4684	0.5237
28	31	0.7986	0.3885	0.4288
28	32	0.8995	0.4935	0.4819
28	33	0.9479	0.5118	0.5474
28	34	0.5505	0.4898	0.3243
29	30	0.9985	0.4080	0.3524
29	31	0.9499	0.4914	0.4484
29	32	0.9980	0.4115	0.4381
29	33	0.9494	0.5012	0.4807
30	32	0.9985	0.4022	0.4685
30	33	0.9994	0.4986	0.5295
30	34	0.8485	0.3472	0.4670
31	32	0.9990	0.4884	0.5076
31	33	0.9997	0.6312	0.4655
31	34	0.7995	0.5564	0.4810
32	33	0.9983	0.5301	0.5501
33	34	0.9992	0.5989	0.5109
34	35	0.7496	0.5464	0.3342
34	36	0.7505	0.5657	0.2863
34	37	0.9970	0.6620	0.9188
34	38	0.6001	0.3611	0.3775
35	36	0.9997	0.6846	0.4589
35	37	0.9988	0.6337	0.8124
35	38	0.9968	0.4699	0.6435
35	39	0.7501	0.6801	0.5223
35	40	0.7502	0.7085	0.6556
35	41	0.7002	0.5985	0.3074
36	37	0.9997	0.5459	0.7834
36	38	0.9997	0.4570	0.6718
36	39	0.8996	0.4972	0.5948
36	40	0.9990	0.4725	0.5716
36	41	0.9990	0.4320	0.4079
36	42	0.9987	0.3838	0.5540
36	43	0.9979	0.2612	0.5560
37	38	0.9991	0.8441	0.6238
37	39	0.9497	0.7691	0.6285
37	40	0.9996	0.7639	0.6111
37	41	0.8528	0.7806	0.4995
37	42	0.7998	0.7041	0.3900
38	39	0.9997	0.7152	0.4701
38	40	0.9986	0.6632	0.6409
38	41	0.9995	0.6924	0.4419
38	42	0.9992	0.7170	0.5344
38	43	0.6495	0.7129	0.5257
39	40	0.9996	0.5569	0.5686
39	41	0.9995	0.5274	0.5799
39	42	0.9991	0.5006	0.6533
39	43	0.9995	0.4620	0.6019
39	44	0.9994	0.5068	0.6438
39	45	0.6626	0.4670	0.4862
39	46	0.6002	0.4695	0.4330
39	47	0.6005	0.4143	0.3381
40	41	0.9998	0.5145	0.5115
40	42	0.9996	0.5357	0.6231
40	43	0.9988	0.6242	0.6002
40	44	0.9986	0.4527	0.7093
41	42	0.9995	0.4844	0.5733
41	43	0.9994	0.5732	0.5991
41	44	0.9997	0.6089	0.6525
41	45	0.9995	0.6271	0.4212
41	47	0.6012	0.4495	0.2953
41	48	0.8491	0.7001	0.5239
42	43	0.9996	0.6263	0.5343
42	44	0.9986	0.8691	0.5678
42	45	0.9495	0.8606	0.3946
42	47	0.6503	0.7010	0.3267
42	48	0.7500	0.8888	0.5267
43	44	0.9999	0.7411	0.4969
43	45	0.9998	0.7337	0.4959
43	46	0.9998	0.7647	0.4514
43	47	0.8499	0.5718	0.4739
43	48	0.9496	0.8306	0.3728
43	49	0.9486	0.7957	0.4293
44	45	0.9998	0.6034	0.5140
44	46	0.9999	0.5183	0.5964
44	47	0.9987	0.5339	0.6516
44	49	0.9993	0.5836	0.4057
44	50	0.9986	0.6151	0.3292
45	46	0.9991	0.5307	0.5468
45	47	0.9990	0.5395	0.5902
45	48	0.9990	0.4225	0.5151
45	49	0.9500	0.5748	0.4704
45	50	0.9486	0.5194	0.3640
46	47	0.9997	0.5893	0.6039
46	48	0.9998	0.6563	0.4493
46	49	0.9993	0.6126	0.4332
46	51	0.7501	0.6350	0.4256
47	48	0.9999	0.6793	0.4565
47	49	0.9999	0.6630	0.4390
47	50	0.9499	0.6059	0.4025
47	51	0.6506	0.5759	0.3903
48	49	0.9998	0.5553	0.4687
48	50	0.9991	0.4872	0.4217
48	51	0.8484	0.5182	0.6285
48	55	0.6000	0.4605	0.2090
49	50	0.9992	0.5140	0.2820
49	51	0.9488	0.4467	0.3899
49	52	0.5507	0.3788	0.4493
50	51	0.9999	0.7081	0.4266
50	52	0.9499	0.5565	0.4432
51	53	0.9494	0.5211	0.5332
51	55	0.8997	0.6024	0.5788
51	58	0.7507	0.3683	0.2848
52	53	0.9986	0.5185	0.5736
52	54	0.8000	0.6695	0.5357
52	55	0.9997	0.6038	0.5840
52	56	0.9471	0.4109	0.6417
52	57	0.7507	0.5512	0.4251
52	58	0.9499	0.4206	0.3100
52	59	0.7489	0.3172	0.5549
53	54	0.9499	0.7268	0.7336
53	55	0.9982	0.6030	0.6377
53	56	0.9483	0.4756	0.6108
53	57	0.6505	0.5995	0.6736
53	58	0.9490	0.4305	0.3844
53	59	0.5502	0.4511	0.4524
54	55	0.9975	0.7619	0.3303
55	56	0.9495	0.8091	0.5758
55	57	0.7993	0.4426	0.7569
55	58	0.9994	0.7124	0.4835
55	59	0.9991	0.6903	0.5995
56	57	0.8998	0.6383	0.4484
56	58	0.9997	0.5628	0.4565
56	59	0.9488	0.5261	0.4772
57	58	0.9991	0.4335	0.4429
57	59	0.6481	0.3844	0.4606
58	59	0.9983	0.3850	0.4590
60	61	0.9999	0.7944	0.2662
60	62	0.8996	0.7228	0.6087
60	63	0.9999	0.7806	0.3705
60	64	0.9997	0.8732	0.4083
61	62	0.6967	0.4121	0.3112
61	64	0.6504	0.5210	0.3672
62	63	0.8499	0.6764	0.2078
62	64	0.6505	0.6762	0.3438
