0	1	0.9993	0.8031	0.3215
0	2	1.0000	0.6175	0.3579
0	3	0.9499	0.9991	0.2653
0	5	0.5009	0.9864	0.6330
0	24	0.8497	0.9629	0.8180
0	25	0.9986	0.3208	0.7428
1	2	1.0000	0.2842	0.4616
1	6	0.8004	0.1830	0.5988
1	10	0.9502	0.1032	0.0016
1	25	1.0000	0.7232	0.8913
2	3	1.0000	0.9503	0.2025
2	25	0.8996	0.0877	0.7328
3	4	0.9498	0.1054	0.7603
3	5	0.9993	0.4266	0.4594
3	6	0.9000	0.1566	0.7834
3	7	0.5509	0.0548	0.3400
3	10	0.9504	0.0063	0.0215
3	22	0.6005	0.0879	0.9846
3	24	0.9998	0.0728	0.7943
4	5	0.9993	0.7887	0.5439
4	7	0.9998	0.4038	0.9438
4	10	0.7004	0.5853	0.0434
4	24	0.9998	0.4984	0.8416
4	25	0.9999	0.3340	0.8871
5	6	0.9987	0.5850	0.2889
5	7	0.9997	0.1552	0.9125
5	8	0.9498	0.1926	0.7002
5	9	0.6986	0.6033	0.3196
5	10	0.9962	0.5289	0.0113
5	24	0.9999	0.4986	0.7802
6	7	0.8994	0.5761	0.4056
6	10	0.9980	0.5876	0.1182
6	24	0.9987	0.5349	0.8179
6	25	0.9993	0.0056	0.8420
7	8	0.9995	0.8469	0.4599
7	9	0.9981	0.9619	0.0722
7	10	0.9936	0.7457	0.0020
7	24	1.0000	0.5873	0.5790
7	25	0.7007	0.9448	0.5921
8	9	0.9988	0.7974	0.2900
8	10	0.9963	0.5625	0.0351
8	24	1.0000	0.4274	0.5728
8	25	0.9999	0.7541	0.8862
8	26	0.6503	0.6125	0.4755
9	10	0.9973	0.8930	0.0291
10	11	1.0000	0.7224	0.2829
10	12	0.9987	0.8116	0.5369
10	13	1.0000	0.5966	0.4698
10	14	0.9992	0.8051	0.4974
10	16	0.9981	0.8379	0.6357
10	19	0.9998	0.9817	0.8839
10	20	0.9993	0.9762	0.3511
10	21	0.9999	0.9957	0.9441
10	24	0.9998	0.4361	0.4264
10	25	0.9999	0.1331	0.9438
10	26	0.9962	0.0651	0.7328
10	27	0.9987	0.4074	0.5166
10	28	1.0000	0.4008	0.7599
10	29	0.9494	0.8516	0.3874
11	12	1.0000	0.4523	0.5932
11	13	0.8999	0.4845	0.3680
11	14	0.9981	0.4520	0.1451
11	16	0.5000	0.1126	0.5523
11	19	0.9985	0.4397	0.2223
11	20	0.8001	0.2318	0.3466
11	21	0.9990	0.2213	0.5267
11	22	0.8980	0.2689	0.4836
11	24	0.9477	0.2031	0.0810
12	13	0.9980	0.9080	0.4747
12	17	0.9470	0.9974	0.4073
12	18	0.6503	0.9258	0.8547
12	19	1.0000	0.9197	0.5817
12	20	0.7998	0.9643	0.3916
12	21	0.8999	0.8468	0.6887
13	14	0.9994	0.3598	0.6057
13	15	0.8984	0.3264	0.7731
13	16	0.6500	0.4780	0.9437
13	17	0.8497	0.5701	0.4858
13	18	0.7996	0.6543	0.5537
13	19	0.9984	0.5536	0.4447
13	22	0.8986	0.5203	0.9676
13	24	0.9970	0.4120	0.0813
13	28	0.7500	0.5506	0.2774
14	15	0.9501	0.9056	0.5184
14	16	0.8483	0.9389	0.3675
14	17	0.9982	0.9247	0.3226
14	18	0.7999	0.2948	0.5648
14	19	0.8988	0.4180	0.5774
14	20	0.5504	0.5525	0.1220
14	22	0.6004	0.5890	0.5417
15	17	0.9960	0.9980	0.0796
15	19	0.7495	0.3791	0.7211
15	22	0.7000	0.4652	0.8106
16	22	0.6001	0.5619	0.9660
16	24	0.9490	0.2896	0.0948
17	19	0.7488	0.3963	0.3524
17	22	0.9993	0.4728	0.9450
18	19	0.9494	0.9809	0.0628
18	20	0.9976	0.9602	0.5560
18	21	0.7999	0.9125	0.3536
19	20	0.9975	0.9582	0.3374
19	21	0.9500	0.6034	0.4369
20	21	0.9994	0.6352	0.2539
20	22	0.9985	0.4037	0.5170
20	27	0.6523	0.3548	0.5340
20	28	0.8503	0.2821	0.2179
22	28	0.7993	0.6152	0.4128
23	24	0.9491	0.9423	0.0548
23	27	0.7000	0.6646	0.7025
23	28	0.9983	0.9417	0.7323
23	29	0.9492	0.4781	0.2434
24	25	0.9988	0.9643	0.7783
24	26	0.9001	0.6142	0.5604
24	27	0.9984	0.4002	0.4565
24	28	0.9985	0.1262	0.7112
24	29	0.6515	0.0212	0.2351
25	26	0.9996	0.8835	0.2953
26	27	0.9987	0.7456	0.3010
27	28	0.9494	0.6266	0.1864
28	29	0.9492	0.5131	0.2627
29	30	0.9997	0.7777	0.3246
29	31	0.7506	0.6602	0.3509
29	33	0.8000	0.7467	0.1708
29	38	0.5008	0.7093	0.3185
29	39	0.9987	0.8041	0.5613
29	40	0.5502	0.8080	0.4188
30	31	0.9985	0.8641	0.4989
30	33	0.9987	0.8812	0.1846
30	39	0.6503	0.7240	0.6237
31	32	0.9994	0.8273	0.5648
31	33	0.7999	0.4417	0.2812
31	34	0.9495	0.6564	0.6843
31	35	0.7004	0.5959	0.2748
31	36	0.5993	0.4864	0.4462
31	37	0.9495	0.6822	0.5602
31	39	0.6257	0.6161	0.3105
32	33	0.7502	0.8020	0.1897
33	34	0.9993	0.5785	0.4555
33	35	0.5486	0.6168	0.6045
33	36	0.9986	0.8389	0.4514
33	37	0.9504	0.4585	0.6951
33	38	0.9998	0.7000	0.5196
33	39	0.9986	0.7590	0.5125
34	35	0.9990	0.5642	0.6165
34	37	0.9494	0.6535	0.5886
34	38	0.9991	0.3838	0.5373
35	36	0.9999	0.7875	0.5578
35	37	0.9488	0.4805	0.7341
35	38	0.9999	0.7027	0.5640
35	39	0.9995	0.8295	0.5215
35	40	0.9500	0.8061	0.4090
36	37	0.9998	0.5893	0.5600
36	38	0.9999	0.4388	0.8583
36	39	0.9991	0.6851	0.4181
36	40	0.9000	0.6640	0.6433
37	38	1.0000	0.6924	0.4950
37	39	0.9996	0.7394	0.3849
37	40	0.7912	0.6694	0.3302
38	39	0.9993	0.8655	0.4116
38	40	0.9998	0.8505	0.6588
39	40	0.7505	0.5082	0.4762
