0	1	0.9947	0.7402	0.0205
0	7	0.9999	0.9931	0.6316
0	9	0.9998	0.0025	0.2476
0	11	0.9978	0.0753	0.7732
0	14	0.6956	0.3948	0.5912
0	22	0.6451	0.3612	0.4271
1	9	1.0000	0.4004	0.5698
1	11	0.9969	0.0661	0.9710
1	14	0.9508	0.0096	0.9534
1	22	0.9991	0.9353	0.7633
2	3	0.9982	0.6942	0.4589
2	4	0.9999	0.5029	0.5393
2	5	1.0000	0.5751	0.7355
2	6	0.9999	0.6521	0.6372
2	7	0.9994	0.9906	0.4491
2	8	0.9998	0.8034	0.5896
2	22	0.9996	0.1964	0.9375
3	4	1.0000	0.6451	0.3073
3	6	1.0000	0.4059	0.6710
3	8	1.0000	0.5043	0.9524
3	9	1.0000	0.3269	0.0090
3	22	0.9997	0.6403	0.5963
4	5	0.9970	0.8698	0.7385
4	6	0.9999	0.5076	0.5180
5	6	1.0000	0.6251	0.3156
5	7	1.0000	0.2131	0.6016
5	8	0.9945	0.5546	0.0000
6	7	1.0000	0.9721	0.1990
6	8	1.0000	0.7112	0.4094
6	9	0.9497	0.7116	0.0000
6	22	0.9998	0.1009	0.9499
7	8	0.9979	0.4056	0.2115
8	9	0.9975	0.9276	0.0048
8	22	1.0000	0.4121	0.8311
9	10	0.9996	0.6919	0.2013
9	11	0.9992	0.2970	0.4072
9	17	0.9996	0.8401	0.4174
9	19	1.0000	0.8604	0.4406
9	22	0.9992	0.4082	0.2330
10	11	0.9979	0.6727	0.3224
10	12	1.0000	0.4342	0.6726
10	15	0.6681	0.4608	0.9110
10	16	0.9979	0.7961	0.6322
10	17	1.0000	0.5555	0.6417
10	18	0.9996	0.9773	0.9314
10	19	0.9995	0.4336	0.6554
11	12	0.9973	0.6213	0.4167
11	13	0.8011	0.2770	0.9957
11	14	0.9993	0.5497	0.5881
11	15	0.7510	0.7016	0.0290
11	17	0.9998	0.3729	0.7644
11	19	0.9999	0.4080	0.9346
12	13	0.9995	1.0000	0.8522
12	14	0.9996	0.4154	0.5057
12	15	1.0000	0.5181	0.4821
12	16	0.9981	0.8671	0.7205
12	17	1.0000	0.8017	0.2827
13	15	0.9988	0.6502	0.9336
14	15	0.9970	0.4849	0.0682
15	16	0.9979	0.9701	0.6092
16	17	1.0000	0.8444	0.3410
16	18	0.9993	0.3971	0.9472
17	18	1.0000	0.5234	0.9584
17	19	0.9991	0.4851	0.4864
17	20	0.6501	0.7152	0.9108
17	22	0.9981	0.8129	0.0000
18	19	0.9984	0.9618	0.3087
18	20	1.0000	0.2601	0.9253
18	21	0.9991	0.2561	0.4870
19	20	1.0000	0.6573	0.9748
19	21	0.9491	0.2972	0.6211
19	22	0.9998	0.9098	0.0071
20	21	0.9963	0.6009	0.2467
20	22	0.8000	0.9134	0.0000
21	22	0.9990	0.9658	0.0000
