1	2	0.9481	0.9556	0.3652
1	3	0.5532	0.4511	0.2252
1	4	0.9993	0.7305	0.9539
1	5	0.9494	0.5065	0.3420
1	7	0.9983	0.6625	0.9733
1	8	0.9479	0.6742	0.7188
1	9	0.9986	0.3635	0.5330
2	3	0.6519	0.3298	0.0854
2	4	0.9973	0.6212	0.9764
2	5	0.9972	0.5561	0.4837
2	7	0.8505	0.3952	0.9715
2	8	0.9498	0.5826	0.8158
2	9	0.9503	0.0296	0.2373
3	4	0.9999	0.7100	0.4223
3	5	0.9998	0.8173	0.6978
3	9	0.6006	0.3549	0.3868
4	5	0.9994	0.4579	0.4869
4	6	0.9509	0.2127	0.3860
4	7	0.9501	0.9572	0.4723
4	8	0.9995	0.9378	0.3626
4	9	0.9981	0.5753	0.6334
5	6	0.9995	0.9812	0.4088
5	7	0.9984	0.3346	0.2347
5	8	0.9987	0.4446	0.2154
5	9	0.9976	0.6105	0.6025
6	7	0.9991	0.8819	0.1172
6	8	1.0000	0.7616	0.2840
6	9	1.0000	0.3969	0.3396
6	10	1.0000	0.9958	0.9506
7	9	1.0000	0.5519	0.5758
8	9	0.9999	0.4391	0.4252
9	13	0.9994	0.9995	0.7199
10	11	0.9989	0.9319	0.1893
10	12	0.7484	0.5137	0.3489
10	13	0.9985	0.4449	0.1302
10	15	0.9998	0.5607	0.6160
10	17	0.9994	0.1911	0.1277
10	19	0.9993	0.6028	0.2578
11	12	0.9991	0.2875	0.6837
11	13	0.7889	0.1664	0.4109
11	15	0.9995	0.1323	0.5575
12	13	1.0000	0.9323	0.0720
12	15	1.0000	0.2652	0.9450
13	15	0.9977	0.0123	0.7656
14	15	0.9984	0.2543	0.1770
14	16	0.9990	0.6427	0.5980
14	18	0.9977	0.3842	0.0133
15	16	1.0000	0.3968	0.8691
15	17	1.0000	0.5097	0.7364
15	18	1.0000	0.0789	0.0097
15	19	0.9987	0.3188	0.0998
17	18	0.9982	0.9825	1.0000
17	19	0.9995	0.4716	0.5912
18	19	0.8499	0.8801	0.3584
