0	1	0.9992	0.5703	0.6278
0	2	0.9493	0.7086	0.6514
0	3	0.9995	0.3606	0.5436
0	4	0.9996	0.4944	0.4487
0	5	0.9999	0.5856	0.3910
0	6	0.9490	0.5921	0.5134
0	7	0.9990	0.6422	0.5335
0	8	0.5001	0.6157	0.5928
0	9	0.7016	0.5315	0.4094
0	10	0.9997	0.5308	0.7417
0	11	0.7005	0.3508	0.5378
0	13	0.7006	0.3844	0.4645
0	14	0.9989	0.4091	0.6756
0	15	0.8993	0.3751	0.3136
0	16	0.8490	0.5052	0.4458
0	17	0.8000	0.3912	0.5494
1	2	0.9997	0.7493	0.4642
1	3	0.8486	0.6886	0.4574
1	5	0.7466	0.3396	0.5427
1	6	0.9979	0.4471	0.3504
1	10	0.5498	0.3292	0.6520
1	17	0.5997	0.3262	0.6339
2	3	0.7998	0.8679	0.4098
2	5	0.6494	0.3056	0.5561
2	6	0.6007	0.6169	0.4866
2	16	0.5000	0.5720	0.3890
2	18	0.6503	0.7599	0.5815
3	4	0.9992	0.7298	0.5035
3	5	0.9972	0.6812	0.1590
3	6	0.9991	0.2919	0.6479
3	7	0.6001	0.5048	0.4674
3	9	0.7500	0.5327	0.3786
3	10	0.9998	0.4595	0.7421
4	5	0.9988	0.5359	0.2411
4	6	0.7989	0.5702	0.3047
4	7	0.8995	0.5078	0.5608
4	10	0.9991	0.6767	0.8444
5	6	0.9989	0.7900	0.3949
5	7	0.9492	0.6114	0.2538
5	8	0.9985	0.9170	0.6905
5	9	0.7999	0.6587	0.3786
5	10	0.9986	0.5874	0.6750
5	11	0.5503	0.5753	0.4071
6	7	0.9979	0.6087	0.1622
6	8	0.5564	0.5521	0.3889
6	9	0.7501	0.5086	0.4229
6	10	0.6495	0.5031	0.3481
7	8	0.9993	0.6751	0.6034
7	9	0.6009	0.3878	0.3234
7	10	0.8996	0.3789	0.6445
8	9	0.9998	0.7609	0.3365
8	10	0.9999	0.5489	0.4598
8	11	0.8998	0.5622	0.7514
8	14	0.5498	0.7171	0.2976
9	10	0.9993	0.5042	0.5286
9	11	0.9476	0.5335	0.6084
9	13	0.8494	0.3800	0.3939
10	11	0.9997	0.6972	0.5475
10	12	0.9978	0.4465	0.6785
10	13	0.9998	0.6859	0.4878
10	14	0.9500	0.6666	0.4836
10	15	0.8469	0.5742	0.4485
10	16	0.6646	0.3072	0.2166
10	17	0.5006	0.4492	0.4727
11	12	0.7492	0.7419	0.6184
11	13	0.8001	0.6065	0.5507
11	14	0.5507	0.5917	0.3156
12	13	0.5011	0.9479	0.2620
12	15	0.8496	0.6857	0.5700
13	14	0.9988	0.6460	0.1515
13	15	0.9500	0.5546	0.7153
13	16	0.6003	0.3453	0.4485
13	17	0.8003	0.3929	0.6745
14	15	0.9994	0.6828	0.4531
14	16	0.8010	0.4449	0.4657
14	17	0.5503	0.4012	0.5053
15	16	0.8496	0.8011	0.7596
15	17	0.7504	0.7671	0.4226
16	17	0.9997	0.7149	0.4640
