0	1	0.9496	0.9136	0.2881
0	2	0.9500	0.6342	0.4800
0	3	0.7982	0.9523	0.6186
0	4	1.0000	0.6462	0.5544
0	5	0.7497	0.6640	0.3973
0	6	0.7502	0.5043	0.5343
1	2	0.9998	0.5798	0.6834
1	4	0.9490	0.6364	0.3647
2	3	0.9463	0.9098	0.6266
2	4	0.9501	0.6462	0.6176
2	5	0.9991	0.8837	0.4999
2	6	0.9499	0.7093	0.6578
2	16	0.8495	0.7918	0.3349
3	4	0.9956	0.9514	0.2289
4	5	0.9997	0.7775	0.4674
4	6	0.9998	0.7862	0.6678
4	16	0.7495	0.8233	0.5974
4	24	0.5007	0.5630	0.6563
5	6	0.9991	0.2920	0.5422
5	7	0.8473	0.5054	0.6986
5	16	0.9992	0.3056	0.3870
5	24	0.5510	0.3087	0.3319
6	7	0.9968	0.7919	0.5342
6	8	0.8985	0.7117	0.6302
6	9	0.8489	0.8223	0.2287
6	16	1.0000	0.6354	0.5984
6	33	0.6001	0.4511	0.5173
7	16	0.8959	0.7741	0.5810
8	9	0.9490	0.8422	0.0126
8	16	0.9978	0.8571	0.7758
9	10	0.9984	0.6772	0.6014
9	11	0.8991	0.5858	0.5414
9	16	0.9011	0.3027	0.5378
9	21	0.7995	0.4928	0.2933
9	22	0.8481	0.7400	0.4379
9	24	0.5512	0.2844	0.9090
9	26	0.5006	0.4516	0.3727
9	28	0.8989	0.5876	0.7314
9	31	0.8990	0.4203	0.3534
9	32	0.9988	0.7219	0.5634
9	33	0.8825	0.2204	0.8283
10	11	0.8712	0.6298	0.4506
10	15	0.5505	0.7119	0.3591
11	12	0.6502	0.5325	0.5169
11	13	0.6010	0.5675	0.2209
11	15	0.9486	0.5435	0.3519
12	13	0.8000	0.7218	0.3954
12	15	0.8494	0.6482	0.5324
12	16	0.6493	0.7450	0.3309
13	14	0.7997	0.7445	0.5283
13	15	0.8495	0.4036	0.4803
14	15	0.9992	0.7462	0.5928
14	16	0.9989	0.8500	0.4048
15	16	0.9976	0.9292	0.3541
16	19	0.5504	0.2984	0.8102
16	20	0.6507	0.4833	0.5015
16	22	0.8007	0.5273	0.7618
16	24	0.7002	0.5387	0.4123
16	33	0.5507	0.3282	0.6606
17	18	0.6004	0.6554	0.1748
17	26	0.5156	0.6571	0.3704
17	30	0.5187	0.5976	0.5785
17	31	0.5001	0.5562	0.4614
18	19	0.9497	0.8970	0.2477
18	25	0.6015	0.4107	0.6790
18	26	0.9985	0.5491	0.5668
18	28	0.6997	0.8555	0.7234
18	29	0.9484	0.4103	0.5000
18	31	0.7506	0.3524	0.2919
19	20	0.9998	0.7792	0.4762
19	21	0.9010	0.2679	0.9860
19	22	0.7999	0.5144	0.4147
19	24	0.9998	0.7227	0.7505
19	25	0.8999	0.3384	0.5122
19	26	1.0000	0.2182	0.9318
20	21	0.5500	0.9798	0.1682
20	22	0.9998	0.5184	0.7443
20	23	0.5997	0.2955	0.7296
20	24	0.6504	0.7560	0.5112
21	22	0.9977	0.9150	0.1945
22	23	0.9970	0.9693	0.7240
22	24	1.0000	0.7917	0.5221
22	25	0.7990	0.4316	0.3530
23	24	0.9977	0.6135	0.4140
24	25	0.9503	0.8109	0.2263
25	26	0.9499	0.7948	0.4576
26	28	0.8996	0.5432	0.6765
26	29	0.8005	0.6103	0.5554
26	30	0.8993	0.6050	0.5824
26	31	0.6005	0.5486	0.4034
26	32	0.5914	0.7545	0.1110
27	28	0.7008	0.6730	0.2427
28	29	0.8500	0.7349	0.2529
29	30	0.9492	0.4099	0.5914
29	31	0.9983	0.4889	0.5424
29	32	0.5506	0.2882	0.1175
30	31	0.9988	0.6916	0.2739
30	32	0.7504	0.5406	0.2591
31	32	0.9989	0.9879	0.2103
31	34	0.7513	0.8041	0.2193
32	33	0.9997	0.7630	0.2358
32	34	0.9993	0.7477	0.5693
32	36	0.8496	0.5583	0.7297
33	34	1.0000	0.6245	0.3426
33	35	0.5516	0.3524	0.5220
33	37	0.5465	0.4425	0.4210
33	39	0.7499	0.5564	0.5409
34	35	0.9998	0.8695	0.5557
34	36	0.9995	0.7121	0.6849
34	37	0.6998	0.6498	0.5498
35	36	1.0000	0.5478	0.6253
35	37	0.9491	0.5629	0.2241
36	37	0.9984	0.8450	0.5116
36	38	0.9997	0.8037	0.4362
36	39	0.9971	0.9530	0.4569
37	38	0.7495	0.6727	0.3329
38	39	0.9979	0.9575	0.2815
