0	1	0.9985	0.6094	0.0620
0	4	0.6495	0.1523	0.8711
0	5	0.6499	0.5526	0.8676
0	7	0.8475	0.8005	0.0461
1	2	0.9974	0.9203	0.4807
1	3	0.8991	0.7068	0.6406
1	4	1.0000	0.4202	0.5879
1	5	0.9995	0.4695	0.4229
1	6	0.9995	0.6068	0.7160
1	7	1.0000	0.5442	0.4454
1	8	0.8994	0.7298	0.3721
1	9	0.9997	0.7803	0.4360
1	12	0.9001	0.6193	0.4353
1	16	0.9998	0.3492	0.7583
1	21	0.6004	0.6666	0.5629
2	3	0.9995	0.8950	0.2121
2	4	1.0000	0.7924	0.4103
2	5	1.0000	0.7661	0.4848
2	6	0.9499	0.8009	0.5557
2	7	1.0000	0.5375	0.8348
2	8	0.6005	0.6191	0.2407
2	9	1.0000	0.4510	0.9780
2	12	0.8498	0.6984	0.9064
2	16	0.6502	0.7774	0.3613
3	4	0.9981	0.6093	0.0952
3	5	0.9999	0.6184	0.8640
3	6	0.8004	0.6559	0.4532
4	5	1.0000	0.5238	0.5197
4	6	0.9986	0.6640	0.6124
4	7	0.8504	0.6401	0.4706
4	16	0.8991	0.6223	0.5552
4	21	0.9980	0.4804	0.7338
5	6	0.9500	0.7903	0.4625
5	7	0.9998	0.5672	0.4505
5	16	0.9995	0.6328	0.7844
6	7	0.9997	0.8003	0.4111
6	8	1.0000	0.5689	0.7255
6	9	0.5508	0.7804	0.0745
7	8	0.9996	0.6794	0.6003
7	9	0.9994	0.6174	0.3586
7	11	0.9989	0.9237	0.9206
7	12	0.9996	0.6163	0.5040
7	16	1.0000	0.4747	0.8728
7	17	0.6501	0.1864	0.8268
7	21	0.9484	0.7293	0.8315
8	9	0.9993	0.7541	0.1653
8	11	0.9504	0.5958	0.8619
8	12	0.9967	0.5835	0.0775
9	10	0.9997	0.9986	0.1635
9	11	0.9984	0.6738	0.7729
9	12	0.9993	0.5079	0.5137
9	13	0.9994	0.9703	0.2413
9	15	0.7999	0.8448	0.9097
9	16	1.0000	0.4056	0.8464
9	17	0.7497	0.2251	0.6034
9	18	0.9495	0.6875	0.3719
10	11	0.9994	0.6461	0.2709
10	12	0.9009	0.0987	0.9562
10	15	0.5011	0.6628	0.3703
11	12	0.9993	0.8378	0.4626
11	13	0.7499	0.5740	0.3517
11	17	0.5998	0.9059	0.4817
12	13	0.6506	0.9850	0.2707
12	16	0.9995	0.5339	0.6379
12	17	0.8487	0.2123	0.6938
12	18	0.6017	0.5564	0.3975
13	15	0.7499	0.6223	0.6278
13	16	0.8001	0.4846	0.3025
14	15	0.6503	0.5842	0.3572
15	16	0.5006	0.7659	0.4427
16	17	0.8993	0.8443	0.6040
16	18	0.5003	0.5447	0.2773
17	18	0.9981	0.5434	0.3101
18	20	0.6525	0.5440	0.3693
18	21	0.5999	0.4520	0.5408
19	20	0.8997	0.6269	0.3952
19	21	0.7999	0.3211	0.5280
19	29	0.5996	0.2935	0.7107
19	31	0.7001	0.4685	0.7057
19	34	0.7999	0.6549	0.9369
20	21	0.9986	0.4103	0.6426
20	28	0.9493	0.5013	0.6194
20	29	0.9991	0.4702	0.8401
20	30	0.5999	0.6637	0.3069
20	31	0.9495	0.4149	0.4735
20	32	0.6501	0.5507	0.4328
20	34	0.9993	0.5931	0.6389
21	22	0.9493	0.8915	0.5479
21	23	0.6000	0.5590	0.5225
21	25	0.8006	0.7675	0.4775
21	26	0.7996	0.8217	0.3882
21	28	0.9991	0.8169	0.5570
21	29	0.9993	0.7331	0.6667
22	23	0.7989	0.6133	0.7334
22	24	0.7001	0.4018	0.5833
22	25	0.7502	0.5327	0.4457
22	28	0.9491	0.6401	0.5900
22	29	0.7497	0.3366	0.5598
23	24	0.7502	0.5896	0.4453
23	25	0.6537	0.7047	0.4130
23	27	0.6005	0.6822	0.7425
23	28	0.6998	0.7668	0.5136
23	29	0.9490	0.6847	0.7005
24	25	0.6259	0.4887	0.2947
24	28	0.9980	0.7519	0.3196
25	26	0.8997	0.5120	0.5185
25	28	0.9493	0.5693	0.4424
25	29	0.7000	0.3019	0.5624
26	28	0.9985	0.4997	0.4189
27	28	0.6993	0.6840	0.5042
28	29	0.9478	0.7007	0.7633
30	31	0.9980	0.7834	0.0885
30	33	0.9495	0.4469	0.3362
30	34	0.7991	0.8081	0.3832
30	35	0.9499	0.6077	0.5354
30	47	0.9989	0.2343	0.4762
30	53	0.9995	0.4580	0.5220
30	54	0.5505	0.7586	0.5828
31	32	0.8497	0.6486	0.1974
31	33	0.9990	0.3589	0.5392
31	34	1.0000	0.7359	0.7373
32	33	0.9505	0.5261	0.4997
32	34	0.5511	0.2934	0.2730
33	34	0.9986	0.8232	0.3696
34	35	0.8484	0.7421	0.4384
34	53	0.5518	0.3508	0.4541
34	54	0.7498	0.7294	0.6865
35	47	0.7002	0.7637	0.4657
35	53	0.8501	0.7165	0.3612
35	54	0.8995	0.6593	0.6415
36	37	0.9986	0.4555	0.6916
36	39	0.9471	0.6502	0.3172
36	43	0.8991	0.6029	0.6306
36	44	0.7999	0.6389	0.4654
36	45	0.9993	0.6463	0.4928
36	46	0.7496	0.6740	0.5035
36	47	0.6509	0.2984	0.4121
37	38	0.9998	0.7545	0.2015
37	44	0.9491	0.7661	0.3903
37	45	0.9982	0.7904	0.6826
37	46	0.9998	0.8136	0.5795
37	47	0.5890	0.4905	0.4347
38	39	0.9995	0.9298	0.2546
38	42	0.9997	0.7366	0.5543
38	43	0.9989	0.4668	0.5347
38	44	0.9998	0.7599	0.4198
38	45	0.9992	0.5625	0.5590
38	46	0.9997	0.5753	0.4309
39	40	0.9999	0.7858	0.7211
39	41	0.6505	0.4247	0.4159
39	43	0.8988	0.3692	0.3653
39	44	0.7499	0.4771	0.5586
39	45	0.9982	0.4695	0.1901
39	46	0.7002	0.5346	0.5684
40	41	1.0000	0.8027	0.5174
40	42	0.8498	0.5223	0.6662
40	43	0.6002	0.2333	0.2693
40	44	0.7677	0.6695	0.8004
40	45	0.6509	0.5468	0.4669
41	42	0.7488	0.6930	0.1750
41	44	1.0000	0.9288	0.6790
42	43	0.9985	0.3556	0.2163
42	44	0.9494	0.7462	0.8625
42	45	0.9487	0.5833	0.2943
43	44	0.9993	0.6227	0.4730
43	45	0.9997	0.5169	0.5041
43	46	0.9995	0.6207	0.4841
44	45	0.9999	0.7420	0.5028
44	46	0.9917	0.5114	0.6155
45	46	0.9999	0.5202	0.6364
45	49	0.7501	0.5616	0.1887
46	47	0.9997	0.7816	0.5914
46	50	0.5513	0.1647	0.6726
47	48	0.9987	0.8506	0.5039
47	49	1.0000	0.6515	0.4272
47	50	0.9992	0.4497	0.3042
47	51	0.5511	0.3058	0.3169
47	52	0.9995	0.2231	0.7533
47	53	0.9999	0.6592	0.3517
47	54	0.9999	0.5940	0.4707
48	49	0.9501	0.6492	0.5309
48	50	0.6507	0.2031	0.2288
48	51	0.7991	0.8314	0.6610
48	53	0.7000	0.5767	0.1447
49	50	0.9987	0.9643	0.4335
49	51	0.9987	0.7391	0.6493
49	53	0.9998	0.8043	0.3756
49	54	0.5011	0.5321	0.4509
50	51	0.9990	0.9591	0.5870
50	52	0.9987	0.8116	0.1402
50	53	0.9971	0.5412	0.0919
51	52	0.9974	0.8556	0.1089
51	53	0.7997	0.7718	0.2740
51	54	0.7995	0.6198	0.6635
52	53	0.9977	0.7737	0.0629
52	54	0.8004	0.4769	0.5069
52	55	0.7987	0.5600	0.5276
53	54	1.0000	0.6492	0.5047
54	55	0.9492	0.8279	0.3870
