0	1	0.9994	0.6799	0.5257
0	3	0.9996	0.6761	0.4910
0	4	0.9975	0.5603	0.6718
0	5	0.7505	0.3568	0.6345
1	2	0.9993	0.5651	0.6420
1	3	0.9997	0.5486	0.4830
1	4	0.9996	0.5017	0.6528
1	5	0.9993	0.6243	0.5326
2	3	0.9994	0.7372	0.5626
2	4	0.9989	0.3704	0.6060
2	5	0.9992	0.3637	0.6010
3	4	0.9999	0.5314	0.7742
3	5	0.9997	0.4935	0.5424
3	6	0.9461	0.6235	0.4709
3	9	0.9988	0.3971	0.7182
3	10	0.5004	0.5291	0.4465
4	5	1.0000	0.6439	0.5016
4	6	0.9990	0.8287	0.7200
4	7	0.8500	0.4995	0.4080
4	9	0.9501	0.7872	0.4998
4	10	0.8165	0.5597	0.5698
4	11	0.5019	0.2266	0.4181
4	13	0.5010	0.4167	0.3345
5	6	0.9999	0.6364	0.5462
5	8	0.7987	0.7456	0.6192
5	9	0.9999	0.6303	0.6383
5	10	0.5506	0.6431	0.7478
6	7	0.9496	0.6952	0.3162
6	8	0.9991	0.6676	0.7239
6	9	0.9993	0.4536	0.6130
6	10	0.7952	0.6359	0.5460
6	11	0.9997	0.9129	0.5507
6	12	0.7004	0.5690	0.3931
6	13	0.7998	0.7728	0.6483
7	8	0.7993	0.7172	0.6340
7	9	0.9993	0.4775	0.5968
7	10	0.9993	0.3757	0.8014
7	11	0.9986	0.4496	0.5033
7	12	0.9999	0.6920	0.5094
7	13	0.9496	0.6413	0.5434
7	14	1.0000	0.7472	0.5098
7	15	0.9991	0.7422	0.6219
7	16	0.6204	0.7878	0.4825
7	17	0.7502	0.7939	0.6050
7	18	0.7501	0.7048	0.2503
7	19	0.6006	0.6193	0.5913
8	9	0.9977	0.7587	0.2599
8	10	0.9992	0.8431	0.9768
8	11	0.7498	0.7072	0.7650
9	10	0.9998	0.6440	0.5058
9	11	0.8994	0.5578	0.4593
9	12	0.9995	0.5235	0.4263
9	13	0.8996	0.5876	0.5106
10	11	0.9998	0.9503	0.3767
10	12	0.9999	0.9557	0.4346
10	13	0.9998	0.7751	0.5003
10	14	0.9998	0.9213	0.5750
10	15	0.9006	0.8113	0.4410
10	16	0.5010	0.6557	0.4885
11	12	0.6514	0.3924	0.3748
11	13	0.9496	0.2514	0.5984
11	14	0.7001	0.1875	0.4404
12	13	0.9991	0.5483	0.7593
12	14	0.9997	0.6344	0.4217
12	15	0.8001	0.4886	0.7605
12	16	0.9493	0.8281	0.5610
12	17	0.6506	0.7705	0.5972
12	19	0.9978	0.8232	0.6044
13	14	0.9995	0.7497	0.4519
13	15	0.9993	0.5291	0.5907
13	16	0.5004	0.7406	0.5144
14	15	0.9997	0.6386	0.5709
14	16	0.9986	0.5246	0.5451
14	17	0.9992	0.5306	0.5719
14	18	1.0000	0.5253	0.4988
14	19	0.9988	0.5703	0.6823
15	16	0.9995	0.8376	0.3583
15	17	0.9998	0.7400	0.5244
15	18	0.9996	0.7273	0.4180
15	19	0.9993	0.8000	0.5547
16	17	0.9993	0.5415	0.6096
16	18	1.0000	0.5608	0.5292
16	19	0.9997	0.5941	0.6244
17	18	0.9995	0.6057	0.5266
17	19	0.9987	0.6495	0.6260
18	19	1.0000	0.5277	0.6718
20	21	0.9995	0.5365	0.5966
20	22	0.9977	0.5807	0.1746
20	23	0.9973	0.6384	0.0104
20	27	0.9994	0.3262	0.0583
20	29	0.9992	0.4282	0.0229
20	31	0.6007	0.6480	0.0853
20	33	0.9124	0.6075	0.0247
20	35	0.8985	0.5140	0.0960
20	38	0.9987	0.5009	0.1424
21	22	0.9982	0.7410	0.3034
21	23	0.9927	0.5470	0.0022
21	25	0.9972	0.4003	0.0459
21	27	0.9947	0.6795	0.0011
21	29	0.9981	0.4305	0.0035
21	33	0.9028	0.3150	0.0609
21	35	0.9973	0.3831	0.0639
21	38	0.9977	0.4197	0.0862
22	23	1.0000	0.9616	0.0720
22	38	0.9984	0.8710	0.0626
23	24	0.9986	0.9551	0.8984
23	25	0.9986	0.2406	0.2145
23	26	0.6498	0.7407	0.3757
23	27	0.9968	0.1645	0.2355
23	29	0.9994	0.0372	0.1894
23	33	0.7997	0.1013	0.2644
23	35	0.9965	0.0712	0.4923
23	37	0.9983	0.2856	0.7517
23	38	0.9996	0.2658	0.5075
23	39	1.0000	0.5647	0.4589
24	25	0.9989	0.8086	0.4228
24	26	0.9999	0.6234	0.4904
24	27	0.9964	0.6683	0.1612
24	39	0.9499	0.9465	0.2430
25	26	0.9991	0.7396	0.3667
25	27	0.9995	0.5917	0.4924
25	29	0.9985	0.8428	0.5628
25	31	0.8993	0.9689	0.9616
25	33	0.9985	0.9989	0.9174
25	35	0.9977	0.7913	0.8789
25	38	1.0000	0.4764	0.8249
25	39	0.9986	0.5616	0.4538
26	27	0.9992	0.4579	0.3716
26	28	0.6495	0.3972	0.5112
26	29	0.9966	0.4164	0.0335
27	28	0.9988	0.8175	0.8538
27	29	0.9997	0.4794	0.5177
27	31	0.9967	0.6895	0.8469
27	33	0.9968	0.8022	0.7386
27	35	1.0000	0.5372	0.6969
27	38	1.0000	0.2505	0.7309
28	29	0.9999	0.7421	0.3349
28	30	0.9995	0.2990	0.7834
28	31	0.7505	0.6899	0.4775
29	30	0.9989	0.6320	0.7817
29	31	0.9965	0.5856	0.7236
29	32	0.9980	0.9800	0.4039
29	33	0.9984	0.7705	0.5678
29	35	0.9995	0.6440	0.5356
29	38	0.9993	0.4364	0.5041
30	31	0.9998	0.8233	0.3652
30	32	0.8006	0.5843	0.6377
31	32	0.9984	0.8267	0.7779
31	33	0.9447	0.7535	0.4205
31	34	0.6507	0.7580	0.6296
31	35	0.9999	0.9272	0.3941
32	33	0.9994	0.7038	0.2252
32	34	1.0000	0.7682	0.6343
32	35	0.9978	0.6496	0.1972
33	34	1.0000	0.5494	0.4897
33	35	1.0000	0.5523	0.5331
33	37	0.8991	0.7955	0.4912
33	38	0.9993	0.5382	0.4200
34	35	1.0000	0.6533	0.3405
34	36	0.5502	0.1512	0.5330
34	37	0.9999	0.4218	0.5592
34	38	0.9983	0.8099	0.0523
35	36	0.7997	0.9993	0.3929
35	37	0.9994	0.6525	0.7232
35	38	0.9998	0.5305	0.4786
35	39	0.5500	0.9172	0.4764
36	37	0.9974	0.3386	0.0759
36	38	0.9993	0.3992	0.9842
36	39	0.5010	0.2793	0.2615
37	38	1.0000	0.8568	0.2680
37	39	0.9499	0.4111	0.6663
37	40	0.9989	0.5618	0.7174
37	42	0.9994	0.7339	0.8166
37	47	0.6497	0.8393	0.4749
38	39	0.9975	0.9850	0.4834
39	40	0.9993	0.7518	0.9561
39	42	0.9991	0.7761	0.4619
39	46	0.6990	0.5946	0.2458
39	47	0.9989	0.8413	0.7145
40	41	0.9990	0.8495	0.7733
40	42	0.9993	0.8430	0.5359
40	43	0.9982	0.5682	0.6051
40	44	0.9499	0.7371	0.6099
40	45	0.9492	0.5839	0.5365
40	46	0.9985	0.8783	0.6755
40	47	0.9992	0.3337	0.4019
41	42	0.9959	0.9924	0.2569
41	43	0.7000	0.6584	0.6512
41	44	0.9983	0.5490	0.5889
41	45	0.9988	0.6769	0.6290
41	46	0.7982	0.8815	0.3673
41	47	0.5996	0.8867	0.2442
42	43	0.9983	0.4262	0.4890
42	44	0.9993	0.5026	0.6181
42	45	0.9983	0.5078	0.6736
42	46	0.9991	0.4996	0.6092
42	47	0.9990	0.6627	0.6846
43	44	0.9991	0.6003	0.6693
43	45	0.9996	0.5472	0.5933
43	46	0.9994	0.5776	0.6446
43	47	0.9999	0.6043	0.5734
44	45	0.7949	0.4085	0.4939
44	46	0.9987	0.6044	0.7052
44	47	0.9492	0.4659	0.5806
45	46	0.9998	0.7260	0.6406
45	47	0.8975	0.5793	0.6037
46	47	1.0000	0.6251	0.6214
