0	1	0.9999	0.7114	0.4298
0	2	1.0000	0.5639	0.6494
0	3	0.5016	0.5868	0.3284
1	2	0.9999	0.6467	0.4658
1	3	0.9996	0.5899	0.4573
2	3	0.9999	0.7982	0.2625
4	5	0.9972	0.9694	0.6114
4	6	1.0000	0.6453	0.4606
4	7	1.0000	0.5028	0.4862
4	8	0.9992	0.5844	0.5828
4	10	0.9989	0.1844	0.8189
5	6	0.9970	0.8663	0.0187
5	7	0.6503	0.7127	0.7248
5	8	0.8478	0.7479	0.0561
6	7	0.9998	0.6530	0.2816
6	8	0.9998	0.4451	0.5645
6	10	0.9999	0.7228	0.4486
7	8	0.9998	0.5101	0.5571
7	10	0.9980	0.1066	0.7898
8	9	0.9989	0.5824	0.6148
8	10	1.0000	0.6195	0.5260
9	10	0.9992	0.7245	0.6248
