0	1	1.0000	0.4265	0.4431
0	5	0.9982	0.3155	0.3892
0	6	0.9988	0.6107	0.7117
1	2	1.0000	0.9603	0.3086
1	3	0.9958	0.5591	0.1806
1	4	0.9989	0.9986	0.4448
1	5	0.9998	0.7283	0.5043
1	6	0.9496	0.1564	0.7849
2	3	0.9980	0.9735	0.8075
2	4	1.0000	0.5138	0.5320
2	5	0.9987	0.4030	0.3133
2	6	0.9965	0.9096	0.6336
2	7	0.9995	0.4136	0.5403
2	8	0.9993	0.9856	0.1548
2	22	0.9491	0.9995	0.3513
2	23	0.9997	0.5052	0.7617
3	4	0.9980	0.9955	0.0356
3	5	0.9991	0.6513	0.7297
3	7	0.9996	0.9231	0.9810
3	22	0.9181	0.7182	0.5337
3	23	1.0000	0.9276	0.2977
4	5	0.9986	0.7209	0.1078
4	7	0.8993	0.6304	0.4915
4	23	0.9996	0.5856	0.8486
5	6	0.9970	0.9468	0.6842
5	7	0.9985	0.3548	0.4234
5	23	0.9994	0.1829	0.9323
6	7	0.9992	0.8262	0.4987
6	8	0.9495	0.3554	0.3613
6	9	0.8487	0.3219	0.2706
6	18	0.6505	0.4939	0.5740
7	8	0.9986	0.9731	0.2715
7	19	0.9996	0.9188	0.2684
7	22	0.9994	1.0000	0.1817
7	23	0.9992	0.7720	0.9085
8	9	0.9982	0.2432	0.7154
8	10	0.9989	0.4590	0.5754
8	11	0.5001	0.2021	0.6990
8	13	0.5696	0.3239	0.6461
8	14	0.6003	0.0995	0.6308
8	17	0.5004	0.7279	0.4885
8	18	0.8001	0.3416	0.4404
8	20	0.8997	0.2603	0.7172
8	22	0.9999	0.0307	0.4551
9	10	0.6005	0.6905	0.5842
10	11	0.7012	0.8263	0.5515
10	12	0.6003	0.7202	0.7223
10	14	0.5692	0.5771	0.4529
10	15	0.5008	0.7716	0.3008
10	17	0.9000	0.8798	0.6889
11	12	0.5504	0.6985	0.7578
11	13	0.7502	0.7059	0.6123
11	15	0.5502	0.8246	0.5348
11	16	0.6508	0.7701	0.5194
11	17	0.9000	0.7590	0.5683
12	13	0.9004	0.7974	0.7205
12	14	0.9999	0.8095	0.6663
12	15	0.8939	0.8445	0.7243
12	16	0.8500	0.8225	0.5504
12	17	0.9999	0.7562	0.6035
13	14	0.9502	0.8771	0.6355
13	15	0.9999	0.8871	0.7894
13	16	0.7002	0.8494	0.7478
13	17	0.9993	0.8600	0.5464
14	15	1.0000	0.7037	0.3314
14	16	0.8998	0.7868	0.8256
14	17	0.9996	0.6160	0.3774
14	18	0.9478	0.7109	0.0204
15	16	0.9978	0.8910	0.8650
15	17	1.0000	0.6679	0.5706
15	18	0.7506	0.3157	0.1494
16	17	0.9980	0.8798	0.5876
17	18	0.9973	0.5613	0.1212
17	20	0.9979	0.9077	0.5356
18	19	1.0000	0.8553	0.1264
18	20	1.0000	0.5963	0.8381
18	21	0.9992	0.9315	0.0101
19	20	0.9998	0.6884	0.5345
19	21	0.9982	0.4587	0.4834
19	22	0.9999	0.9966	0.2528
19	23	0.9998	0.3658	0.5784
20	21	1.0000	0.6597	0.2849
21	22	0.9991	0.9972	0.5058
21	23	0.9978	0.6602	0.6275
22	23	0.9958	0.6424	0.0051
