0	1	0.9987	0.8467	0.2673
1	2	0.9994	0.9243	0.3431
1	3	0.9998	0.7146	0.8836
1	16	1.0000	0.2884	0.9582
1	18	0.7389	0.1670	0.9310
1	19	0.9006	0.1384	0.0200
1	22	0.9997	0.5897	0.4402
2	3	0.9996	0.5020	0.4564
2	4	0.9501	0.0017	0.1671
2	20	0.9990	0.0023	0.9781
2	21	0.9996	0.1991	0.0763
3	4	0.9996	0.9993	0.3206
3	19	0.9992	0.3132	0.4209
3	20	0.9979	0.9823	1.0000
3	21	0.9997	0.8627	0.3979
3	22	0.9965	0.9931	0.5378
4	5	0.9984	0.8777	0.0000
4	19	0.9994	0.9863	0.2252
4	20	1.0000	0.8149	0.9871
4	21	1.0000	0.6950	0.9551
4	22	0.9996	0.2164	0.4507
5	19	1.0000	0.4609	0.6963
5	20	0.9997	0.0052	0.6343
5	21	0.9993	0.0042	0.4180
6	7	1.0000	0.9660	0.1481
6	9	0.7995	0.6565	0.9216
6	12	0.5499	0.9146	0.4485
6	13	0.9996	0.8843	0.4147
6	14	0.9487	0.5289	0.3722
6	16	0.9986	0.4864	0.0626
6	24	0.9968	0.7402	0.0525
7	8	0.9993	0.9875	0.1394
7	9	0.9997	0.6825	0.5015
7	10	0.9991	0.4151	0.4336
7	11	0.9980	0.2995	0.3786
7	12	0.8502	0.1107	0.8537
7	16	0.9998	0.6166	0.7572
7	24	0.9497	0.4379	0.4430
8	9	0.9986	0.6039	0.6275
8	10	0.9994	0.5360	0.8514
8	11	0.8992	0.3630	0.8050
8	16	0.7998	0.5665	0.9881
8	24	0.6507	0.3000	0.9136
9	10	0.9985	0.7220	0.3603
9	16	0.9495	0.7743	0.9023
9	24	0.9988	0.4867	0.6776
10	11	0.9993	0.5878	0.4036
10	12	0.8001	0.4819	0.7424
10	13	0.8999	0.7960	0.1843
10	16	0.9997	0.7020	0.5837
10	24	0.9997	0.6687	0.3132
11	12	1.0000	0.7142	0.6584
11	13	0.9990	0.5561	0.4485
11	16	0.9999	0.6635	0.4974
11	24	0.9988	0.4159	0.3414
12	13	0.9987	0.9670	0.4048
12	16	0.9993	0.5405	0.2414
12	24	0.5516	0.7144	0.2200
13	14	0.9977	0.9062	0.0011
13	15	0.9495	0.9783	0.9889
13	16	0.9989	0.9551	0.0440
14	15	0.9972	0.5336	0.8679
14	16	0.8005	0.1497	0.0927
15	16	0.9969	0.9386	0.0774
16	17	1.0000	0.9858	0.3348
16	18	1.0000	0.8790	0.7364
16	19	0.5999	0.9350	0.2034
16	23	0.8576	0.7145	0.5545
16	24	0.9999	0.8327	0.5049
16	25	0.6992	0.9558	0.3471
16	26	0.9976	0.9758	0.4498
16	27	0.9992	0.9812	0.3461
17	18	0.9999	0.7254	0.1621
17	24	1.0000	0.5657	0.7443
17	25	0.8985	0.6443	0.1836
17	27	1.0000	0.4632	0.7947
18	22	0.9996	0.9933	1.0000
18	23	0.9999	0.7868	0.9729
18	24	0.9999	0.4539	0.3043
19	20	0.9973	0.9934	0.3769
19	21	0.9999	0.8692	0.7039
19	22	0.9993	0.0701	0.1567
20	21	0.9987	0.9147	0.5658
21	22	0.9998	1.0000	0.0778
23	24	0.5507	0.9664	0.5000
24	25	0.5002	0.9567	0.0913
24	27	0.9996	0.9577	0.6422
25	26	0.8998	0.9574	0.4352
25	27	0.9984	0.5169	0.3584
26	27	0.9495	0.9256	0.2036
