0	1	0.9991	0.4327	0.6011
0	2	0.9499	0.4501	0.4017
0	3	0.9008	0.0988	0.3778
0	4	0.9996	0.0399	0.5561
0	5	0.9989	0.4330	0.5003
0	7	0.9981	0.5341	0.5840
1	2	1.0000	0.7665	0.3571
1	3	0.9967	0.3195	0.3139
1	4	0.9981	0.9551	0.4513
1	5	0.9999	0.6302	0.5025
1	7	0.9989	0.7659	0.8228
2	3	0.9990	0.9939	0.7923
2	4	0.9996	0.7903	0.2322
2	5	0.9996	0.5110	0.5372
2	6	0.8998	0.9994	0.4335
2	7	0.9992	0.8401	0.4560
2	8	1.0000	0.5843	0.3350
2	9	0.9998	0.9904	0.1588
2	10	0.7003	0.6763	0.4616
2	19	0.9994	0.2188	0.6012
3	4	0.9978	0.9459	0.0076
3	5	0.9999	0.3974	0.9764
3	8	0.9993	0.9251	0.9654
3	10	0.9980	0.9631	1.0000
3	19	0.9999	0.9122	0.1898
4	5	0.9998	0.5324	0.3098
4	8	0.8992	0.2816	0.6136
4	19	0.9992	0.2925	0.5243
5	6	0.9002	0.9969	0.2237
5	7	0.9988	0.8461	0.6241
5	8	0.9997	0.6376	0.2380
5	19	0.9994	0.0315	0.9005
6	7	0.9488	0.6577	0.0884
6	8	0.9506	0.4089	0.9979
6	9	0.9496	0.6696	0.4831
7	8	0.9965	0.6109	0.0397
7	9	0.8504	0.3552	0.4976
7	10	0.5001	0.5189	0.0384
8	9	0.9999	0.7930	0.3957
8	10	1.0000	0.5619	0.5074
8	15	0.5003	0.5094	0.4358
8	16	0.9999	0.6883	0.4470
8	19	0.9998	0.2195	0.6319
9	10	1.0000	0.4088	0.6123
9	11	0.9995	0.1851	0.1834
9	12	0.6004	0.0750	0.6085
9	14	0.8963	0.6650	0.4710
9	15	0.9998	0.8965	0.2676
9	16	0.9977	0.4397	0.1819
9	17	0.9994	0.3941	0.6755
10	15	0.9494	0.1162	0.3705
10	16	0.9999	0.5687	0.4219
10	17	0.9499	0.9926	0.6425
10	18	0.9498	0.7865	0.5659
10	19	0.9999	0.3758	0.5421
11	12	0.9998	0.7807	0.6468
11	13	0.8502	0.7499	0.5570
11	14	0.7853	0.7214	0.2709
12	13	0.9998	0.6727	0.5260
12	14	0.9484	0.8321	0.0338
13	14	0.8007	0.6782	0.5032
15	16	0.9963	0.6831	0.0123
15	17	0.9999	0.3660	0.8344
15	18	0.8493	0.6654	0.1796
16	17	0.9993	0.6779	0.5802
16	18	1.0000	0.5469	0.6029
16	19	0.9997	0.4373	0.3495
17	18	1.0000	0.5740	0.6836
18	19	0.9999	0.6435	0.2680
