0	1	1.0000	0.9982	0.0905
0	6	0.8504	0.5163	0.4126
0	7	0.9975	0.2285	0.4528
0	8	0.5506	0.4310	0.6137
0	9	0.8993	0.4078	0.6012
0	16	0.9993	0.9401	0.4269
0	17	1.0000	0.7942	0.5602
0	18	0.9997	0.8199	0.5000
0	19	0.9484	0.5278	0.2132
1	2	1.0000	0.5656	0.3972
1	3	0.9996	0.2597	0.2995
1	4	0.9986	0.2699	0.4333
1	5	0.9994	0.5642	0.7324
1	9	0.6003	0.0762	0.7427
1	15	0.5015	0.0735	0.7373
1	16	0.9983	0.3067	0.2278
1	19	0.6024	0.3321	0.3596
1	21	0.9000	0.1570	0.6978
2	3	0.9999	0.5384	0.5478
2	4	0.9996	0.6365	0.4610
2	5	0.9993	0.6752	0.5825
2	14	0.9988	0.9623	0.4900
3	4	0.9963	0.7425	0.0651
3	5	0.8494	0.5281	0.4429
3	14	0.9983	0.8422	0.3432
4	5	0.9997	0.2966	0.6898
4	6	0.7991	0.7233	0.1657
4	7	0.9997	0.9659	0.8410
4	8	0.9485	0.9269	0.6992
4	14	0.8976	0.6680	0.6765
6	7	1.0000	0.8131	0.3410
6	8	1.0000	0.5145	0.5588
6	9	0.9998	0.4687	0.3136
6	16	0.9478	0.3608	0.5974
6	17	1.0000	0.4360	0.5666
6	18	0.9991	0.3755	0.5113
6	19	0.9470	0.5246	0.1223
7	8	0.9992	0.4146	0.2399
7	9	1.0000	0.2087	0.9564
7	10	0.9993	0.8612	0.4580
7	11	0.5010	0.2455	0.9976
7	12	0.8511	0.0618	0.9979
7	18	0.7491	0.1143	0.4875
8	9	1.0000	0.5634	0.4710
8	10	0.7997	0.0552	0.5025
8	12	0.7511	0.2133	0.9963
9	10	0.9978	0.9990	0.1654
9	12	0.8505	0.5641	0.9974
9	15	0.9483	0.5533	0.1886
10	11	0.9984	0.6875	0.4437
10	12	0.9002	0.7500	0.9831
10	13	0.9997	0.4320	0.8442
11	12	0.9976	0.8704	0.0696
11	13	0.9985	0.9684	0.0407
12	13	0.9980	0.9118	0.1047
14	15	1.0000	0.8538	0.4096
16	17	0.9998	0.5864	0.4063
16	18	1.0000	0.5933	0.6503
16	19	0.9993	0.6995	0.6274
16	20	1.0000	0.5394	0.6452
16	21	0.7492	0.0873	0.2604
16	22	0.9997	0.5853	0.4327
17	18	1.0000	0.4844	0.5592
17	19	0.9989	0.3675	0.2982
17	20	0.8992	0.3422	0.4291
17	22	0.9491	0.4002	0.2691
18	19	0.9985	0.8320	0.2178
19	20	0.9981	0.9382	0.7481
19	22	1.0000	0.8754	0.7155
20	21	0.9487	0.9622	0.1601
21	22	0.9985	0.5750	0.5803
