0	1	0.8998	0.8339	0.6567
0	2	0.9985	0.6480	0.1978
0	3	0.9977	0.8906	0.8583
0	6	0.6989	0.2177	0.8009
1	2	0.9999	0.5677	0.4274
1	3	1.0000	0.6197	0.5192
1	4	0.9988	0.6685	0.6003
1	8	0.6003	0.6579	0.5106
2	3	0.9999	0.4393	0.5542
2	4	0.9962	0.2127	0.4158
2	6	0.9962	0.0119	0.8167
2	8	0.9978	0.0087	0.5889
3	4	0.9996	0.5000	0.4285
3	6	0.6993	0.9759	0.5219
3	8	0.9980	0.7548	0.6680
4	5	0.9999	0.9826	0.4198
4	6	0.9973	0.0976	0.4127
4	8	0.9998	0.4908	0.4648
4	26	0.8999	0.8492	0.4540
5	6	1.0000	0.8198	0.1115
5	8	1.0000	0.5325	0.3094
5	11	0.9999	1.0000	0.9634
5	26	0.9997	0.5200	0.6077
6	7	0.8998	0.8591	0.1772
6	8	1.0000	0.5265	0.6263
6	26	0.8496	0.7271	0.9313
7	8	1.0000	0.0038	0.0285
8	14	0.9497	1.0000	0.5003
8	26	0.9998	0.0433	0.8737
9	10	0.9952	0.7775	0.2072
9	11	0.9996	0.0336	0.1742
9	12	0.9996	0.1508	0.9147
9	13	0.9978	0.9524	0.4744
9	14	1.0000	0.0036	0.0025
9	16	1.0000	0.5037	0.7216
10	11	0.9978	0.5613	0.1618
10	13	1.0000	0.5681	0.4703
10	14	0.8185	0.0761	0.0045
10	16	0.9973	0.6087	0.8232
11	12	0.9976	0.9406	0.5984
11	13	0.6493	0.3341	0.7617
11	14	0.9989	0.4699	0.1678
11	16	1.0000	0.4327	0.5731
11	21	0.9998	0.3466	0.7910
11	22	0.9995	0.7424	0.4662
11	23	1.0000	0.4072	0.4713
11	24	0.9998	0.2771	0.8888
11	25	0.9495	0.8392	0.4685
12	14	0.9998	0.4714	0.5866
12	16	1.0000	0.0335	0.4007
13	14	1.0000	0.9849	0.1692
14	16	0.9995	0.0000	0.6366
15	16	1.0000	0.0310	0.0873
15	17	0.9995	0.7841	0.3060
15	18	0.9995	0.2975	0.7252
15	19	1.0000	0.9936	0.4173
16	17	1.0000	0.3540	0.8209
16	20	0.9975	0.9775	0.8533
16	21	1.0000	0.5518	0.8534
16	22	1.0000	0.1218	0.1254
16	23	1.0000	0.6102	0.2099
16	24	0.9996	0.7695	0.6227
17	18	0.9999	0.2998	0.8240
17	19	1.0000	0.4156	0.6699
17	20	0.9995	0.9885	0.4115
17	21	0.9997	0.9984	0.8577
18	19	0.9997	0.7805	0.6451
20	21	0.9983	0.0073	0.7142
21	22	0.9997	0.8436	0.7653
21	23	0.9999	0.3466	0.6088
22	23	0.9996	0.9524	0.6829
22	24	1.0000	0.9605	0.8546
23	24	1.0000	0.7899	0.8614
25	26	0.9495	0.2708	0.2555
