0	1	0.9983	0.5287	0.5786
0	2	0.8991	0.5809	0.4566
0	15	0.9995	0.6029	0.4474
0	16	0.8494	0.6846	0.5353
0	19	0.9984	0.6542	0.3728
0	20	0.6999	0.6685	0.5999
0	21	0.6494	0.6157	0.4388
0	22	0.5510	0.5866	0.2096
1	2	0.9500	0.7439	0.4708
1	15	0.9985	0.5543	0.6681
1	16	0.9994	0.2561	0.4671
1	18	0.6998	0.5713	0.4080
1	19	0.9984	0.6949	0.2659
1	21	0.6506	0.7712	0.4812
1	22	0.9988	0.6880	0.2504
2	3	0.6501	0.4928	0.1617
2	12	0.8001	0.5840	0.5247
2	13	0.6506	0.5370	0.3896
2	15	1.0000	0.4667	0.6222
2	16	0.9499	0.6544	0.5078
2	17	0.5493	0.7179	0.4638
2	18	0.5499	0.2867	0.4237
2	19	0.9010	0.5995	0.4188
2	20	0.8501	0.4766	0.7055
2	21	0.9724	0.4590	0.5660
2	22	0.9999	0.6740	0.2382
3	4	0.9991	0.9269	0.5436
3	5	0.9971	0.4923	0.7026
3	6	0.9967	0.5512	0.5211
3	7	0.9975	0.9631	0.5911
3	8	0.6499	0.8293	0.4747
3	9	0.9986	0.6404	0.3504
3	10	0.8497	0.7163	0.3109
3	11	0.9500	0.6527	0.4591
3	12	0.8014	0.7395	0.2854
4	5	0.9981	0.7149	0.1710
4	6	0.9503	0.5134	0.8499
4	8	0.7516	0.7854	0.3176
4	10	0.5888	0.6100	0.3010
4	11	0.6499	0.4287	0.2134
5	6	0.9995	0.6274	0.5100
5	9	0.6998	0.6678	0.4210
6	7	0.9982	0.9840	0.6116
6	8	0.7500	0.9064	0.6394
6	9	0.8997	0.7599	0.3821
6	10	0.7512	0.6993	0.3407
6	11	0.8498	0.6016	0.4434
6	12	0.7005	0.8230	0.4456
7	8	0.9966	0.9648	0.6404
7	9	0.5006	0.3534	0.5683
7	10	0.8999	0.5825	0.3284
7	11	0.9491	0.3844	0.3822
7	12	0.7175	0.6504	0.5781
8	9	0.8986	0.6697	0.7396
8	10	0.7498	0.5086	0.3150
8	11	0.7520	0.5713	0.3405
8	12	0.8976	0.7369	0.6424
9	11	0.9985	0.5299	0.5023
10	11	0.9998	0.6499	0.4250
10	12	0.8002	0.6355	0.4331
10	13	0.6006	0.6655	0.3547
11	12	0.9993	0.6292	0.5560
11	13	0.9499	0.5486	0.4343
12	13	0.9969	0.9127	0.3719
12	15	0.5503	0.6570	0.3772
13	14	0.6003	0.3227	0.5771
13	15	0.9987	0.5283	0.4954
13	16	0.9989	0.6660	0.5462
13	17	0.5505	0.5224	0.4946
13	19	0.9992	0.3977	0.5646
13	20	0.5000	0.3789	0.4950
13	22	0.5505	0.3452	0.4366
15	16	0.9981	0.9217	0.2701
15	18	0.9005	0.4251	0.3515
15	19	0.9995	0.6245	0.5592
15	20	0.6517	0.5834	0.5909
15	21	0.5015	0.3406	0.4786
15	22	0.7501	0.6499	0.4147
16	17	0.9504	0.6183	0.2896
16	19	0.9500	0.3837	0.5970
16	20	0.8497	0.3677	0.5422
16	22	0.8997	0.4120	0.4659
17	18	0.8500	0.6161	0.2348
17	19	0.8007	0.4851	0.8655
18	19	0.9984	0.6037	0.5740
18	20	0.9993	0.4743	0.3432
19	20	0.9996	0.7274	0.4262
19	22	0.6506	0.6447	0.2591
20	21	0.9009	0.6718	0.5583
20	22	0.9500	0.5374	0.2724
21	22	0.9980	0.8428	0.1042
