0	1	0.9495	0.9954	0.2834
0	2	0.9971	0.8776	0.6748
0	3	1.0000	0.5771	0.4168
0	4	0.9985	0.8703	0.7909
0	5	0.9999	0.5901	0.3882
0	9	1.0000	0.6205	0.4907
0	12	0.9989	0.5472	0.7063
0	15	0.9997	0.5961	0.4824
0	17	0.9997	0.5656	0.7056
0	18	0.6321	0.7831	0.3364
0	24	0.9989	0.0530	0.5972
1	2	0.9983	1.0000	0.0441
1	4	0.8000	0.0968	0.2777
1	17	0.8998	0.5456	0.9380
2	3	0.9997	0.8581	0.2044
2	4	0.9995	0.8236	0.8322
2	5	0.9968	0.6701	0.0407
2	9	0.7991	0.8826	0.7039
2	17	0.7513	0.6578	0.9973
2	24	0.9987	0.9838	0.1796
3	4	0.9991	0.7434	0.6211
3	5	0.9994	0.4581	0.3943
3	8	0.7999	0.8839	0.7025
3	9	0.9995	0.5282	0.3481
3	12	0.9485	0.3686	0.4783
3	15	0.6421	0.3313	0.1629
3	17	0.9965	0.4145	0.6580
4	5	0.9994	0.6726	0.1733
4	8	0.9998	0.1454	0.8546
4	9	0.8983	0.8440	0.0181
5	6	0.9993	0.9969	0.5101
5	8	0.9983	0.7428	0.6814
5	9	0.9998	0.5183	0.4771
5	11	0.9986	0.9975	0.5628
5	12	0.9979	0.5416	0.6508
5	15	0.9983	0.6682	0.3161
5	17	0.9962	0.6271	0.7345
6	7	0.9999	0.6313	0.6470
6	8	0.9998	0.7085	0.2522
6	9	0.8504	0.5040	0.9160
6	11	1.0000	0.6911	0.2281
7	8	0.9996	0.8395	0.1409
7	10	0.9007	0.5071	0.7077
7	11	0.9994	0.5650	0.2238
8	9	1.0000	0.7911	0.2025
8	11	0.9999	0.3636	0.8337
9	10	0.9489	0.9977	0.6554
9	11	0.9995	0.8030	0.6020
9	12	0.9993	0.5542	0.5610
9	15	0.9999	0.6543	0.4515
9	17	0.9979	0.6068	0.5797
10	11	0.9967	0.9458	0.0367
10	12	0.6503	0.6197	0.7677
10	13	0.9495	0.5196	0.4256
10	15	0.8495	0.5622	0.8404
11	12	0.8992	0.8834	0.3026
11	13	0.9499	0.1044	0.8950
11	15	0.9965	0.6576	0.1379
12	13	0.9987	0.9591	0.6341
12	14	0.8003	0.2387	0.7790
12	15	0.9996	0.5197	0.4668
12	17	0.9997	0.5939	0.4831
12	24	0.5004	0.2889	0.5809
13	14	0.9995	0.9302	0.1825
13	15	1.0000	0.5041	0.8855
13	16	0.9994	0.3108	0.4183
14	15	0.9977	0.6956	0.0658
14	16	0.7503	0.2376	0.7908
15	16	0.9994	0.8834	0.4129
15	17	0.9981	0.4799	0.4301
15	24	0.5987	0.3388	0.3553
16	17	0.9985	0.4906	0.0671
16	18	0.7010	0.1559	0.8738
16	20	0.6001	0.0431	0.6108
16	21	0.9500	0.2264	0.4418
16	24	0.6506	0.5522	0.4055
17	18	0.9000	0.8730	0.4232
17	24	0.8000	0.7819	0.5577
18	19	0.7001	0.7191	0.5133
19	21	0.7500	0.5349	0.4713
20	21	0.8501	0.5892	0.5122
22	25	0.7007	0.6032	0.5034
23	24	0.8497	0.9351	0.1744
24	25	1.0000	0.8713	0.3231
