0	1	0.9989	0.9499	0.6618
0	2	0.9976	0.7531	0.6016
0	3	1.0000	0.5549	0.4597
0	5	0.5505	0.9126	0.5415
0	9	0.9994	0.5287	0.4850
0	10	0.9981	0.3389	0.4233
0	15	0.9001	0.5463	0.3859
1	2	0.9979	0.7462	0.0371
1	3	0.6498	0.5352	0.8395
1	4	0.7487	0.6039	0.2807
1	5	0.9982	0.7562	0.8915
1	10	0.6011	0.5992	0.9485
1	27	0.7000	0.5966	0.8153
2	3	0.9994	0.7102	0.1367
2	4	0.9991	0.2285	0.4045
2	5	1.0000	0.4434	0.8439
2	10	0.8996	0.5588	0.6041
2	15	1.0000	0.6093	0.9171
2	16	0.9963	0.9416	0.3475
2	19	0.6487	0.4545	0.6423
3	4	0.9996	0.9692	0.2419
3	5	0.9975	0.9128	0.6529
3	6	0.9978	0.7116	0.2699
3	7	0.9999	0.6307	0.6043
3	8	0.8990	0.5306	0.5155
3	9	0.9983	0.8774	0.3406
3	10	0.8992	0.5231	0.4243
3	14	0.9983	0.6878	0.9437
3	15	0.9476	0.4809	0.5678
3	16	0.8474	0.3159	0.5189
4	5	0.9999	0.5354	0.4163
5	6	0.9969	0.8699	0.4387
5	7	0.9500	0.7214	0.4463
5	8	0.9998	0.7270	0.9041
5	9	0.8000	0.6055	0.4647
6	7	0.9989	0.5360	0.4735
6	8	0.9966	0.2588	0.5828
6	9	0.5498	0.4819	0.0778
7	8	0.9999	0.6289	0.4179
7	9	0.9999	0.4252	0.6375
7	14	0.7006	0.4982	0.6130
8	9	0.9986	0.7809	0.3767
8	14	0.9983	0.5797	0.6622
8	16	0.7490	0.2449	0.4961
9	10	0.9995	0.6626	0.6429
9	13	0.5469	0.2383	0.6520
9	14	0.9994	0.5300	0.7576
9	15	0.9491	0.3499	0.2804
9	16	0.8982	0.3035	0.6361
10	11	0.9989	0.9915	0.1632
10	14	0.8999	0.4988	0.6979
10	15	0.7000	0.5809	0.4055
11	12	0.9981	0.7526	0.6226
11	13	0.9990	0.7501	0.4007
12	13	0.9493	0.8237	0.6124
12	27	0.6506	0.6373	0.5402
13	14	0.9001	0.7196	0.3452
13	16	0.7012	0.6817	0.6206
14	15	0.7499	0.7671	0.2640
14	16	0.5003	0.5321	0.4372
15	16	0.9967	0.5006	0.6484
17	18	0.9992	0.5349	0.5709
17	19	0.9476	0.7625	0.4487
17	20	0.8001	0.5905	0.6123
17	21	0.8997	0.6469	0.5290
17	22	0.9993	0.6465	0.4295
17	23	0.9478	0.4648	0.7047
17	24	0.5012	0.4582	0.3759
17	27	0.9995	0.5634	0.7391
17	28	0.9498	0.5523	0.6017
18	19	0.9980	0.8585	0.3264
18	20	0.9485	0.6942	0.6619
18	21	0.9496	0.7062	0.4983
18	22	0.9995	0.7753	0.3432
18	23	0.9994	0.6970	0.5673
18	27	0.5167	0.4301	0.4199
18	28	0.6999	0.5167	0.6133
19	20	0.9990	0.6097	0.4533
19	21	0.8002	0.4401	0.4745
19	22	0.9996	0.4499	0.6139
19	23	0.9996	0.3942	0.6019
19	24	0.9992	0.2255	0.4552
20	21	0.9498	0.9829	0.5647
20	22	0.9997	0.8389	0.7006
20	23	0.9990	0.6181	0.5669
20	24	0.9496	0.6001	0.4912
20	25	0.5005	0.5050	0.5160
20	26	0.5509	0.4991	0.5001
21	22	0.9978	0.7016	0.1712
21	23	0.8493	0.3381	0.8856
21	24	0.5008	0.1983	0.6912
21	28	0.5004	0.5946	0.2957
22	23	0.9995	0.6818	0.2661
22	24	0.9991	0.5417	0.5703
22	25	0.9498	0.6388	0.4519
22	26	0.8002	0.6742	0.3110
23	24	0.9999	0.6562	0.3599
23	25	0.7486	0.4559	0.4103
23	26	0.8996	0.6438	0.3354
24	25	0.9996	0.7413	0.3703
24	26	0.9998	0.5062	0.5103
24	27	0.9979	0.9044	0.3105
24	28	0.9996	0.6237	0.5475
25	26	0.9987	0.5228	0.2827
26	27	1.0000	0.9321	0.4926
26	28	0.7003	0.5002	0.5484
27	28	0.9996	0.7655	0.2545
