0	1	1.0000	0.7253	0.5027
0	2	0.9486	0.8066	0.4928
0	3	0.7006	0.6259	0.4802
0	14	0.7003	0.5678	0.6237
1	2	0.9978	0.8349	0.4080
1	3	0.7508	0.6241	0.3184
1	4	0.7001	0.6457	0.4062
1	14	0.6498	0.4933	0.7473
1	15	0.5493	0.4680	0.4755
2	3	0.9985	0.4707	0.3415
2	4	0.7498	0.4359	0.4442
2	14	0.7999	0.5207	0.6461
2	15	0.8001	0.4579	0.5931
2	18	0.6499	0.5900	0.4242
3	4	0.9989	0.4913	0.5817
3	5	0.5006	0.6548	0.3369
3	13	0.8995	0.4903	0.4539
3	14	0.9001	0.5287	0.5749
3	15	0.9486	0.4611	0.5483
3	16	0.7489	0.6395	0.4439
3	18	0.9488	0.5501	0.4959
4	5	0.8011	0.9284	0.4888
4	8	0.7000	0.5735	0.6480
6	7	0.7488	0.6808	0.5349
7	8	0.8486	0.9379	0.2185
8	9	1.0000	0.8383	0.5680
8	10	0.5500	0.6104	0.5785
8	11	0.6000	0.7100	0.2531
8	14	0.7004	0.6964	0.2655
9	10	0.9500	0.6696	0.6375
9	11	0.6497	0.6135	0.6342
9	14	0.9000	0.5344	0.6153
10	11	0.7996	0.6087	0.3848
10	13	0.7202	0.5164	0.3824
10	14	0.5508	0.5739	0.4761
11	12	0.6987	0.7169	0.6670
12	13	0.9703	0.6503	0.3544
12	14	0.6505	0.6328	0.6251
12	16	0.5005	0.7675	0.5831
12	18	0.5511	0.5215	0.4379
13	14	0.9988	0.4602	0.4833
13	15	0.7999	0.4421	0.4143
13	16	0.9496	0.4508	0.4274
13	18	0.9492	0.4794	0.4502
14	15	0.9995	0.6049	0.4521
14	16	0.9495	0.5709	0.4667
14	17	0.7505	0.6923	0.5946
14	18	0.9998	0.5886	0.4833
15	16	0.9976	0.4657	0.5973
15	17	0.8996	0.5082	0.5223
15	18	0.9985	0.4979	0.4918
16	17	0.9999	0.8592	0.4749
16	18	0.8493	0.4952	0.5138
17	18	0.9502	0.6368	0.3745
