0	1	0.9994	0.7074	0.4872
0	2	0.9985	0.5967	0.5343
0	3	0.9493	0.5241	0.5199
0	4	0.9490	0.6225	0.5377
0	6	0.9988	0.5319	0.7917
0	11	0.9987	0.6463	0.3275
0	17	0.6003	0.4603	0.7358
0	26	0.9001	0.7419	0.6781
1	2	0.9993	0.7313	0.5671
1	3	0.9977	0.8142	0.6363
1	4	0.9996	0.7522	0.4459
1	6	0.9988	0.6277	0.7762
1	7	0.7986	0.7377	0.2424
1	10	0.9006	0.5689	0.9356
1	11	0.9996	0.5032	0.6026
1	13	0.5631	0.7376	0.1720
1	14	0.8988	0.7186	0.5483
1	17	0.9992	0.6434	0.9839
1	18	0.7993	0.4935	0.8116
1	22	0.6998	0.5553	0.9892
1	23	0.9497	0.7737	0.3443
1	25	0.9479	0.9403	0.5580
1	26	0.9998	0.7943	0.5986
2	3	0.7503	0.4526	0.7482
2	4	0.9501	0.6274	0.5024
2	5	0.7997	0.4428	0.4991
2	6	0.5002	0.4845	0.4298
2	9	0.9479	0.5313	0.7712
2	10	0.9485	0.4885	0.7195
2	11	0.7500	0.6140	0.5464
2	23	0.8731	0.2921	0.5164
2	26	0.7504	0.5397	0.4853
3	4	0.8999	0.7672	0.5111
4	5	0.8001	0.4383	0.2728
4	7	0.5513	0.8349	0.4733
4	8	0.7998	0.5139	0.3485
4	9	0.9992	0.3955	0.8024
4	10	0.7007	0.6447	0.6461
4	23	0.7998	0.6143	0.7353
5	6	0.9975	0.8234	0.5024
5	7	0.5006	0.5363	0.4973
5	8	0.6502	0.5468	0.5382
5	9	0.8497	0.4378	0.3018
5	10	0.5008	0.3503	0.5418
5	13	0.6501	0.7072	0.3018
5	20	0.5001	0.6310	0.2342
5	23	0.7499	0.5074	0.7069
5	25	0.9999	0.8980	0.4566
6	7	0.9482	0.9039	0.2284
6	8	0.9992	0.6889	0.6610
6	9	0.9986	0.5005	0.2758
6	10	0.9497	0.6918	0.7828
6	11	0.9991	0.7492	0.7665
6	23	0.9992	0.7173	0.9793
6	26	0.7995	0.8058	0.3652
7	8	0.9993	0.7487	0.3328
7	9	0.9978	0.5062	0.6756
7	10	0.8998	0.6614	0.7939
8	9	0.9972	0.4983	0.6785
8	10	0.9991	0.5091	0.5150
8	11	0.6496	0.4156	0.6939
8	13	0.6500	0.3041	0.4148
9	10	0.9998	0.8271	0.5036
9	25	0.7992	0.2270	0.5749
10	11	0.9988	0.8430	0.5536
10	12	0.7010	0.5087	0.3851
11	12	0.9993	0.4659	0.4351
11	13	0.7004	0.3344	0.4161
11	14	0.8496	0.4502	0.4602
11	17	0.6004	0.5090	0.5022
11	23	0.9995	0.6639	0.4485
11	26	0.9991	0.6723	0.7297
12	13	0.9995	0.6178	0.4476
12	14	0.9999	0.6368	0.4392
12	15	0.8711	0.5311	0.5121
12	17	0.9993	0.6117	0.4490
12	26	0.8986	0.3704	0.6134
13	14	0.9486	0.6755	0.2833
13	15	0.5507	0.4960	0.3586
13	17	0.6510	0.5358	0.3705
13	18	0.5520	0.5355	0.2874
13	23	0.7502	0.5450	0.2053
14	15	0.9495	0.5050	0.5157
14	17	0.9992	0.5702	0.4988
14	22	0.7488	0.5719	0.4525
14	26	0.8989	0.4331	0.6262
15	17	0.9001	0.6149	0.3879
15	18	0.8931	0.4161	0.5132
15	20	0.5003	0.5358	0.2778
15	22	0.6497	0.7721	0.4497
16	20	0.6486	0.5149	0.2119
17	18	0.9991	0.4657	0.5229
17	20	0.8998	0.2257	0.6811
17	22	0.9994	0.7115	0.8971
17	23	0.9992	0.5657	0.5239
17	26	0.9997	0.7061	0.5690
18	19	0.9499	0.8756	0.1926
18	20	0.9493	0.6655	0.5027
18	21	0.9991	0.5527	0.6473
18	22	0.9986	0.3899	0.4012
18	23	0.9499	0.6840	0.5037
18	26	0.9991	0.4861	0.4820
19	20	0.9969	0.7222	0.1110
19	23	0.8504	0.1278	0.9096
20	21	0.9976	0.9261	0.5510
20	22	0.9999	0.9243	0.2540
20	23	0.9985	0.2878	0.5037
21	22	0.9973	0.2313	0.1843
22	23	0.9979	0.8881	0.1059
22	26	0.6508	0.7398	0.4631
23	24	0.9990	0.9983	0.0812
23	25	0.9999	0.9994	0.3994
23	26	0.9012	0.5822	0.1959
24	26	0.9496	0.1642	0.0692
25	26	0.6500	0.4355	0.0054
