0	2	0.9975	0.6264	0.7831
0	3	1.0000	0.8193	0.1978
0	7	0.9983	0.9020	0.0345
0	9	0.9981	0.7217	0.6191
0	10	0.9997	0.2224	0.5121
0	11	0.9992	0.9982	0.0000
1	2	0.9978	0.4654	0.0295
1	11	1.0000	0.4362	0.6278
1	13	1.0000	0.6478	0.9579
2	3	0.9999	0.4901	0.3073
2	6	0.9971	0.1969	0.5717
2	7	0.9996	0.4002	0.4632
2	9	0.9989	0.5464	0.4582
2	10	0.6999	0.8465	0.8274
2	11	0.9994	0.2828	0.2209
3	4	0.9989	0.4911	0.4052
3	6	0.9996	0.3807	0.3808
3	7	0.9995	0.3259	0.4069
3	8	0.9995	0.7991	0.8252
3	9	0.9988	0.5265	0.4592
3	10	0.9997	0.7063	1.0000
3	11	0.9999	0.4697	0.0409
4	5	0.9973	0.6817	0.6482
4	6	0.9977	0.8019	0.4017
4	7	0.9988	0.6668	0.5226
4	8	0.9498	0.0263	0.8184
4	9	0.9981	0.4184	0.4489
4	10	0.9008	0.0280	0.9717
5	6	1.0000	0.8078	0.2396
5	7	1.0000	0.9988	0.6616
6	7	0.9998	0.4844	0.4839
6	8	0.5034	0.0000	0.9745
6	9	1.0000	0.0004	0.2167
7	8	0.9994	1.0000	0.9995
7	9	1.0000	0.7550	0.3605
7	11	0.9986	0.9989	0.5863
8	9	1.0000	0.9211	0.1443
8	11	1.0000	0.5637	0.9311
9	10	0.9994	0.7109	0.6616
9	11	0.9991	0.1660	0.2957
9	13	0.8492	0.4575	0.5465
11	13	0.9989	0.6659	0.7755
12	13	0.9992	0.3768	0.3770
12	14	0.9991	0.8332	0.8626
12	17	0.6509	0.8200	0.5296
12	19	0.9980	0.3405	0.4641
12	20	0.9990	0.5663	0.5612
13	14	0.9999	0.4729	0.5527
13	17	0.9987	0.2627	0.4320
13	18	0.9995	0.1804	0.8826
13	19	0.9984	0.5744	0.6304
14	15	0.9974	0.9808	0.6444
14	16	0.9979	0.8808	0.9731
14	17	0.9497	0.8475	0.4088
14	18	0.9131	0.9828	0.7038
14	19	1.0000	0.5007	0.4913
14	20	0.9997	0.8154	0.5582
15	16	0.9002	0.8220	0.4174
15	17	0.9988	0.6914	0.7118
15	19	0.9992	0.4117	0.2755
16	17	0.9999	0.9312	0.3857
16	19	0.8001	0.9249	0.2996
17	19	0.9996	0.6462	0.2933
17	20	0.9497	0.4665	0.6327
19	20	0.9999	0.4595	0.4156
