0	1	0.8489	0.5924	0.2761
0	16	0.8502	0.6059	0.4607
1	2	0.9988	0.5565	0.6629
1	4	0.9991	0.6000	0.5327
1	6	0.5011	0.2780	0.4496
1	16	0.5004	0.5649	0.4647
2	3	0.8994	0.6283	0.4736
2	4	0.9995	0.6326	0.4868
2	5	0.7501	0.4608	0.6123
2	6	0.6501	0.6542	0.4709
2	7	0.6509	0.4013	0.4838
3	4	0.9991	0.6635	0.4917
3	6	0.5503	0.6275	0.4149
3	7	0.7495	0.6261	0.5759
3	8	0.7497	0.6627	0.6055
3	16	0.5856	0.6689	0.3205
4	5	0.7502	0.5056	0.6931
4	6	0.9486	0.6569	0.4871
4	7	0.9994	0.5511	0.4738
4	10	0.5003	0.4536	0.4030
4	12	0.6999	0.4487	0.6257
4	16	0.8000	0.6952	0.5570
5	6	0.6996	0.8346	0.2656
5	7	0.9490	0.7354	0.6376
5	8	0.8499	0.6414	0.5620
6	7	0.9491	0.8242	0.3066
6	8	0.9490	0.4317	0.7742
6	9	0.7496	0.3960	0.6203
6	10	0.9989	0.6400	0.5652
6	11	0.6999	0.5940	0.6598
7	8	0.9993	0.7226	0.5000
7	9	0.5997	0.4769	0.3770
7	10	0.8501	0.5065	0.5201
7	11	0.7000	0.4055	0.4805
7	12	0.6000	0.4832	0.5123
7	15	0.7998	0.4272	0.4278
7	16	0.8998	0.6502	0.5417
7	17	0.5502	0.8327	0.3966
7	20	0.5499	0.5163	0.6509
7	21	0.8989	0.3449	0.5060
8	9	0.9485	0.7854	0.7871
8	10	0.9496	0.5907	0.4811
8	11	0.6500	0.4536	0.3650
8	12	0.5010	0.4049	0.4118
8	13	0.5002	0.4143	0.3452
8	15	0.6517	0.6131	0.4118
8	16	0.9491	0.5006	0.6348
9	10	0.6985	0.8477	0.4245
9	14	0.5005	0.6352	0.4208
9	16	0.5489	0.6763	0.5866
10	11	0.7501	0.5345	0.4588
10	12	0.5962	0.4053	0.4761
10	15	0.5500	0.4171	0.5393
10	16	0.9986	0.5849	0.4455
11	12	0.7513	0.5373	0.4171
11	16	0.8000	0.4411	0.5662
12	13	0.6006	0.4419	0.4915
12	15	0.6008	0.6184	0.5263
12	16	0.8003	0.5632	0.5162
13	14	0.6504	0.5503	0.3275
13	15	0.8500	0.5504	0.7442
13	16	0.5526	0.5487	0.3298
14	15	0.9501	0.5260	0.4026
14	16	0.8002	0.4537	0.3843
15	16	0.9997	0.5777	0.3106
16	17	0.9999	0.8493	0.5224
16	18	0.9991	0.6586	0.5384
16	19	0.7999	0.3989	0.3833
16	20	0.7502	0.5531	0.4121
17	18	0.9976	0.8298	0.3009
17	19	0.9994	0.8082	0.6677
17	20	0.8997	0.6285	0.8412
18	19	0.8001	0.6453	0.5402
18	20	0.9999	0.4090	0.6898
19	20	0.8498	0.7337	0.2508
20	21	0.5011	0.9819	0.3323
21	22	0.6004	0.6642	0.4811
