0	1	0.9993	0.8704	0.7518
0	2	0.9990	0.6783	0.6234
0	3	0.9993	0.6714	0.6482
0	5	0.8507	0.6831	0.5654
0	14	0.7502	0.6811	0.5510
0	16	0.6503	0.6574	0.3158
0	24	0.8999	0.5957	0.5882
1	2	0.7504	0.5699	0.5843
1	3	0.7502	0.4891	0.5202
1	5	0.9490	0.5830	0.5220
1	24	0.8990	0.4837	0.6242
2	3	0.9991	0.5573	0.4012
2	5	0.8999	0.5645	0.3526
3	4	0.7512	0.6944	0.4524
3	5	0.6003	0.6864	0.3869
3	6	0.7004	0.4245	0.6054
4	5	0.8489	0.6128	0.2742
4	6	0.9499	0.5136	0.8216
5	6	0.9991	0.5024	0.5732
5	7	0.6001	0.6156	0.3452
5	10	0.7010	0.3826	0.4173
5	14	0.5008	0.5289	0.3529
6	7	0.8490	0.8702	0.3610
6	8	0.6502	0.7127	0.4425
6	9	0.7002	0.7258	0.5045
6	10	0.9498	0.8165	0.4677
6	11	0.6682	0.3879	0.3082
6	14	0.5506	0.6344	0.3653
7	8	0.8000	0.3510	0.5055
7	9	0.7497	0.4615	0.5462
7	10	0.9496	0.6242	0.4633
8	10	0.7000	0.6133	0.4596
9	10	0.9976	0.4358	0.4906
10	11	0.7502	0.9109	0.4292
10	12	0.9498	0.8391	0.3175
11	12	0.9987	0.8297	0.1511
11	14	0.8004	0.6965	0.7394
12	13	0.6501	0.5342	0.3642
12	14	0.7864	0.4378	0.5402
12	15	0.8001	0.3941	0.5746
12	25	0.7007	0.4930	0.7447
13	14	0.5001	0.5808	0.4042
13	24	0.5514	0.4704	0.4693
14	15	0.9487	0.5850	0.6297
14	16	0.8492	0.6237	0.5443
14	17	0.6507	0.4598	0.5195
14	24	0.9996	0.5756	0.5090
15	16	0.6502	0.5988	0.5345
15	21	0.8996	0.6278	0.5882
15	24	0.9996	0.4932	0.5835
16	17	0.6215	0.4296	0.4209
16	24	0.9998	0.6671	0.6010
17	18	0.9998	0.6456	0.5307
17	19	0.8498	0.5911	0.4986
17	21	0.7994	0.5333	0.6272
17	22	0.6010	0.4177	0.5232
17	23	0.9993	0.3580	0.5177
17	24	0.9998	0.5329	0.6221
17	25	0.5005	0.2291	0.5262
18	19	0.9998	0.5943	0.5069
18	20	0.9496	0.6372	0.5210
18	21	0.9994	0.5055	0.7848
18	22	0.5499	0.3599	0.3914
18	23	0.9988	0.6263	0.3552
18	24	1.0000	0.5139	0.6567
19	20	0.9990	0.6980	0.5748
19	21	0.9985	0.5800	0.4975
19	22	0.6501	0.2800	0.4871
19	23	0.9980	0.7375	0.5341
19	24	0.9992	0.6348	0.5144
20	21	0.9493	0.5561	0.3630
20	24	0.7998	0.4907	0.5184
21	22	0.7236	0.4577	0.5378
21	23	0.8007	0.4303	0.5155
21	24	0.9997	0.6951	0.5048
22	23	0.9980	0.7426	0.2295
22	24	0.9991	0.4090	0.6041
23	24	0.9987	0.6625	0.4314
24	25	0.6498	0.8093	0.5077
24	27	0.5587	0.7779	0.2498
25	26	0.9990	0.5719	0.3619
25	27	0.9000	0.5538	0.4413
25	32	0.9498	0.5211	0.4136
25	33	0.5506	0.4154	0.4454
26	27	0.9998	0.6147	0.4883
26	32	0.9500	0.4137	0.4535
26	33	0.8994	0.4868	0.2588
26	36	0.7501	0.5238	0.4258
27	28	0.8001	0.8987	0.4720
27	29	0.7005	0.6888	0.3196
27	31	0.7991	0.6467	0.5193
27	32	0.9997	0.7192	0.3733
27	33	0.8502	0.7688	0.4654
27	35	0.5007	0.7656	0.3599
28	29	0.6002	0.6437	0.5472
28	30	0.6501	0.7681	0.7037
28	32	0.8000	0.4717	0.4362
28	33	0.9499	0.3066	0.7760
29	30	0.9997	0.6805	0.5780
29	32	0.7503	0.2137	0.3181
29	33	0.7498	0.3649	0.7449
30	31	0.6501	0.8087	0.6210
30	32	0.7507	0.7734	0.2334
30	33	0.7504	0.7911	0.6210
31	32	0.8497	0.5045	0.3179
31	33	0.8494	0.4886	0.2473
32	33	1.0000	0.6417	0.4976
32	34	0.7005	0.3081	0.5852
32	35	0.7485	0.4805	0.3616
32	36	0.9498	0.6105	0.5682
33	34	0.9996	0.8696	0.6549
33	35	0.9999	0.7822	0.5208
33	36	0.9499	0.7325	0.5751
34	35	0.9990	0.6649	0.4253
34	36	0.8500	0.5852	0.7409
35	36	0.9998	0.5423	0.6279
