0	1	0.9994	0.4913	0.5661
0	2	0.9995	0.5814	0.5878
0	3	0.9996	0.7710	0.5430
0	5	1.0000	0.8295	0.7713
0	6	0.9999	0.3272	0.6229
0	7	0.9999	0.6971	0.4095
0	9	0.9004	0.9780	0.5676
0	10	0.9980	0.8986	0.4853
0	11	1.0000	0.8677	0.2954
0	30	0.9994	0.6546	0.6584
1	2	0.9995	0.6991	0.6582
1	3	0.9984	0.4862	0.4348
1	4	0.5009	0.1861	0.2188
1	5	0.9991	0.3019	0.6128
1	6	0.9501	0.8172	0.4827
1	7	0.7004	0.4162	0.3433
1	30	0.9983	0.9028	0.2336
2	3	0.9497	0.8024	0.3205
2	5	0.9999	0.5102	0.7634
2	20	0.7503	0.1874	0.3591
3	4	0.8993	0.8825	0.3757
3	5	0.9499	0.4497	0.6071
4	5	0.7000	0.4420	0.4797
4	9	0.5999	0.3373	0.3852
5	7	0.9987	0.8337	0.3052
5	9	0.5509	0.2578	0.4310
5	10	0.6005	0.5661	0.2628
5	11	0.5001	0.7069	0.2550
6	7	0.7009	0.6093	0.1182
6	30	0.6012	0.1430	0.6178
7	8	0.9982	0.9494	0.1856
7	9	0.9978	0.9067	0.6206
7	10	0.9989	0.8651	0.3370
7	11	0.6968	0.5306	0.3853
7	12	0.6497	0.9878	0.2552
7	15	0.7999	0.9878	0.3503
7	30	1.0000	0.1490	0.7783
8	9	0.9493	0.5743	0.3127
8	10	0.5505	0.1688	0.1124
8	11	0.9971	0.1153	0.9648
8	12	0.8517	0.6785	0.5378
8	13	0.9972	0.5316	0.7380
8	14	0.7000	0.4703	0.3795
8	17	0.5499	0.6627	0.5710
8	18	0.9483	0.4970	0.5630
9	10	0.9991	0.7109	0.2859
9	11	0.9499	0.7298	0.8724
9	12	0.9494	0.4044	0.5318
10	11	0.9994	0.3851	0.5849
10	14	0.5006	0.2718	0.4722
11	12	0.9987	0.9971	0.1520
11	13	0.7999	0.9727	0.7819
11	15	0.9986	0.9750	0.4222
11	16	0.9003	0.8867	0.2626
11	30	0.9999	0.4053	0.8643
12	13	0.9992	0.6367	0.6259
12	14	0.9994	0.6576	0.4583
12	15	0.9986	0.5120	0.3817
12	17	0.9490	0.5006	0.6130
12	18	0.9995	0.3814	0.9299
13	14	0.7005	0.7315	0.3633
13	15	0.8998	0.7204	0.3152
13	17	0.9996	0.6506	0.5143
13	18	0.9495	0.6825	0.7047
14	15	0.9490	0.5313	0.3516
14	19	0.8008	0.3063	0.7055
14	20	0.5510	0.2860	0.5122
15	16	1.0000	0.6096	0.4587
15	17	0.9999	0.5316	0.5153
15	18	1.0000	0.4953	0.7255
15	24	0.7000	0.7016	0.6052
15	30	0.6495	0.4256	0.4723
16	17	0.9996	0.5456	0.4540
16	18	0.9992	0.3474	0.5295
16	19	0.8990	0.9933	0.0269
16	23	0.9990	0.8682	0.8155
16	24	0.9981	0.6044	0.6640
16	25	0.9993	0.9950	0.1701
16	29	0.9990	0.4228	0.4319
16	30	0.9979	0.5034	0.0588
17	18	0.9999	0.5801	0.4971
17	19	0.5519	0.1854	0.0586
17	23	0.9996	0.2738	0.8725
17	24	0.6498	0.4801	0.5294
18	23	0.8003	0.7826	0.9077
19	20	0.9998	0.6781	0.8537
19	21	0.8493	0.1548	0.6430
19	23	0.7008	0.1156	0.6245
20	21	0.9473	0.9450	0.4840
21	22	0.9975	0.8676	0.5437
21	23	0.9491	0.4773	0.2223
22	23	0.9981	0.7538	0.0893
22	25	0.5504	0.1088	0.6257
23	24	0.9998	0.9034	0.4283
23	25	1.0000	0.7226	0.6328
23	26	0.9998	0.3532	0.5672
23	27	0.9491	0.5668	0.4095
23	28	0.7991	0.8890	0.2173
23	29	0.9993	0.9222	0.3507
24	25	0.9989	0.9377	0.5930
24	26	0.9991	0.7635	0.6065
24	27	0.8998	0.5217	0.6558
24	28	0.9998	0.5539	0.5795
24	29	0.9986	0.6041	0.5972
25	26	0.9994	0.6713	0.1743
25	27	0.9496	0.8878	0.3970
25	28	0.9978	0.8019	0.3699
25	29	1.0000	0.5571	0.6461
26	27	0.9984	0.8098	0.2775
26	28	0.9983	0.6528	0.2312
26	29	1.0000	0.3989	0.7290
27	28	0.9483	0.8045	0.1655
27	29	0.9497	0.7185	0.8647
28	29	0.9987	0.4843	0.5293
