0	1	0.9993	0.6870	0.5481
0	2	0.9986	0.4446	0.5040
0	9	0.7002	0.6712	0.4708
0	11	0.8996	0.4959	0.3715
0	12	0.6004	0.7408	0.4584
1	2	0.9498	0.6760	0.4153
1	3	0.5507	0.3288	0.7237
1	4	0.5004	0.6453	0.4351
1	6	0.8500	0.5773	0.3571
1	9	0.5273	0.5218	0.5551
1	10	0.6500	0.6144	0.4244
1	11	0.9001	0.6134	0.4583
1	12	0.8001	0.6701	0.5153
2	3	0.9994	0.9255	0.1610
2	5	0.7001	0.6157	0.5810
2	6	0.9998	0.6507	0.4278
2	7	0.9469	0.9308	0.2754
2	8	0.9491	0.8740	0.4826
2	9	0.9993	0.6441	0.5706
2	10	0.9990	0.4862	0.4727
2	11	0.9990	0.4366	0.4040
2	12	0.9493	0.3597	0.2977
3	4	0.9001	0.6779	0.6861
3	5	0.6505	0.5348	0.3471
3	6	0.9997	0.4082	0.6274
3	8	0.9994	0.4061	0.7337
3	9	0.9495	0.5822	0.2989
3	10	0.5509	0.3275	0.6323
3	11	0.8001	0.3005	0.4663
3	12	0.5506	0.4152	0.3893
3	13	0.7006	0.4816	0.5562
4	5	0.7999	0.6003	0.4605
4	6	0.7999	0.5700	0.3860
4	7	0.5048	0.6215	0.7216
5	6	0.9487	0.7764	0.3325
5	7	0.6990	0.5930	0.6508
5	8	0.9490	0.5426	0.5855
5	9	0.7219	0.5261	0.6345
6	7	0.9965	0.8278	0.5927
6	8	0.9990	0.5748	0.4788
6	9	0.9990	0.5960	0.5297
6	10	0.5003	0.3585	0.4464
6	11	0.6501	0.5393	0.4644
6	12	0.7713	0.3337	0.3157
7	8	0.7992	0.3175	0.5484
8	9	0.9986	0.8982	0.2819
9	10	0.9997	0.5629	0.6140
9	11	0.9999	0.5836	0.6338
9	12	0.7501	0.5685	0.4444
10	11	0.9992	0.4600	0.4381
10	12	0.9989	0.3458	0.2952
11	12	0.9993	0.8006	0.3944
12	13	0.9001	0.5960	0.5101
13	14	0.7502	0.6390	0.4551
13	20	0.6508	0.5206	0.5654
14	18	0.7499	0.8210	0.4162
14	20	1.0000	0.8500	0.8629
14	21	1.0000	0.6063	0.7743
14	22	0.8999	0.7165	0.5271
14	23	0.5006	0.6585	0.3658
15	16	0.9993	0.8277	0.3937
15	17	0.5013	0.3777	0.5260
15	23	0.6004	0.3460	0.3644
15	24	0.9983	0.5100	0.4559
15	25	0.9975	0.4830	0.5035
15	26	0.9980	0.5198	0.6285
15	27	0.9984	0.3389	0.2518
16	17	0.9996	0.6150	0.3117
16	18	0.6507	0.4628	0.5267
16	20	0.9999	0.5165	0.5355
16	21	0.6011	0.5216	0.3905
16	23	0.9000	0.4918	0.6588
16	24	1.0000	0.3324	0.8402
16	25	0.9999	0.4240	0.5811
16	26	0.9999	0.4194	0.5229
16	27	0.9999	0.4783	0.5755
17	18	0.9991	0.5061	0.2600
17	20	1.0000	0.5071	0.8636
17	21	0.9999	0.3677	0.6444
17	22	0.9989	0.8188	0.5331
17	23	0.9991	0.5783	0.3532
17	24	0.8998	0.3836	0.7487
17	25	0.9979	0.5491	0.5561
17	26	0.8999	0.4262	0.6886
17	27	0.9999	0.5037	0.6355
18	19	0.6943	0.6543	0.3397
18	20	0.9992	0.5170	0.5618
18	21	0.9995	0.3888	0.5667
19	20	0.8984	0.6732	0.3570
20	21	0.9998	0.7382	0.4981
20	22	0.8498	0.6466	0.4784
20	23	0.9985	0.6305	0.5702
20	24	0.7488	0.4947	0.5248
20	27	0.7503	0.4254	0.4514
21	22	0.9998	0.8684	0.5481
21	23	0.9000	0.5834	0.5605
22	23	0.5010	0.5553	0.3674
23	24	0.9978	0.4569	0.4629
23	26	0.7495	0.5896	0.5772
23	27	0.9506	0.3705	0.3889
24	25	0.9984	0.5526	0.5163
24	26	0.9995	0.6114	0.4888
24	27	0.8994	0.3730	0.2740
25	26	0.9997	0.5997	0.5511
25	27	0.9976	0.2973	0.2824
26	27	1.0000	0.8008	0.3107
