0	1	0.9988	0.7139	0.2724
0	2	1.0000	0.6725	0.8030
0	3	0.9997	0.9079	0.7662
0	4	0.9494	0.9580	0.3157
0	8	0.6506	0.5609	0.4052
0	10	0.9466	0.8470	0.2295
0	16	0.9967	0.9769	0.6192
0	17	0.9992	0.9072	0.8114
1	2	1.0000	0.5740	0.5289
1	3	0.9997	0.7985	0.5974
1	5	0.7505	0.7597	0.2417
1	8	0.9491	0.3608	0.5042
1	17	0.9994	0.8466	0.6875
1	32	0.5001	0.4510	0.8328
2	3	0.9999	0.5877	0.4724
2	5	0.9989	0.3648	0.4755
2	8	0.9999	0.8305	0.6450
2	17	0.9493	0.6331	0.7405
3	4	1.0000	0.6625	0.5903
3	5	0.9990	0.2785	0.3020
3	6	0.6005	0.5103	0.5039
3	8	0.9999	0.6258	0.5418
3	10	0.9994	0.5018	0.7313
3	11	0.9997	0.6498	0.6963
3	12	0.5004	0.5858	0.4272
3	16	0.6501	0.4865	0.4980
3	17	0.9993	0.7156	0.6760
4	5	0.9989	0.7552	0.1659
4	6	0.5508	0.6578	0.3449
4	10	0.6991	0.4954	0.6395
4	11	0.9972	0.6222	0.8545
4	12	0.7493	0.4517	0.5694
4	17	0.8991	0.5030	0.3388
5	6	1.0000	0.8723	0.5038
5	7	0.9465	0.9476	0.6437
5	8	0.9997	0.3170	0.3680
5	9	0.9491	0.4257	0.6007
5	10	0.9998	0.4033	0.3865
5	11	0.9998	0.1846	0.5773
5	12	0.9997	0.1533	0.8053
5	16	0.5501	0.1344	0.4320
6	7	0.9966	0.9308	0.4027
6	10	0.9978	0.6536	0.1480
6	12	0.5506	0.4364	0.7304
8	9	0.8999	0.6578	0.5738
8	10	0.9495	0.6506	0.2650
8	17	0.9999	0.8267	0.6338
8	18	0.5505	0.4338	0.3890
9	10	0.9993	0.5178	0.1120
10	11	0.9997	0.8594	0.6468
10	12	0.9983	0.5307	0.7297
10	14	0.7498	0.6647	0.7981
10	16	0.8500	0.7165	0.3467
10	17	0.9502	0.7354	0.6386
11	12	0.9999	0.7674	0.6865
11	14	0.7500	0.5997	0.4200
11	16	0.9993	0.6942	0.5647
11	17	0.9497	0.5232	0.4535
12	13	0.8503	0.6344	0.3288
12	14	0.9985	0.5063	0.5610
12	16	0.7004	0.5651	0.4447
12	17	0.9498	0.7213	0.4625
13	14	0.9497	0.6875	0.6095
14	15	0.9991	0.6084	0.5004
14	16	0.9978	0.6051	0.4825
14	17	0.8993	0.4705	0.4315
15	16	0.9993	0.5363	0.2305
15	17	0.8514	0.4669	0.3874
16	17	1.0000	0.6064	0.4955
17	18	0.9973	0.8991	0.1590
17	22	0.6003	0.3378	0.3257
17	32	0.5495	0.5876	0.5687
18	19	0.7503	0.8321	0.4971
18	20	0.6002	0.8023	0.3640
19	20	0.9488	0.7596	0.5875
19	21	0.7009	0.3866	0.3414
20	35	0.9001	0.3469	0.4460
20	36	0.6669	0.5170	0.3727
21	22	0.7499	0.6241	0.3247
21	33	0.7002	0.5419	0.6291
21	36	0.5001	0.3430	0.6055
22	23	0.8498	0.6051	0.5452
22	27	0.6004	0.4630	0.3195
23	24	0.9988	0.5576	0.5586
23	25	0.7004	0.4544	0.6248
23	27	0.7511	0.7224	0.3348
24	25	0.8987	0.6017	0.6652
24	26	0.9011	0.4765	0.5230
24	27	0.9999	0.6152	0.4944
24	28	0.9494	0.5937	0.5372
24	29	0.8489	0.3902	0.6609
24	30	0.6528	0.1951	0.1322
25	26	0.8502	0.6474	0.4065
25	27	0.8996	0.7280	0.4628
25	28	0.9497	0.5395	0.5248
25	32	0.9479	0.5538	0.7730
26	27	0.9991	0.7862	0.3153
26	28	0.9003	0.5882	0.5356
26	32	0.5009	0.8754	0.7469
27	28	0.9997	0.5667	0.4613
27	29	0.9980	0.4203	0.6140
27	32	0.7495	0.6218	0.5925
28	29	0.9984	0.5664	0.6027
28	32	0.9990	0.5744	0.6022
28	33	0.9980	0.5969	0.7306
29	30	0.9498	0.9165	0.1704
29	31	0.5509	0.5959	0.5218
29	32	0.9999	0.6219	0.4874
29	33	0.8486	0.4778	0.7317
30	31	0.9487	0.3461	0.2272
30	32	0.5505	0.2310	0.2839
31	32	0.7005	0.6172	0.1729
32	33	0.9991	0.8681	0.8026
33	34	0.9985	0.9748	0.4710
33	36	0.8994	0.5545	0.4730
33	41	0.9983	0.9218	0.5491
33	43	0.9999	0.6958	0.2752
34	35	0.9998	0.9583	0.2696
34	36	0.9495	0.7228	0.3694
34	37	0.8499	0.3124	0.7442
34	39	0.9997	0.5131	0.9177
34	40	0.7003	0.5402	0.3685
34	43	0.9992	0.5566	0.4639
35	36	0.8495	0.3457	0.4398
36	37	0.9991	0.5935	0.4895
36	38	0.8500	0.5247	0.5424
36	39	0.8498	0.5257	0.4631
36	40	0.9000	0.5635	0.5899
36	41	0.9491	0.5786	0.6034
36	43	0.9995	0.5010	0.3682
37	38	0.9494	0.9011	0.6741
37	39	0.8001	0.4559	0.2588
37	40	0.9009	0.9091	0.5351
37	41	0.9992	0.6383	0.3893
37	42	0.9471	0.7712	0.8637
37	43	0.8503	0.5301	0.5318
38	39	0.9989	0.6168	0.3322
38	41	0.9972	0.7953	0.1169
38	43	0.9999	0.5640	0.6435
39	40	0.9984	0.5975	0.7360
39	41	0.9987	0.5642	0.2953
40	41	0.9979	0.8995	0.2125
40	43	0.9999	0.7610	0.6952
41	42	0.9480	0.5851	0.7620
41	43	0.9999	0.5860	0.5027
42	43	0.9959	0.8556	0.4750
