0	3	0.9950	0.9315	0.8523
0	4	0.9974	0.6911	0.3963
0	7	1.0000	0.5702	0.3004
0	9	0.9000	0.9862	0.4040
0	11	0.8995	0.8062	0.3655
0	14	0.9971	0.8743	0.7439
0	16	0.9985	0.3789	0.5788
0	17	0.9972	0.0829	0.6361
0	18	1.0000	0.5154	0.5747
0	19	0.9987	0.8431	0.6495
0	20	0.9998	0.2926	0.4513
0	22	1.0000	1.0000	0.2665
1	2	0.9989	0.4429	0.5513
1	3	0.9961	0.4197	0.0861
1	5	0.9976	0.0007	0.9884
1	6	1.0000	0.0007	0.1915
1	19	0.6027	0.0027	0.8961
1	22	0.9984	0.0000	0.6110
2	3	0.9998	0.9963	0.0811
2	6	0.9998	0.9129	0.3169
3	4	0.9996	0.7558	0.3413
3	5	0.9014	0.1708	0.9062
3	6	0.9999	0.2889	0.6860
3	7	0.9997	0.5841	0.0558
3	18	0.9496	0.8580	0.9568
3	19	1.0000	0.6398	0.8315
3	20	0.9995	0.9226	0.0603
3	22	1.0000	0.5421	0.8515
4	5	1.0000	1.0000	0.2050
4	6	0.9945	0.8291	0.6940
4	7	1.0000	0.5746	0.4169
4	9	0.9982	0.9843	0.5642
4	11	0.9984	0.9246	0.5674
4	14	0.9982	0.9894	0.9464
4	18	0.9978	0.5567	0.7234
4	19	0.9995	0.2622	0.8307
5	6	0.9986	0.4643	0.2171
5	7	0.9996	0.0004	0.9870
5	9	0.7028	0.0000	0.9828
6	7	0.9991	0.6234	0.3948
6	8	0.9996	0.2910	0.7949
7	8	0.9968	0.8590	0.7569
7	9	1.0000	0.7054	0.3529
7	11	1.0000	0.5840	0.2823
7	14	0.9994	0.5371	0.5638
7	16	0.9990	0.3939	0.5849
7	18	1.0000	0.4714	0.6432
8	9	0.9999	0.6308	0.2870
8	10	0.9990	0.3782	0.8228
8	11	0.9941	0.6987	0.0000
9	10	0.9937	0.7617	0.6306
9	11	1.0000	0.5296	0.4924
9	12	0.9977	0.9996	0.6604
9	14	0.9999	0.3548	0.7668
9	16	0.9984	0.2150	0.4066
9	18	0.9999	0.5804	0.9089
10	11	0.9994	0.5892	0.3072
10	13	0.9991	0.2575	0.6934
10	14	0.9956	0.6749	0.0011
11	12	1.0000	0.9984	0.2469
11	13	0.9952	0.7352	0.6216
11	14	1.0000	0.4689	0.5998
11	15	0.9985	1.0000	0.4767
11	16	0.9992	0.3764	0.3851
11	18	0.9996	0.5339	0.7838
12	14	0.9487	0.0065	0.9993
12	15	1.0000	0.0000	0.0421
13	14	1.0000	0.7862	0.1886
13	15	0.9981	0.1225	0.6590
14	15	0.9975	0.9181	0.4718
14	16	0.9983	0.6618	0.5481
14	17	0.9974	0.9999	0.6488
14	18	0.9989	0.8284	0.7052
15	16	0.9993	0.5143	0.3074
15	17	0.9976	0.1808	0.6674
16	17	0.9961	0.8743	0.5804
16	18	1.0000	0.6724	0.3685
17	18	0.9996	0.4201	0.3186
17	19	0.9996	0.0465	0.0469
17	20	0.9995	0.5378	0.7364
17	21	0.9995	0.2580	0.4282
18	19	0.9999	0.9999	0.4398
18	20	0.9999	0.4744	0.5204
18	21	1.0000	1.0000	0.7890
19	20	0.9980	0.5848	0.0638
19	21	1.0000	0.2288	0.9009
19	22	0.9998	0.4522	0.5241
19	23	0.6017	0.6016	0.9935
20	21	0.9991	0.5638	0.3146
21	22	0.9968	0.9825	0.2827
21	23	1.0000	0.8264	0.7551
22	23	0.9977	0.6427	0.6372
