0	1	0.9977	0.9902	0.0028
0	2	0.5499	0.9349	0.3756
0	3	0.9949	0.9589	0.5247
0	4	0.9979	0.5499	0.1677
0	5	1.0000	0.5096	0.6357
0	6	0.9981	0.3517	0.0000
0	28	1.0000	0.8738	0.9200
0	33	0.9996	0.3930	0.9653
1	2	0.9997	0.5116	0.4833
1	3	1.0000	0.5116	0.7842
1	25	0.7496	0.4573	0.0442
2	3	0.9978	0.8637	0.6404
2	25	0.9995	0.8282	0.0919
3	4	0.9997	0.5850	0.6489
3	5	1.0000	0.2427	0.0003
3	25	0.9980	0.3355	0.3398
4	5	0.9955	0.5255	0.0797
4	25	0.9996	0.9542	0.7382
4	33	0.9998	0.7003	0.2635
5	6	1.0000	0.7170	0.1652
5	27	1.0000	0.1120	0.0835
5	28	0.9989	0.5640	0.4411
5	33	0.9994	0.2488	0.5347
6	7	0.9934	0.9913	0.0108
6	26	0.9983	0.9706	0.6394
6	27	0.9988	0.9555	0.6173
6	28	1.0000	0.5627	0.4661
6	30	0.9476	0.9968	0.4138
6	31	0.9456	0.9963	0.1603
6	32	0.9977	0.9431	0.2431
6	33	1.0000	0.5594	0.4644
7	26	0.9985	0.4098	0.2463
7	29	0.9379	0.0693	0.9722
7	30	0.9995	0.2458	0.1124
7	31	0.9987	0.1006	0.2767
7	32	0.9497	0.0337	0.7231
7	33	0.8547	0.0074	0.0171
8	9	0.9999	0.7206	0.3622
8	25	0.9990	0.7120	0.7238
8	26	0.7511	0.3403	0.0341
8	30	0.8986	0.4158	0.3955
8	31	0.9973	0.5447	0.4334
8	32	1.0000	0.5354	0.6540
9	10	0.9985	0.9525	0.5317
9	11	0.9990	0.6860	0.1789
9	12	0.9996	0.7577	0.3731
9	13	0.9967	0.9857	0.3630
9	24	1.0000	0.7059	0.2139
9	25	0.9998	0.4882	0.5049
10	11	0.9994	0.9090	0.0574
10	12	0.9994	0.9931	0.9813
10	14	0.9498	0.9981	0.0701
10	20	0.9966	0.8019	0.7340
10	23	0.7468	0.9995	0.4862
10	24	1.0000	0.9116	0.1370
10	25	0.9982	0.1272	0.6955
11	12	0.9997	0.5082	0.6850
11	13	0.9988	0.3961	0.5679
11	14	0.7498	0.4165	0.3174
11	20	0.9982	0.2199	0.6074
11	23	0.9975	0.6507	0.2204
11	24	0.9999	0.4550	0.4565
11	25	0.9987	0.4703	0.4478
12	13	0.9963	0.9884	0.6867
12	14	0.8995	0.9930	0.4589
12	20	0.9997	0.9983	0.7987
12	22	0.9498	0.8563	0.8032
12	23	0.9987	0.9844	0.1861
12	24	1.0000	0.6931	0.5504
12	25	1.0000	0.8564	0.2762
13	14	0.9998	0.8768	0.4688
13	17	0.9499	0.9923	0.6228
13	19	0.9992	0.9945	0.8534
13	20	0.9994	0.3626	0.6198
13	22	0.9997	0.8064	0.9174
13	23	0.9998	0.7588	0.8495
13	24	0.9995	0.4212	0.2810
14	17	0.9995	0.9226	0.4882
14	19	1.0000	0.6528	0.7317
14	20	0.9988	0.5224	0.5878
14	22	0.9995	0.6102	0.7292
14	23	0.9997	0.5593	0.8602
14	24	0.9986	0.2932	0.2130
15	16	0.9988	0.6309	0.9366
15	17	0.9998	0.5799	0.6491
15	20	0.9993	0.5184	0.5068
15	21	0.9965	0.8774	0.1611
15	22	1.0000	0.0566	0.0319
15	23	0.9504	0.0248	0.9116
16	17	0.9987	0.9579	0.3808
16	18	1.0000	0.8457	0.4493
17	18	0.9998	0.3680	0.8887
17	19	0.9999	0.5004	0.5607
17	20	0.9978	0.9630	0.3815
17	22	1.0000	0.2539	0.4864
17	23	1.0000	0.3921	0.8579
18	19	0.9994	0.7870	0.1315
19	20	0.9997	0.9908	0.3693
19	22	0.9988	0.3026	0.6991
19	23	1.0000	0.5116	0.8581
20	22	0.9991	0.9906	0.0231
20	23	0.9998	0.9020	0.7907
20	24	0.9981	0.6885	0.0920
22	23	1.0000	0.7005	0.2542
22	24	0.9998	0.9585	0.6625
23	24	0.9994	0.4823	0.4512
24	25	1.0000	0.8447	0.2418
25	26	0.9986	0.9810	0.0027
25	32	0.9999	0.9403	0.7844
25	33	0.9489	0.9734	0.0022
26	27	0.9997	0.9754	0.0540
26	30	0.9993	0.9393	0.9277
26	31	0.9952	0.9576	0.2678
26	32	0.9990	0.2583	0.7882
26	33	0.9995	0.3632	0.0000
27	28	0.9996	0.4371	0.4117
27	29	1.0000	0.2072	0.8678
27	30	0.9994	0.0220	0.8778
27	31	0.9989	0.0144	0.4682
27	32	1.0000	0.0182	0.9705
27	33	0.9998	0.1747	0.0922
28	29	0.9999	0.8689	0.4665
28	30	1.0000	0.9353	0.9762
28	31	0.9980	0.9794	0.3136
28	33	0.8999	0.3855	0.4394
29	30	1.0000	0.4799	0.5399
30	31	0.9998	0.9748	0.1741
30	32	0.9996	0.9528	0.6536
30	33	1.0000	0.9066	0.0413
31	32	0.9982	0.3368	0.7474
31	33	0.9975	0.6039	0.0134
32	33	0.9963	0.8316	0.0177
