0	1	0.9973	0.6817	0.4084
0	2	0.9995	0.4281	0.4733
0	6	1.0000	0.5316	0.6697
0	7	0.9996	0.9980	0.0009
0	8	0.9999	0.5547	0.1764
0	9	0.9999	0.5747	0.4387
0	10	0.9952	0.9966	0.7590
0	11	0.9976	0.4141	0.3005
0	28	0.9977	0.1120	0.7266
1	2	1.0000	0.7665	0.2027
1	3	1.0000	0.5330	0.8497
1	5	1.0000	0.7433	0.9861
1	6	1.0000	0.8754	0.0890
1	9	1.0000	0.3958	0.6856
1	11	0.5016	0.1910	0.8642
1	28	0.9999	0.5196	0.2659
2	3	1.0000	0.9063	0.3046
2	5	0.9993	0.6800	0.4486
2	6	0.9975	0.6121	0.6143
2	7	0.9993	0.9986	0.0762
2	8	1.0000	0.8046	0.3795
2	9	0.9993	0.1012	0.1857
2	10	1.0000	0.9978	0.9073
2	28	0.9994	0.0000	0.6463
3	4	1.0000	0.4256	0.4632
3	5	0.9996	0.2668	0.3587
3	6	0.9994	0.1523	0.7507
4	5	1.0000	0.5015	0.4286
4	6	0.9997	0.8988	0.4428
5	6	0.9999	0.4456	0.4857
6	7	0.9954	0.9985	0.9809
6	8	0.9984	0.9389	0.5036
7	8	0.9996	0.0168	0.0235
7	9	0.9993	0.0001	0.9540
7	10	0.9973	0.0183	0.7917
8	9	1.0000	0.0084	0.2283
8	10	0.9996	0.0160	0.9050
8	11	0.7516	0.0043	0.0597
9	10	0.9939	0.7820	0.6464
9	11	1.0000	0.4135	0.4943
9	14	0.9994	0.4599	0.4138
9	28	0.9988	0.2558	0.6347
10	11	0.9968	0.6483	0.4992
10	12	0.9478	0.3227	0.0082
10	14	0.9972	0.3884	0.0000
11	12	0.9999	0.7082	0.2624
11	14	1.0000	0.7258	0.3462
11	28	0.9975	0.6328	0.6131
12	13	0.7997	0.6905	0.8655
12	14	1.0000	0.6047	0.3641
12	15	0.5058	0.7925	0.2835
12	19	0.9499	0.8911	0.2174
13	19	0.9997	0.9554	0.9277
13	20	0.9990	0.9927	0.0154
13	28	0.9986	0.1380	0.8026
14	28	0.9975	0.6672	0.5574
15	16	0.9990	0.5265	0.1954
15	19	1.0000	0.4043	0.5732
15	20	1.0000	0.6713	0.9849
15	21	0.9985	0.4144	0.0018
15	22	1.0000	0.4397	0.2957
15	23	1.0000	0.6816	0.2998
15	24	0.9960	0.4291	0.0009
15	27	0.9995	0.2469	0.9486
15	28	0.9995	0.0378	0.2109
16	17	0.9997	0.9983	0.1037
16	18	0.9990	0.9657	0.7723
16	19	0.9963	0.3284	0.0952
16	20	1.0000	0.0418	1.0000
16	21	0.9996	0.6296	0.4884
16	22	1.0000	0.5786	0.5031
16	27	0.9987	0.8770	0.7037
17	18	0.9999	0.8609	0.0979
17	21	1.0000	0.3991	0.9507
18	21	0.9983	0.6984	0.8307
19	20	0.9990	0.9607	0.4508
19	21	1.0000	0.0881	0.0170
20	21	0.9939	0.9983	0.0004
21	22	1.0000	0.4182	0.4802
21	27	0.7993	0.5637	0.7289
22	23	0.9974	0.5006	0.0177
22	25	0.9991	0.2390	0.9991
22	26	0.9999	0.4996	0.4181
22	27	1.0000	0.4644	0.4512
23	24	0.9996	0.9552	0.5539
23	25	0.9956	0.5516	0.0840
23	26	0.9994	0.2344	0.6305
23	27	0.9993	0.1145	0.4158
24	25	0.9953	0.5916	0.0846
24	26	0.8981	0.7940	0.1587
24	27	0.8501	0.8174	0.8151
25	26	0.9998	0.9998	0.0934
25	27	0.9981	0.9830	0.7136
26	27	0.9997	0.5500	0.5625
26	28	0.6653	0.0025	0.0323
27	28	0.9988	0.9997	0.0353
