0	18	0.8995	0.9188	0.9538
1	5	0.9997	0.9937	0.2808
1	7	0.7005	0.5023	0.6049
1	8	0.8475	0.6238	0.5843
1	13	0.9999	0.1036	0.9778
2	3	0.9999	0.4453	0.4443
2	4	0.7498	0.5688	0.4674
2	5	0.9983	0.2040	0.3590
2	6	0.9995	0.4612	0.5270
2	7	0.9996	0.6732	0.6281
2	10	0.9991	0.7132	0.9038
3	4	0.9998	0.5853	0.0940
3	5	0.9998	0.4257	0.5304
3	6	0.9999	0.5357	0.3535
3	7	1.0000	0.4553	0.4995
3	10	0.9997	0.5593	0.7989
4	5	1.0000	0.7626	0.3174
4	6	0.9997	0.4766	0.4578
4	7	0.9990	0.9453	0.4550
4	10	1.0000	0.4026	0.5441
4	11	0.9497	0.6338	0.5544
4	18	0.9981	0.9902	0.5796
4	19	0.9986	0.0794	0.7038
5	6	0.9987	0.4262	0.1351
5	7	0.9995	0.0433	0.8009
5	8	0.9991	0.0178	0.9344
5	9	0.5521	0.0050	0.8008
5	11	1.0000	0.4524	0.8880
5	18	0.9998	0.3822	0.4377
5	19	0.9997	0.7597	0.4219
6	7	0.9982	0.9301	0.5936
6	10	0.9982	0.6378	0.7377
6	19	0.9997	0.0023	0.9767
7	8	0.9977	0.9711	0.6907
7	9	0.9998	0.6837	0.8526
7	10	1.0000	0.5118	0.4093
7	13	1.0000	0.4905	0.8523
8	9	0.9993	0.8181	0.8785
9	10	0.9954	0.8189	0.0082
9	13	0.9989	0.4482	0.4975
10	11	0.9996	0.7531	0.1885
10	13	1.0000	0.0464	0.9714
10	14	0.8970	0.2780	0.3684
10	15	0.5999	0.4971	0.0024
10	16	0.9996	0.1770	0.4636
10	19	0.8659	0.6139	0.1648
11	12	0.9498	0.9994	0.3134
11	15	0.9998	0.5294	0.3633
11	16	0.9988	0.9758	0.8147
11	18	0.9999	0.9786	0.2460
11	19	0.9999	0.2079	0.7202
12	13	0.9974	0.4279	0.0688
12	14	0.6505	0.1529	0.0008
12	15	1.0000	0.3606	0.9249
12	16	0.9986	0.3705	0.2138
12	17	0.9993	0.2966	0.7782
13	14	0.7002	0.8284	0.1175
13	16	1.0000	0.5575	0.1448
14	16	0.9989	0.2268	0.5850
15	16	0.9999	0.4910	0.5784
15	17	0.9999	0.5156	0.5406
15	18	0.9997	0.7985	0.1521
15	19	1.0000	0.2109	0.6287
16	17	0.9968	0.6936	0.0429
17	18	1.0000	0.9997	0.3042
17	19	1.0000	0.6187	0.4965
18	19	0.9998	0.5903	0.2074
