0	2	0.8006	0.6079	0.3806
0	3	0.9994	0.4635	0.3566
0	4	0.9981	0.6973	0.5467
0	5	0.8001	0.4012	0.4118
0	6	0.8998	0.7523	0.3469
0	7	0.6002	0.5244	0.3753
0	8	0.6502	0.5291	0.2955
0	12	0.5512	0.2934	0.5974
0	19	0.6010	0.3443	0.8045
0	33	0.6993	0.5331	0.6121
0	34	0.9984	0.3939	0.7399
1	2	0.9501	0.9666	0.1308
1	3	0.9996	0.8556	0.3946
1	4	0.9491	0.9222	0.7603
1	5	0.8499	0.8095	0.5325
1	6	0.7501	0.9877	0.5187
1	7	0.5007	0.7589	0.4235
1	33	0.5501	0.6731	0.5624
1	34	0.5505	0.7704	0.7695
2	3	0.9997	0.4043	0.3730
2	4	0.9999	0.5086	0.9598
2	5	0.9998	0.5636	0.6973
2	6	0.9997	0.6203	0.9720
2	7	0.6505	0.3982	0.5051
2	8	0.9495	0.6320	0.6106
3	4	0.9997	0.7206	0.7081
3	5	0.9999	0.6178	0.4979
3	6	0.9998	0.5739	0.6618
3	7	0.9488	0.5439	0.4793
3	8	0.9996	0.4909	0.4708
3	10	0.9983	0.4429	0.5579
3	12	0.7501	0.4568	0.4809
4	5	1.0000	0.7129	0.6497
4	6	0.9999	0.7412	0.6865
4	7	0.9479	0.8840	0.5249
4	8	0.9998	0.6925	0.4750
4	10	0.9998	0.6092	0.7546
4	11	0.7994	0.5941	0.4884
5	6	0.9999	0.6242	0.6308
5	7	0.9487	0.4570	0.5385
5	8	0.9995	0.4840	0.4921
5	10	0.9999	0.4933	0.6529
5	11	0.8992	0.3987	0.1817
5	13	0.5524	0.8079	0.4859
5	14	0.9984	0.7258	0.6029
5	19	0.6005	0.7923	0.6976
6	7	0.9968	0.9188	0.5714
6	8	0.9999	0.7475	0.5284
6	10	0.9996	0.7146	0.5867
6	11	0.7493	0.8014	0.3344
6	12	0.8501	0.9248	0.5272
6	13	0.5510	0.7833	0.2923
6	14	0.6496	0.8787	0.5665
6	19	0.5141	0.7983	0.8425
7	8	0.9976	0.6851	0.3875
7	10	0.9978	0.7139	0.6990
8	9	0.9983	0.5786	0.5956
8	10	0.9999	0.5389	0.3959
8	11	0.8478	0.4763	0.4245
8	12	0.9996	0.7526	0.6007
8	13	0.9999	0.6868	0.5132
8	14	1.0000	0.6946	0.4444
8	15	0.9993	0.8329	0.6293
8	16	0.9995	0.8572	0.3877
8	17	0.6505	0.6665	0.5608
8	19	0.9998	0.8349	0.7036
8	20	0.7497	0.5447	0.5372
9	10	0.9979	0.3870	0.3566
9	12	0.6994	0.2787	0.5585
9	14	0.9959	0.8660	0.4531
9	16	0.6052	0.3343	0.2676
9	19	0.8988	0.7457	0.4140
10	11	0.9946	0.9349	0.2150
10	12	0.9984	0.7018	0.4253
10	13	0.9979	0.4324	0.4036
10	14	0.9987	0.2297	0.5197
10	15	0.8985	0.6232	0.1975
10	16	0.9492	0.2563	0.1863
10	17	0.5011	0.3826	0.4188
10	19	0.8498	0.1293	0.6519
12	13	0.9989	0.7692	0.3649
12	14	0.9988	0.6365	0.7571
12	15	0.9982	0.4301	0.2880
12	20	0.5018	0.6573	0.2861
13	14	0.9993	0.6085	0.2500
14	15	0.9994	0.7651	0.4282
14	16	0.9998	0.5198	0.6083
14	17	0.9997	0.8154	0.7402
14	18	0.9997	0.8610	0.9315
14	19	1.0000	0.5395	0.5156
14	20	1.0000	0.5219	0.4938
14	21	1.0000	0.4988	0.8505
15	16	0.9997	0.4766	0.7422
15	17	0.9996	0.4163	0.5713
15	18	0.9489	0.4972	0.8329
15	19	0.9993	0.3877	0.4776
15	20	0.9987	0.4844	0.4046
15	21	0.7502	0.3955	0.7870
16	17	0.9999	0.5873	0.5881
16	18	0.9989	0.6943	0.6504
16	19	0.9997	0.6442	0.3439
16	20	0.9993	0.6157	0.3468
16	21	0.9489	0.7136	0.8602
17	18	0.9998	0.5994	0.4258
17	19	0.9989	0.5593	0.1735
17	20	0.9988	0.6036	0.1811
18	19	0.9992	0.9026	0.0975
18	20	0.9998	0.8652	0.3510
19	20	1.0000	0.6356	0.4773
19	21	0.9998	0.6631	0.7440
19	24	0.7527	0.3960	0.5281
20	21	0.9999	0.6264	0.6207
20	23	0.6004	0.5604	0.7157
21	22	0.9472	0.7478	0.7347
21	23	0.9986	0.6777	0.6043
21	24	0.9991	0.6451	0.6208
22	23	0.9479	0.7987	0.4203
22	24	0.8480	0.4626	0.4912
23	24	0.8994	0.7230	0.6653
23	25	0.5005	0.3193	0.2991
23	29	0.8500	0.5159	0.4652
23	30	0.9972	0.8966	0.2316
23	32	0.9988	0.6087	0.8569
23	33	0.8466	0.6169	0.6064
23	34	0.6992	0.4392	0.5496
24	25	0.7982	0.6554	0.4673
24	30	0.7899	0.6187	0.2741
24	32	0.7994	0.5144	0.5307
25	26	0.6698	0.6009	0.3479
25	27	0.9987	0.4528	0.9349
25	28	0.6128	0.6111	0.4294
25	29	0.9991	0.3796	0.6346
25	30	0.8495	0.3551	0.6513
26	27	0.5995	0.3536	0.5686
26	28	0.5017	0.6300	0.4081
26	33	0.9489	0.5198	0.3869
26	34	0.9990	0.2684	0.3093
26	36	0.9996	0.5312	0.9495
26	37	0.9991	0.5442	0.5960
26	39	0.9995	0.4592	0.9132
27	28	0.9489	0.9124	0.4858
27	29	0.7496	0.9252	0.2699
27	33	0.9963	0.9678	0.3747
27	34	0.5490	0.5911	0.1290
27	36	0.6492	0.6453	0.8507
27	37	0.7480	0.5992	0.5109
27	39	0.9453	0.8253	0.5959
28	29	0.9996	0.4965	0.5322
28	30	0.6508	0.8160	0.3545
28	33	0.9988	0.7916	0.4678
28	36	0.6247	0.4908	0.6250
28	37	0.7492	0.7113	0.2748
28	39	0.6503	0.6723	0.5315
29	30	0.9996	0.6521	0.5590
29	31	0.9492	0.6021	0.6131
29	32	0.9994	0.6919	0.5542
29	33	0.9991	0.8068	0.5914
29	34	0.9498	0.7289	0.4954
29	36	0.9988	0.6758	0.9418
30	31	0.9990	0.5102	0.6132
30	32	0.9986	0.2992	0.4357
30	33	1.0000	0.3789	0.9639
30	34	0.9999	0.1358	0.9409
30	35	0.8519	0.1016	0.3645
30	36	1.0000	0.3522	0.9507
31	32	0.9995	0.6259	0.4395
31	33	0.9982	0.6294	0.6743
31	34	0.7993	0.5210	0.6238
31	36	0.9986	0.6317	0.9074
31	37	0.6995	0.5459	0.1670
32	33	0.9981	0.6808	0.8660
32	34	0.9985	0.5797	0.8633
32	36	0.9981	0.7983	0.9139
33	34	0.9498	0.7367	0.5704
33	35	0.9971	0.8840	0.4287
33	36	0.9986	0.7026	0.9005
33	37	0.8504	0.6629	0.2908
34	35	0.9986	0.9117	0.2581
34	36	0.9991	0.5868	0.6368
34	37	0.9981	0.6351	0.1247
35	36	0.9975	0.3758	0.4194
36	37	0.9954	0.9861	0.1895
36	39	0.7496	0.9185	0.7020
37	38	0.9000	0.5033	0.8752
38	39	0.8689	0.8265	0.4441
