0	1	0.9476	0.7321	0.6318
0	2	0.9995	0.2341	0.1446
0	3	0.8994	0.1561	0.9204
0	4	0.9495	0.1335	0.6071
0	7	0.9980	0.4654	0.5096
1	2	0.9968	0.7370	0.0291
1	6	0.9982	0.6710	0.9344
1	7	0.9971	0.6443	0.2678
2	3	1.0000	0.5188	0.5475
2	4	0.9977	0.4475	0.2110
2	5	0.9998	0.6264	0.8893
2	6	0.9987	0.2317	0.3213
2	7	0.9979	0.2119	0.4888
2	10	0.9989	0.7224	0.2489
3	4	0.9998	0.3776	0.2372
3	5	0.9999	0.0356	0.5073
3	6	1.0000	0.6891	0.1593
3	7	1.0000	0.5199	0.4655
3	8	0.9997	0.0632	0.2480
3	9	0.5339	0.8355	0.6638
3	10	0.9998	0.9304	0.2853
4	5	0.9985	0.5818	0.5543
4	6	0.9999	0.5238	0.2320
4	7	0.9998	0.4900	0.4186
5	6	0.9985	0.9699	0.0219
5	7	0.9995	0.8577	0.6076
6	7	0.9999	0.4416	0.4633
8	9	0.9993	0.9141	0.1873
8	10	0.9967	0.6046	0.0870
8	44	0.8477	0.3757	0.1280
9	10	0.9969	0.4281	0.1279
9	44	0.7000	0.2230	0.3398
10	11	0.5647	0.9669	0.0255
10	40	1.0000	0.5132	0.7905
10	43	0.9989	0.9245	0.3490
10	44	0.9997	0.3448	0.5535
11	13	0.6536	0.5744	0.6035
11	14	0.9981	0.5228	0.6239
11	15	0.9980	0.6698	0.6026
12	13	0.9989	0.7851	0.5176
12	14	0.9972	0.3612	0.4914
13	14	0.9486	0.4302	0.3415
13	15	0.9998	0.2644	0.2794
14	15	0.9987	0.3570	0.2894
14	16	0.7505	0.8284	0.3760
14	38	0.5984	0.6477	0.4805
15	16	0.9995	0.7416	0.6311
15	17	0.9986	0.5246	0.3657
15	31	0.5998	0.7360	0.2854
15	33	0.6994	0.5682	0.2744
15	34	0.5503	0.4588	0.5424
15	35	0.9002	0.2862	0.5136
15	38	0.9998	0.5642	0.8642
15	39	0.9984	0.4490	0.3997
15	40	0.9991	0.1487	0.5199
15	41	0.7998	0.5607	0.6890
15	42	0.9482	0.5564	0.3294
16	17	0.9998	0.5012	0.5403
16	18	0.5694	0.6778	0.4055
16	33	0.9990	0.2625	0.1861
16	38	0.9483	0.3922	0.7756
16	39	0.9485	0.3734	0.5008
16	40	0.9484	0.2892	0.1685
16	41	0.8484	0.2959	0.8487
16	42	0.9484	0.4490	0.3612
16	43	0.9004	0.3033	0.0832
17	18	0.8987	0.9200	0.2730
17	38	0.9484	0.4665	0.5941
17	40	0.9974	0.4460	0.1142
17	41	0.7990	0.5670	0.6637
17	42	0.7994	0.5362	0.3452
17	43	0.9965	0.6152	0.0230
17	44	0.7486	0.6599	0.3061
18	19	0.8985	0.8528	0.3706
18	20	0.9991	0.8990	0.5067
18	31	0.7995	0.3369	0.3915
18	33	0.8002	0.2606	0.2908
18	38	0.9492	0.2103	0.7598
19	20	0.8500	0.4719	0.1542
20	21	0.9493	0.2504	0.5746
21	22	0.9489	0.8849	0.3396
21	23	0.7506	0.1980	0.2066
21	24	0.9978	0.6228	0.5875
21	25	0.7994	0.8721	0.2682
21	27	0.9985	0.6157	0.5570
21	30	0.7496	0.7664	0.4711
21	31	0.9996	0.6999	0.5099
21	32	0.6998	0.8076	0.3614
21	33	0.9982	0.7874	0.6912
21	38	0.8483	0.5343	0.5444
22	23	0.6501	0.9099	0.4062
22	24	0.9997	0.2191	0.9708
22	25	0.9994	0.2294	0.7087
22	26	0.9962	0.7341	0.0307
22	27	0.9995	0.5424	0.6469
22	28	0.9992	0.3670	0.4715
22	30	0.9979	0.8151	0.0576
23	24	0.9983	0.4442	0.2148
23	26	0.6006	0.4853	0.6115
23	27	0.7500	0.6822	0.1839
23	30	0.6689	0.2619	0.6602
23	31	0.6007	0.7255	0.0840
24	25	0.9938	0.9925	0.2646
24	26	0.9997	0.9111	0.3580
24	27	0.9984	0.6382	0.5641
24	28	0.9999	0.9868	0.1987
24	29	0.9492	0.8985	0.0782
24	30	0.9990	0.8661	0.5297
24	31	0.9984	0.6164	0.5548
24	32	0.9986	0.9466	0.4346
24	33	0.5509	0.5964	0.5548
25	26	0.9974	0.8052	0.0462
25	27	1.0000	0.2834	0.9631
25	28	0.9481	0.5038	0.1966
25	30	0.9975	0.6480	0.0376
25	32	0.6014	0.2205	0.1861
25	33	0.7986	0.2953	0.9595
26	27	0.9986	0.5225	0.2478
26	28	0.6003	0.1255	0.6833
26	29	0.6037	0.0338	0.4053
26	30	0.8999	0.5756	0.3388
26	31	0.9986	0.6437	0.2719
27	28	0.9994	0.9756	0.3604
27	29	0.7507	0.9832	0.2197
27	30	0.9997	0.3090	0.6656
27	31	0.8998	0.6502	0.5091
27	32	0.9496	0.8875	0.4610
27	33	0.5005	0.7315	0.2316
28	29	0.9981	0.7822	0.1724
28	30	0.9015	0.4409	0.1507
29	30	0.9974	0.4682	0.0206
30	31	0.9997	0.9170	0.4088
30	32	0.9997	0.4440	0.6500
30	33	0.6199	0.7451	0.3767
31	32	0.9990	0.8568	0.5691
31	33	0.9497	0.6535	0.5077
32	33	0.9997	0.7303	0.5788
32	36	0.9500	0.3314	0.8181
32	38	0.7493	0.6468	0.6616
32	39	0.9498	0.4912	0.7994
32	40	0.6706	0.1140	0.4835
33	34	0.5007	0.5994	0.4179
33	35	0.9987	0.7813	0.7126
33	36	0.9495	0.9821	0.6277
33	38	0.9975	0.5885	0.7064
33	39	0.9976	0.6586	0.6988
33	40	0.8488	0.7376	0.3018
33	42	0.9977	0.5122	0.7187
34	35	0.8988	0.4071	0.7200
34	36	0.5021	0.2525	0.3403
34	38	0.9980	0.1249	0.5832
34	39	0.9988	0.3467	0.8806
34	40	0.6009	0.5845	0.5052
34	42	0.5232	0.1786	0.5770
35	39	0.8999	0.6522	0.7162
35	40	0.9490	0.3221	0.5564
36	37	0.9981	0.9245	0.4613
36	38	0.9995	0.5712	0.3820
36	39	0.8009	0.5355	0.5932
37	38	0.9983	0.8269	0.0578
37	39	0.5501	0.7238	0.3080
38	39	1.0000	0.5211	0.4857
38	40	0.9987	0.3272	0.0832
38	41	0.9996	0.2538	0.7715
38	42	0.9999	0.5207	0.3195
39	40	0.9991	0.9766	0.1683
39	41	0.9993	0.7143	0.5555
39	42	0.9993	0.5042	0.4970
40	41	0.9975	0.7116	0.0223
40	42	0.8021	0.2580	0.9888
40	43	0.5503	0.5679	0.1660
40	44	0.9969	0.9407	0.0142
41	42	1.0000	0.6012	0.6981
41	43	0.7998	0.5859	0.6208
42	43	0.9509	0.9726	0.1917
43	44	0.9980	0.8156	0.6679
