0	1	1.0000	0.7832	0.4138
0	2	1.0000	0.4023	0.4844
0	3	0.9993	0.7267	0.7174
0	4	1.0000	0.5459	0.5365
0	5	0.9992	0.9486	0.4488
0	6	0.9997	0.6342	0.5128
0	20	0.9995	0.0460	0.8099
1	2	1.0000	0.6563	0.2770
1	4	1.0000	0.4660	0.9060
1	6	0.6007	0.3641	0.8297
1	10	0.9999	0.1072	0.0065
1	17	0.9996	0.1242	0.8622
1	19	0.9984	0.1214	0.9343
1	20	1.0000	0.6095	0.4472
2	3	0.9974	0.8695	0.6479
2	4	0.9991	0.5117	0.3553
2	20	0.5025	0.0021	0.5338
3	4	1.0000	0.8786	0.3403
3	5	0.9995	0.4119	0.5877
4	5	0.9998	0.7316	0.5202
4	6	1.0000	0.7437	0.4709
4	7	0.5010	0.9309	0.4197
4	8	0.8994	0.8462	0.2344
4	10	0.8485	0.9520	0.0582
4	20	0.9999	0.2939	0.7662
5	6	1.0000	0.6178	0.3273
5	7	0.9999	0.1414	0.9753
5	8	0.9993	0.4779	0.3400
5	10	0.7506	0.2731	0.3769
6	7	0.9973	0.9544	0.5671
6	8	0.9992	0.7213	0.4602
6	10	0.9989	0.9985	0.1390
6	20	0.9999	0.5009	0.8295
7	8	0.9977	0.7674	0.2813
7	9	0.9988	0.3952	0.7384
7	10	0.9999	0.0325	0.1003
8	9	0.7005	0.5907	0.0718
8	10	0.9984	0.4002	0.2822
8	13	0.8970	0.7866	0.2709
8	16	0.9994	0.5921	0.6420
9	10	1.0000	0.7547	0.4085
9	11	0.9995	0.5756	0.5582
9	12	0.9990	0.7112	0.6383
9	13	0.9998	0.5393	0.4652
9	14	0.9983	0.9982	0.2950
9	15	0.9989	0.9304	0.3431
9	16	0.9991	0.6065	0.5082
10	11	1.0000	0.5299	0.4720
10	12	0.5008	0.6772	0.4202
10	13	0.9999	0.6034	0.6911
10	16	1.0000	0.4208	0.8513
10	20	0.7496	0.4911	0.1527
11	12	0.9991	0.6614	0.6450
11	13	1.0000	0.6115	0.4643
11	15	0.7002	0.3677	0.3639
12	13	0.9979	0.7522	0.0542
12	14	0.7005	0.3735	0.7092
12	15	0.9999	0.3589	0.5057
13	14	0.9980	0.9871	0.2307
13	15	1.0000	0.5333	0.5693
13	16	0.9985	0.5698	0.6508
13	20	0.7991	0.7086	0.2161
14	15	0.9991	0.7452	0.1659
14	16	0.9997	0.2672	0.8829
15	16	0.9999	0.6442	0.1522
16	17	0.9496	0.9557	0.8720
16	20	0.9997	0.9091	0.1231
17	19	0.9494	0.8647	0.8620
18	19	0.6504	0.1916	0.5631
19	20	0.9953	0.9960	0.0141
