0	2	0.7000	0.6369	0.2886
0	3	0.8003	0.7152	0.6192
0	18	0.6498	0.6440	0.6031
1	2	0.9988	0.7913	0.2998
1	3	0.8497	0.4285	0.3810
2	3	0.9997	0.6680	0.5365
2	4	0.9984	0.5667	0.5782
2	6	0.7501	0.3444	0.3919
2	7	0.5006	0.3583	0.4985
3	4	0.9495	0.6931	0.5603
3	5	0.9499	0.6042	0.4433
3	6	0.8995	0.7428	0.6207
3	7	0.7997	0.5808	0.6405
3	11	0.5499	0.5181	0.4975
3	12	0.5038	0.4744	0.3913
4	5	0.9993	0.7217	0.6824
4	6	0.9000	0.4448	0.4399
4	7	0.9490	0.6913	0.6542
4	9	0.8994	0.6140	0.4580
4	10	0.5988	0.3821	0.4928
4	12	0.6995	0.8424	0.4143
5	6	0.9984	0.8167	0.6205
5	7	0.9977	0.8567	0.7988
5	9	0.9980	0.7893	0.4589
5	10	0.9976	0.7624	0.8237
5	11	0.6999	0.7287	0.6015
6	7	0.7012	0.7341	0.5585
6	9	0.6497	0.6132	0.4326
6	10	0.6988	0.6848	0.5278
7	8	0.5508	0.5583	0.6171
7	9	0.6020	0.6916	0.4640
7	10	0.9972	0.7282	0.7641
7	11	0.7997	0.6000	0.5242
8	9	0.7000	0.6700	0.3066
8	12	0.9500	0.5066	0.8222
8	18	0.7997	0.4000	0.2818
9	10	0.7990	0.4751	0.6866
10	11	0.8998	0.5494	0.4559
10	12	0.6991	0.6712	0.5382
11	12	0.7995	0.6453	0.4489
12	13	0.5001	0.8397	0.6978
12	17	0.9498	0.7580	0.5310
12	18	0.8997	0.5216	0.5318
13	14	0.6499	0.7045	0.3184
13	17	0.6985	0.7328	0.3961
13	18	0.7947	0.5920	0.4117
14	15	0.6005	0.6340	0.4581
14	17	0.7999	0.7084	0.5697
14	18	0.8500	0.6763	0.4717
14	19	0.8500	0.4331	0.2786
15	16	0.7003	0.5488	0.4113
15	17	0.9490	0.6829	0.6183
15	18	0.9489	0.6212	0.5382
15	19	0.9490	0.4294	0.4587
16	17	0.8992	0.7621	0.4910
16	18	0.8992	0.5691	0.4640
16	19	0.7495	0.4571	0.6010
17	18	0.9995	0.6054	0.4263
17	19	0.9990	0.5863	0.5292
18	19	0.9997	0.4525	0.5632
