0	1	1.0000	0.4967	0.4560
0	4	0.9990	0.3202	0.1642
0	7	0.9000	0.4061	0.3022
0	8	0.9973	0.7339	0.4532
0	9	1.0000	0.5150	0.4692
0	10	0.9979	0.2207	0.5362
0	11	0.9983	0.9861	1.0000
0	12	0.9998	0.6847	0.2873
0	13	0.9997	0.4848	0.5557
1	2	0.9942	0.9961	0.1410
1	4	1.0000	0.5978	0.3129
1	5	0.5515	0.0993	0.2496
1	6	0.8004	0.7996	0.4032
1	7	1.0000	0.4763	0.3896
1	8	0.9984	0.3771	0.3987
1	9	0.9994	0.2511	0.4747
1	10	0.9999	0.9212	0.6874
1	13	0.9989	0.2223	0.4731
2	3	0.5995	0.8911	0.6217
2	7	0.9962	0.9099	0.5368
2	8	0.9961	0.9887	0.0306
3	7	1.0000	0.0087	0.2877
3	8	0.8500	0.2050	0.1982
4	7	0.6479	0.4769	0.4991
4	8	0.9972	0.8489	0.6298
4	9	1.0000	0.4670	0.7160
4	10	1.0000	0.0003	0.1830
4	13	0.9998	0.0758	0.2911
5	6	0.9487	0.1852	0.0449
5	7	0.9989	0.0067	0.6479
5	8	0.9999	0.0116	0.3940
6	7	1.0000	0.3668	0.6010
6	8	0.9991	0.5390	0.2335
7	8	0.9999	0.6955	0.3672
7	9	0.6997	0.6737	0.6341
8	9	0.9958	0.7499	0.4812
9	10	1.0000	0.9830	0.1442
9	12	1.0000	0.4084	0.4133
9	13	0.9999	0.4242	0.3989
10	11	0.9981	0.9993	0.6489
10	12	0.9978	0.8605	0.6258
10	13	1.0000	0.4684	0.6072
11	12	0.9979	0.9375	0.0836
11	13	0.6502	0.7221	0.5230
12	13	0.9999	0.4587	0.5280
12	14	0.5922	0.3809	0.0368
13	14	0.9478	0.9742	0.0017
14	15	1.0000	0.7870	0.3498
14	16	0.9999	0.7238	0.4560
14	17	1.0000	0.8424	0.5174
15	16	1.0000	0.4775	0.4070
15	17	0.9972	0.2551	0.3737
16	17	1.0000	0.5946	0.5577
