0	1	0.9995	0.4161	0.5116
0	2	0.9942	0.0924	0.3579
0	4	0.9999	0.0002	0.3153
0	5	0.9971	0.0138	0.7760
0	6	0.9996	0.7468	0.4649
1	2	0.9998	0.4371	0.4233
1	3	0.9006	0.0078	0.0520
1	4	0.9999	0.9977	0.1755
1	5	0.9991	0.5084	0.6275
1	6	0.5002	0.7296	0.5089
2	3	1.0000	0.9772	0.2054
2	4	0.9988	0.2314	0.2178
2	5	0.9999	0.6004	0.5147
3	4	0.9983	0.5970	0.0753
3	5	1.0000	0.4337	0.3968
3	7	0.9495	0.8015	0.9902
3	8	0.9969	0.8575	0.0008
3	12	0.9988	0.9018	0.9960
3	13	0.9996	0.7816	0.9687
4	5	0.9999	0.4864	0.4692
5	11	0.9996	1.0000	0.4652
5	12	0.7005	0.8532	0.5043
5	13	0.9970	0.8047	0.1297
6	9	0.9496	0.4863	0.4344
6	10	0.9999	0.5839	0.5955
6	11	0.9981	0.3894	0.7191
6	12	0.9989	0.1738	0.3668
7	8	1.0000	0.9326	0.2849
7	9	0.9470	0.8443	0.2692
7	11	0.9995	0.3415	0.3066
7	12	0.9995	0.3713	0.3266
7	13	0.9993	0.7911	0.4773
7	16	0.9998	0.4639	0.5006
7	18	0.9998	0.1781	0.4483
7	20	0.9990	0.6467	0.4377
7	21	1.0000	0.2215	0.6139
8	12	0.7507	0.3663	0.9960
8	13	0.9995	0.4769	0.9339
8	16	1.0000	0.9588	0.1691
9	10	0.9989	0.2356	0.6370
9	11	0.9980	0.6203	0.0392
9	12	0.8499	0.9167	0.8253
9	13	0.8512	0.9729	0.9984
9	14	0.9996	0.3424	1.0000
9	16	0.9993	0.0087	0.8916
10	11	0.9986	0.6814	0.1109
10	12	0.9500	1.0000	0.4647
10	13	0.8496	0.9999	0.9664
10	14	0.9984	0.0869	0.9935
10	16	1.0000	0.0065	0.9070
11	12	0.9991	0.4484	0.4151
11	16	0.9982	0.0005	0.7272
12	13	0.9998	0.8165	0.4873
12	16	0.9997	0.6078	0.2876
14	15	0.9994	0.0847	0.9714
14	16	0.9996	0.8995	0.6711
14	17	0.9993	0.1285	0.5070
15	16	0.9979	0.2342	0.3434
15	17	0.9982	0.5836	0.9255
15	19	0.9993	0.1452	0.0024
16	17	1.0000	0.5412	0.7338
16	18	1.0000	0.5979	0.8292
16	19	1.0000	0.0139	0.0476
16	20	0.9994	0.4148	0.1894
16	21	0.9498	0.9351	0.2089
18	19	0.9996	0.9006	1.0000
18	20	0.9975	0.7296	0.7231
18	21	0.9996	0.2689	0.1542
19	20	0.9998	0.9980	0.2505
20	21	0.9997	0.9579	0.4317
