0	2	0.8500	0.6771	0.6219
0	3	0.9992	0.5043	0.6469
0	22	0.7501	0.7281	0.4251
0	32	0.7481	0.5644	0.6289
0	33	0.5005	0.4862	0.4633
0	34	0.5503	0.3888	0.1916
0	36	0.6001	0.2811	0.7037
0	37	0.9003	0.3542	0.5804
1	2	0.9993	0.4144	0.4170
1	3	0.8995	0.3743	0.9565
1	5	0.8997	0.4870	0.4391
1	33	0.8003	0.2224	0.5804
1	34	0.6999	0.2144	0.2667
1	37	0.6503	0.4071	0.4400
2	3	0.9968	0.9819	0.3456
2	4	0.9996	0.6801	0.3757
2	23	0.6484	0.9161	0.3203
2	34	0.5510	0.5842	0.4265
3	4	0.9958	0.8823	0.3911
3	5	0.7998	0.7083	0.8873
3	6	0.8497	0.3851	0.7430
3	23	0.8502	0.4418	0.7239
4	5	0.9988	0.3826	0.6157
4	6	0.9502	0.4229	0.5696
4	7	0.9984	0.4245	0.3904
4	8	0.7504	0.2986	0.4390
4	37	0.9990	0.4333	0.3841
5	6	0.9991	0.8162	0.3842
5	7	0.9498	0.5817	0.3273
5	8	0.9497	0.6351	0.4585
5	34	0.6006	0.7043	0.0980
5	37	0.5509	0.4314	0.2592
6	7	0.8992	0.3985	0.5435
6	8	0.8509	0.4175	0.8317
7	8	0.9995	0.7601	0.6049
7	9	0.8004	0.7754	0.3521
7	10	0.9496	0.6165	0.4258
7	11	0.9502	0.7432	0.5852
7	12	0.7513	0.7657	0.5026
8	9	0.9994	0.5586	0.4745
8	10	0.9990	0.3872	0.3850
8	11	0.8003	0.5501	0.5003
8	12	0.7996	0.5286	0.4209
9	10	0.9977	0.5024	0.4255
9	11	0.6506	0.4707	0.6502
10	11	0.9996	0.5905	0.3013
10	12	1.0000	0.5256	0.5670
10	14	0.7002	0.5725	0.4132
11	12	0.9998	0.7656	0.4150
11	13	0.8994	0.2595	0.4415
11	14	0.9981	0.4694	0.6061
12	13	0.9993	0.6084	0.3726
12	14	0.9991	0.5784	0.4980
12	15	0.7997	0.3047	0.5598
13	14	0.9993	0.6236	0.4096
13	15	0.9992	0.3508	0.4728
13	18	0.5495	0.4821	0.4121
14	15	0.9497	0.6950	0.5476
14	17	0.7511	0.5556	0.3977
14	18	0.6042	0.5804	0.5062
15	16	0.9973	0.7883	0.6389
15	17	0.9994	0.5807	0.4083
15	18	0.9990	0.3284	0.6604
15	19	0.8499	0.4315	0.3985
15	20	0.7009	0.2915	0.3706
15	21	0.7498	0.2530	0.3789
16	17	0.7501	0.6374	0.2090
16	18	0.6012	0.5684	0.3477
17	18	0.9990	0.4647	0.5738
17	19	0.9989	0.3655	0.5609
17	20	0.9994	0.5154	0.4577
17	21	0.8997	0.4916	0.4798
17	22	0.8504	0.5708	0.2679
17	23	0.7997	0.6346	0.2966
18	19	0.9999	0.7643	0.4489
18	20	0.8996	0.5253	0.5181
18	21	0.6509	0.5294	0.4263
18	23	0.6998	0.4681	0.2853
19	20	0.8002	0.4315	0.4745
19	21	0.9496	0.6954	0.5222
20	21	0.9492	0.5451	0.4368
20	22	0.9497	0.5968	0.2363
20	23	0.5504	0.5283	0.4578
21	22	0.7499	0.4505	0.3273
21	23	0.9476	0.7707	0.3548
22	23	0.9971	0.9346	0.1832
22	24	0.9965	0.4655	0.7520
22	25	0.8492	0.4466	0.4542
22	26	0.9491	0.5506	0.5221
22	27	0.9985	0.2796	0.6398
22	28	0.6482	0.4948	0.6056
22	32	0.8984	0.5163	0.5163
23	24	0.7994	0.7236	0.2509
23	34	0.5992	0.3688	0.6441
23	36	0.5005	0.3751	0.4559
24	25	0.9499	0.6705	0.5759
24	26	0.9498	0.7875	0.4740
24	27	0.9996	0.6410	0.7503
25	26	0.9472	0.5794	0.4929
25	27	0.9992	0.6230	0.6313
25	28	0.7991	0.5728	0.4954
26	27	0.9497	0.4680	0.4949
26	28	0.5510	0.5238	0.4892
27	28	0.9991	0.6821	0.4999
27	29	0.6517	0.3315	0.5993
28	29	0.9494	0.8144	0.4871
28	30	0.8001	0.6023	0.4906
28	31	0.8498	0.5013	0.5287
28	32	0.6503	0.7540	0.5169
29	30	0.6509	0.4954	0.5107
29	33	0.6004	0.3343	0.5168
30	31	0.8997	0.5713	0.4856
30	32	0.9498	0.4428	0.3826
30	33	0.6505	0.3962	0.3302
31	32	0.6004	0.6823	0.3393
31	33	0.9984	0.7571	0.3078
32	33	0.9999	0.6739	0.4071
33	34	0.8493	0.7793	0.4928
33	35	0.7504	0.7545	0.3673
33	37	0.5003	0.7002	0.2311
34	35	0.9958	0.9607	0.3121
34	36	0.9962	0.9889	0.7194
34	37	0.7973	0.3038	0.2913
35	36	0.5507	0.6471	0.4348
35	37	0.5507	0.1807	0.1887
36	37	0.6998	0.7546	0.1421
