0	1	0.8999	0.7863	0.3901
0	2	0.5004	0.6686	0.5144
0	3	0.9939	0.4235	0.4167
0	4	0.9999	0.7279	0.4203
0	7	0.7506	0.6575	0.5664
0	8	0.6506	0.6799	0.5262
0	9	0.7995	0.4947	0.3404
0	14	0.9491	0.4958	0.5582
0	18	0.5503	0.4788	0.4285
0	23	0.7490	0.4513	0.6779
0	27	0.5501	0.4508	0.3535
0	28	0.6507	0.4430	0.4350
1	2	0.9967	0.8445	0.1455
1	3	0.9973	0.5397	0.1708
1	4	0.9992	0.5504	0.7251
1	5	0.8498	0.5962	0.5484
1	6	0.9998	0.8420	0.2028
1	7	0.9487	0.9392	0.4572
1	8	0.8002	0.7519	0.1919
1	15	0.6001	0.4532	0.7791
1	17	0.7476	0.6938	0.6615
2	3	0.9979	0.5443	0.3481
2	4	0.7999	0.6840	0.6205
2	5	0.6009	0.3122	0.5396
2	7	0.7503	0.6214	0.5364
3	4	0.9999	0.6062	0.5319
3	5	0.5511	0.2615	0.4137
3	6	0.8491	0.3332	0.4215
3	9	0.8999	0.5628	0.5337
3	14	0.9983	0.5814	0.6150
3	15	0.9980	0.4495	0.6344
3	18	0.9485	0.4582	0.5584
3	23	0.9493	0.2890	0.7991
4	5	0.9001	0.7879	0.3757
4	6	0.9483	0.8091	0.3921
4	7	0.5503	0.6922	0.2651
4	8	0.9494	0.7587	0.4251
4	9	0.9990	0.4670	0.4862
4	11	0.5506	0.6953	0.4683
4	14	0.9986	0.4854	0.5474
4	18	0.8494	0.5209	0.5124
4	23	0.5498	0.4928	0.5424
5	6	0.9983	0.7443	0.4991
5	8	0.5004	0.5273	0.2220
6	7	0.7994	0.8266	0.6790
6	8	0.6997	0.7492	0.5472
7	8	0.5486	0.7051	0.2329
8	9	0.8497	0.5273	0.2827
8	11	0.8501	0.3843	0.6343
8	14	0.6497	0.4940	0.2396
9	10	0.9993	0.5475	0.3899
9	12	0.5507	0.2834	0.5913
9	13	0.7001	0.5484	0.4850
9	14	0.9980	0.5453	0.5262
9	15	0.7577	0.3852	0.3485
10	11	0.8994	0.9498	0.3310
10	12	0.9500	0.4995	0.7877
10	13	0.9993	0.2019	0.8160
10	14	0.9996	0.4283	0.5835
10	15	0.9993	0.4603	0.3653
10	16	0.7011	0.9053	0.2850
10	18	0.7005	0.4876	0.3608
11	12	0.9992	0.8048	0.3843
11	13	0.7604	0.7349	0.2667
11	14	0.9493	0.3409	0.5257
11	15	0.7515	0.3523	0.9603
12	13	0.9492	0.8879	0.2511
12	14	0.9969	0.8324	0.3368
12	15	0.6504	0.5861	0.4736
13	14	0.9474	0.8206	0.4740
14	15	1.0000	0.6216	0.4071
14	16	0.7490	0.6156	0.5960
14	17	0.7990	0.5052	0.8217
14	18	0.9998	0.6186	0.4893
15	16	0.9964	0.9751	0.4398
15	17	0.6999	0.5163	0.7226
15	18	0.9987	0.4370	0.5291
15	23	0.6011	0.5490	0.3341
16	17	0.9975	0.8069	0.4208
16	18	0.9972	0.7573	0.2755
16	19	0.6505	0.4859	0.8624
16	21	0.9981	0.8569	0.1173
16	23	0.5498	0.5736	0.1456
17	18	0.8991	0.8564	0.2645
18	19	0.9997	0.5342	0.4137
18	21	0.7485	0.4239	0.4749
18	22	0.8999	0.5301	0.6114
18	23	0.9994	0.5827	0.4981
18	24	0.8995	0.5995	0.5474
19	20	0.9999	0.9825	0.5348
19	22	0.9990	0.5699	0.5854
19	23	0.9995	0.4333	0.5112
19	24	0.8487	0.5178	0.5599
19	25	0.8982	0.8607	0.4351
19	26	0.8013	0.8768	0.4104
19	27	0.8503	0.2451	0.6681
20	21	0.9972	0.8001	0.0362
20	22	0.7497	0.7100	0.1058
20	23	0.9980	0.5453	0.4630
20	24	0.6000	0.7164	0.7759
20	26	0.9978	0.8014	0.0263
21	22	0.9979	0.7811	0.1006
21	23	0.7493	0.6665	0.6482
21	24	0.9475	0.6260	0.8560
21	25	0.9488	0.0140	0.9592
22	23	1.0000	0.6304	0.4869
22	24	0.9980	0.6070	0.6590
22	25	0.6005	0.0950	0.4008
22	26	0.8995	0.0626	0.5202
22	27	0.9486	0.5250	0.5745
22	28	0.9982	0.4722	0.7499
23	24	1.0000	0.5537	0.4865
23	25	0.8500	0.3627	0.4266
23	26	0.8488	0.7252	0.4432
23	27	0.9988	0.6414	0.5995
23	28	0.9992	0.4755	0.5867
24	25	0.9496	0.9357	0.4971
24	26	0.9973	0.8628	0.3519
24	27	0.9990	0.5408	0.5221
24	28	0.9498	0.5359	0.6512
25	26	0.9976	0.9564	0.0200
25	27	0.9994	0.6142	0.6010
25	28	0.9001	0.5489	0.5773
26	27	0.9969	0.7477	0.5113
26	28	0.9932	0.1485	0.3515
27	28	0.9998	0.5755	0.5014
