0	1	0.8502	0.7241	0.2536
1	2	0.9964	0.9874	0.4725
1	7	0.7005	0.8787	0.4264
2	3	0.9993	0.6993	0.4163
2	4	0.9981	0.9589	0.3846
2	5	0.9979	0.9088	0.3433
2	6	0.8495	0.6983	0.5333
2	7	0.8501	0.6002	0.4929
3	4	0.9961	0.5250	0.0666
3	5	0.9483	0.4375	0.7240
3	6	0.9990	0.5121	0.4220
3	7	0.9479	0.7392	0.3884
3	8	0.6505	0.5046	0.2718
3	9	0.9494	0.5897	0.3985
4	5	0.9978	0.6752	0.1524
4	6	1.0000	0.3489	0.6423
4	7	0.8986	0.3067	0.5800
4	8	0.9999	0.0715	0.2768
4	9	0.9996	0.4228	0.4674
5	6	0.9998	0.6497	0.4378
5	9	0.9989	0.5089	0.5498
6	7	0.9497	0.7317	0.5087
6	8	0.9497	0.3922	0.6115
6	9	0.9995	0.4291	0.5106
7	8	0.9990	0.4379	0.4045
7	9	0.9999	0.4422	0.5522
8	9	0.9995	0.5184	0.4341
