0	1	0.9999	0.9676	0.5616
0	6	0.9999	0.3801	0.9685
0	7	0.9985	0.5195	0.1988
0	11	0.9976	0.9059	0.9811
0	12	0.7509	0.3553	0.7633
0	13	0.9982	0.5933	0.1790
0	14	0.7672	0.6355	0.5595
0	17	0.9499	0.1032	0.7156
0	18	0.9986	0.2905	0.2431
0	24	0.9494	0.9558	0.8666
0	25	1.0000	0.7031	0.5416
0	27	1.0000	0.2879	0.9746
1	2	0.9981	0.9602	0.3493
1	3	1.0000	0.5568	0.5869
1	4	1.0000	0.4568	0.7414
1	7	1.0000	0.4889	0.6585
1	13	0.7522	0.5245	0.3812
1	14	0.6000	0.2984	0.4833
1	25	0.9976	0.6638	0.2598
2	3	0.9990	0.9992	0.0036
2	4	0.9492	0.2209	0.7124
2	7	0.9972	0.9914	0.0114
2	13	0.9482	0.9838	0.1071
3	4	0.9981	0.9156	0.2038
3	5	0.9989	0.7075	0.5327
3	6	0.9996	0.1927	0.8599
3	7	0.9992	0.4789	0.5321
3	13	0.9988	0.4525	0.1311
3	14	0.7009	0.5101	0.2710
3	25	0.9999	0.9787	0.1486
4	5	0.9997	0.0832	0.5815
4	7	1.0000	0.3658	0.9239
5	6	0.9975	0.9976	0.5888
5	7	0.9980	0.7140	0.7016
5	13	0.8991	0.5225	0.1827
5	25	0.9977	0.9842	0.0358
6	7	1.0000	0.8823	0.1984
6	8	0.5531	0.0966	0.1447
6	10	0.5020	0.0211	0.2708
6	17	0.9500	0.8066	0.5268
6	18	0.9999	0.4639	0.4785
6	25	0.9873	0.3336	0.3720
6	26	1.0000	0.1257	0.9348
6	27	1.0000	0.2520	0.7126
7	13	0.9991	0.4060	0.1754
7	25	0.9979	0.9436	0.1488
8	9	0.9990	0.9986	0.1623
8	25	0.9999	0.0545	0.2536
10	11	0.9977	0.7069	0.0729
10	19	0.9983	0.8821	0.5174
10	20	0.7491	0.6894	0.0733
10	23	1.0000	0.7195	0.3900
10	26	0.9999	0.2566	0.9467
11	12	0.9462	0.9788	0.2222
11	15	0.9000	0.2878	0.7442
11	23	0.9997	0.1453	0.4058
11	24	0.9999	0.5228	0.8449
11	25	0.9003	0.8790	0.6527
12	13	0.5505	0.2429	0.3820
13	14	0.9983	0.4308	0.4193
13	25	0.9977	0.4796	0.2172
15	18	0.7510	0.2302	0.7908
15	24	0.6507	0.7148	0.5708
15	25	0.7499	0.1884	0.1605
16	18	0.9994	0.8648	0.5097
16	21	0.6482	0.9300	0.2474
16	27	0.7520	0.5795	0.6541
17	18	0.9961	0.7052	0.0076
17	25	1.0000	0.6714	0.9214
17	27	0.9996	0.4444	0.9877
18	20	0.9994	0.5630	0.3341
18	21	0.5498	0.0171	0.7051
18	22	0.6990	0.3433	0.4245
18	25	0.9998	0.3837	0.4842
18	26	1.0000	0.5200	0.3847
18	27	0.9999	0.4622	0.5137
19	20	0.5000	0.7598	0.1439
19	23	0.8988	0.4839	0.5537
19	26	0.9962	0.7309	0.9838
19	27	0.9954	0.8956	0.0368
20	21	0.9976	0.9582	0.0407
20	22	0.9997	0.4421	0.6476
20	23	0.6013	0.0888	0.7054
20	26	0.9987	0.2983	0.5900
20	27	0.9999	0.4498	0.5979
21	22	0.9982	0.3132	0.1780
21	23	0.9504	0.0059	0.9938
21	26	0.9969	0.9673	0.0303
22	23	0.9984	0.9890	0.6463
22	25	0.9986	0.7815	0.5559
22	26	0.9497	0.6112	0.4594
22	27	0.8483	0.4851	0.6939
23	24	0.9998	0.1492	0.7428
23	26	1.0000	0.4030	0.9394
24	25	0.9978	0.8298	0.4951
24	26	0.8003	0.4435	0.9429
25	26	1.0000	0.5737	0.4940
25	27	1.0000	0.5529	0.6522
26	27	0.9998	0.4767	0.4684
