0	1	0.5002	0.6453	0.6855
0	3	0.5505	0.5381	0.4892
0	5	0.6003	0.4661	0.6263
0	7	0.6624	0.6669	0.4212
0	8	0.7498	0.6174	0.4192
1	2	0.9490	0.7231	0.4899
1	3	0.9979	0.5802	0.3792
1	4	0.8981	0.7074	0.5092
1	5	0.8976	0.7177	0.7018
1	6	0.9484	0.5741	0.6582
1	7	0.9481	0.8068	0.8067
1	8	0.8990	0.5733	0.4172
1	9	0.7502	0.5628	0.6081
1	10	0.8988	0.4842	0.4255
2	3	0.9976	0.5394	0.5357
2	5	0.9988	0.6178	0.4635
2	6	0.6501	0.3862	0.6344
2	7	0.7997	0.6980	0.5134
2	8	0.8002	0.5635	0.4882
2	10	0.8004	0.3770	0.5210
3	4	0.9496	0.5197	0.4068
3	5	0.9500	0.6101	0.4950
3	6	0.9000	0.5595	0.6742
3	7	0.8999	0.4608	0.4257
3	8	0.9495	0.5189	0.4027
3	9	0.9000	0.4676	0.5082
3	10	0.7496	0.3448	0.3807
4	5	0.9992	0.5709	0.4895
4	6	0.7992	0.4486	0.4560
4	7	0.5813	0.4485	0.4613
4	8	0.9993	0.4069	0.5289
4	9	0.8498	0.3756	0.5319
5	6	0.9991	0.4809	0.4546
5	7	0.9993	0.4751	0.5262
5	8	0.9991	0.4737	0.4580
5	9	0.8501	0.4319	0.4925
6	7	0.6007	0.3934	0.4162
6	8	0.9983	0.3960	0.6041
6	9	0.7509	0.3628	0.3574
7	8	0.9991	0.4633	0.4157
7	9	0.8491	0.5203	0.3591
7	10	0.7008	0.4604	0.3173
8	9	0.7475	0.4419	0.3952
8	10	0.9000	0.2759	0.4246
10	11	0.7003	0.5847	0.2750
11	12	0.9972	0.9543	0.6519
11	13	0.7998	0.6116	0.5631
11	14	0.6012	0.6104	0.3885
11	16	0.6499	0.4906	0.3347
12	13	0.9998	0.6357	0.7547
12	14	0.9991	0.7340	0.3220
12	16	0.9970	0.8700	0.3351
13	14	0.6494	0.6122	0.2644
13	36	0.9497	0.1779	0.2919
14	15	0.7002	0.5869	0.4523
14	16	0.9991	0.5582	0.6408
15	16	0.9989	0.6190	0.6581
17	22	0.7488	0.5776	0.5257
17	30	0.7496	0.6497	0.4403
18	19	0.7503	0.8351	0.6397
19	20	0.8501	0.7982	0.4260
19	22	0.5508	0.3114	0.8052
21	22	0.7994	0.7820	0.1582
21	23	0.5004	0.4209	0.5777
21	24	0.6002	0.5212	0.3378
22	23	0.5523	0.5895	0.0953
22	24	0.9989	0.5424	0.8346
22	25	0.7492	0.5181	0.5754
22	26	0.8000	0.4503	0.3628
22	27	0.9982	0.5726	0.8310
22	28	0.8474	0.7657	0.4759
22	30	0.9989	0.5643	0.1498
23	24	0.7995	0.3916	0.3683
24	25	0.9981	0.7767	0.3861
24	26	0.6997	0.6716	0.5609
24	28	0.6521	0.6218	0.3334
24	30	0.6499	0.6070	0.1629
25	26	0.9994	0.6822	0.5066
25	27	0.9492	0.6282	0.4799
25	29	0.5893	0.6589	0.4589
25	30	0.9982	0.6344	0.1281
26	27	0.9981	0.5604	0.5538
26	30	0.9994	0.5464	0.4159
27	28	0.6995	0.9681	0.3991
27	29	0.6502	0.8415	0.8162
27	30	0.9999	0.7215	0.3144
28	29	0.7001	0.7771	0.5104
28	30	0.9988	0.4052	0.0370
29	30	0.9489	0.3356	0.0647
30	31	0.9000	0.9412	0.3112
30	32	0.6502	0.4463	0.5423
31	32	0.9490	0.4467	0.6560
31	34	0.5131	0.1427	0.6729
32	33	0.9989	0.9550	0.3113
32	35	0.9498	0.8994	0.4185
32	36	0.9990	0.9092	0.3872
32	37	0.9999	0.8484	0.2995
33	34	0.9981	0.3897	0.7633
33	35	0.9992	0.5150	0.6108
33	36	0.9986	0.4571	0.6569
33	37	0.9997	0.4793	0.3162
34	35	0.9998	0.8278	0.2154
34	36	0.9998	0.6836	0.5656
34	37	1.0000	0.6746	0.2978
35	36	0.9989	0.3012	0.5890
35	37	0.9991	0.4236	0.1390
36	37	0.9985	0.2888	0.1418
38	39	0.8497	0.9374	0.1012
38	53	0.5535	0.9653	0.4067
38	54	0.9488	0.9983	0.3898
38	57	0.5013	0.7321	0.4613
38	58	0.7994	0.7372	0.5516
38	60	0.9982	0.7365	0.8959
38	61	0.5002	0.7289	0.3049
39	45	0.7492	0.8256	0.5394
39	49	0.9487	0.8930	0.4841
39	51	0.9992	0.7559	0.9822
39	52	0.9982	0.5127	0.6434
39	53	0.9993	0.6095	0.5005
39	54	1.0000	0.8111	0.4345
39	55	0.5017	0.4294	0.3801
40	41	0.9493	0.7649	0.5113
40	51	0.9997	0.4915	0.7968
41	42	0.9980	0.4887	0.2798
41	43	0.6506	0.3662	0.1501
41	49	0.9989	0.9314	0.9791
41	50	0.8654	0.8300	0.3355
41	51	1.0000	0.6633	0.5200
42	51	0.9983	0.5246	0.1803
43	44	0.5501	0.6778	0.6611
43	45	0.8501	0.4032	0.4568
43	49	0.9500	0.5967	0.7552
43	51	0.9998	0.3364	0.7407
43	53	0.9952	0.6215	0.5819
43	54	0.6500	0.5258	0.2657
44	51	1.0000	0.8436	0.9257
44	53	0.8496	0.3663	0.3993
44	54	0.6022	0.5579	0.2122
45	51	1.0000	0.7924	0.8326
45	53	0.9493	0.4203	0.5502
45	54	0.7493	0.4647	0.2501
46	48	0.9978	0.1915	0.7075
46	51	0.6504	0.4586	0.8851
47	48	0.9999	0.9324	0.6580
47	51	0.9012	0.0563	0.9951
48	51	0.7519	0.3145	0.9853
48	52	0.9968	0.7631	0.2179
48	53	0.5494	0.5991	0.5976
48	54	0.5006	0.8091	0.6206
49	51	0.9999	0.8247	0.7922
49	53	0.9999	0.3606	0.7539
49	54	0.9001	0.3022	0.6488
50	51	0.9982	0.5617	0.2054
51	52	0.9993	0.9906	0.3796
51	53	0.9996	0.9653	0.4130
51	54	0.9999	0.9921	0.1866
52	53	1.0000	0.5975	0.4000
52	54	0.9995	0.6781	0.3906
53	54	0.9999	0.5446	0.3142
55	56	0.7006	0.8810	0.4088
55	57	0.8493	0.8299	0.5112
55	58	0.8999	0.8381	0.2616
55	61	0.8988	0.9280	0.2705
56	57	0.9996	0.6223	0.4020
56	58	0.9997	0.6663	0.6068
56	59	0.9997	0.5763	0.3525
56	60	0.5997	0.4510	0.3699
56	61	0.9986	0.6497	0.3498
57	58	0.9991	0.6033	0.4787
57	59	0.8006	0.6756	0.4415
57	60	0.6509	0.8262	0.5835
57	61	0.9981	0.5118	0.2522
58	59	0.9490	0.7162	0.5420
58	60	0.9998	0.6043	0.5668
58	61	0.9982	0.6156	0.3423
59	60	0.9996	0.7682	0.5964
59	61	0.9991	0.6050	0.4125
60	61	0.9992	0.5727	0.2000
