0	1	0.9988	0.5147	0.1807
0	2	1.0000	0.4511	0.8942
0	3	0.9969	0.4502	0.0084
0	21	0.9482	0.2936	0.1712
0	22	0.9994	0.4090	0.3461
0	27	0.8496	0.1071	0.0698
1	2	0.9998	0.5328	0.5026
1	3	0.9995	0.0217	0.3007
1	11	0.8509	0.5611	0.9988
1	20	0.9977	0.0014	0.9039
1	21	0.9963	0.3013	0.1498
1	22	0.5022	0.3610	0.2355
2	3	0.9989	0.9541	0.4542
2	12	0.6998	0.0211	0.5521
2	19	0.9957	0.8233	0.5845
2	20	0.9981	0.9446	1.0000
2	21	1.0000	0.8366	0.2040
2	22	0.9995	0.9992	0.4317
3	19	0.9953	0.9704	0.0536
3	20	1.0000	0.5607	0.9871
3	21	0.9994	0.7937	0.5934
3	22	0.9996	0.4207	0.3406
4	6	0.9977	0.3990	0.1547
4	12	0.7620	0.0489	0.9325
4	13	0.8995	0.4739	0.0770
5	10	0.9998	0.3185	0.8699
5	11	0.9487	0.3601	0.3467
5	12	0.9990	0.2543	0.4838
5	13	0.9977	0.4800	0.0293
5	15	0.9998	0.8182	0.1807
6	7	0.9990	0.9949	0.0319
6	9	0.9993	0.9729	0.7892
6	14	0.9996	0.8242	0.6000
6	15	1.0000	0.7808	0.1576
6	24	0.8008	0.0844	0.6150
6	25	0.8994	0.9715	0.1393
7	8	0.9993	0.9416	0.3327
7	9	0.9999	0.5571	0.6702
7	10	0.9962	0.5433	0.0086
7	15	1.0000	0.6939	0.9009
7	17	1.0000	0.0905	0.0334
7	25	0.9981	0.5938	0.5951
7	26	0.8997	0.9814	0.0609
7	28	0.9997	0.9252	0.7448
8	9	0.9987	0.9911	0.0162
8	26	0.9999	0.1007	0.8005
8	28	0.9992	0.4118	0.2966
9	10	0.9986	0.5642	0.3085
9	13	0.9981	0.9573	0.6675
9	14	0.9999	0.9820	0.2170
9	15	0.9999	0.5087	0.4747
9	25	0.9997	0.5507	0.3430
9	28	1.0000	0.0112	0.4744
10	11	0.9990	0.9403	0.1124
10	12	0.9974	0.9805	0.1842
10	13	1.0000	0.7595	0.4019
10	15	1.0000	0.5199	0.3610
10	27	0.8447	0.7839	0.6674
11	12	0.9960	0.8201	0.1541
11	13	0.9961	0.6266	0.0154
12	13	0.9941	0.6701	0.0005
13	14	1.0000	0.9258	0.4118
13	15	0.9998	0.6160	0.2303
14	15	0.9981	0.4334	0.1790
14	25	0.6018	0.0354	0.1167
15	16	0.9984	0.9979	0.2232
15	18	0.9989	0.9095	0.6017
15	23	0.9997	0.7948	0.0598
15	25	0.9940	0.8329	0.5449
15	26	0.9981	0.9987	0.7207
15	27	0.9991	0.9020	0.4842
15	28	0.9998	0.9923	0.2907
16	17	0.9989	0.9949	0.7658
16	18	0.9994	0.5053	0.2048
16	23	0.9970	0.2692	0.1103
16	25	0.9999	0.7109	0.9356
16	26	0.9497	0.3418	0.3156
16	28	0.7496	0.5033	0.8078
17	18	0.9982	0.9303	0.0000
17	25	0.9995	0.4786	0.3712
18	22	0.9999	0.9917	0.9980
18	23	1.0000	0.5712	0.4584
18	24	0.9984	0.7066	0.4443
18	25	1.0000	0.4130	0.6156
18	27	0.9983	0.9754	0.0829
19	20	0.7502	0.9071	0.1849
19	21	0.9984	0.3835	0.5256
20	21	1.0000	0.9952	0.2860
21	22	0.9995	0.9888	0.0546
22	23	0.9981	0.9969	0.7773
22	27	0.7487	0.5504	0.4113
23	24	0.9965	0.9844	0.4946
25	26	0.9988	0.9876	0.0170
25	28	0.9980	0.9669	0.6807
26	28	1.0000	0.4878	0.6172
