0	1	1.0000	0.6212	0.5054
0	2	0.9496	0.5796	0.3133
0	3	0.9486	0.5348	0.4390
0	6	0.7496	0.4520	0.3618
0	7	0.6503	0.5601	0.5297
1	2	0.9998	0.5475	0.3584
1	3	0.8000	0.6782	0.4059
1	5	0.9856	0.6199	0.4613
1	6	0.8991	0.6511	0.5239
1	7	0.5012	0.5661	0.3719
2	3	0.7502	0.5727	0.3464
2	6	0.5003	0.3100	0.0886
3	4	0.9466	0.9880	0.3772
3	5	0.9998	0.4991	0.6210
3	6	0.7996	0.5358	0.5164
3	7	0.5509	0.6464	0.4383
3	8	0.6008	0.6293	0.3638
3	11	0.5523	0.7319	0.6021
3	12	0.8494	0.5060	0.6014
4	5	0.8485	0.6841	0.2014
4	6	0.8906	0.3313	0.7460
5	6	0.9988	0.6248	0.3444
5	7	0.6006	0.5276	0.4487
6	7	0.9995	0.6329	0.5443
6	8	0.9992	0.7572	0.4800
6	12	0.7499	0.5978	0.5423
7	8	1.0000	0.7295	0.4554
7	11	0.5003	0.3666	0.5039
8	9	0.9972	0.9801	0.5294
8	10	0.7998	0.8886	0.6044
8	11	0.9979	0.8838	0.4591
8	12	0.9489	0.3373	0.4510
9	10	0.8995	0.5942	0.2490
9	11	0.8994	0.6584	0.2968
10	11	0.9486	0.6527	0.3060
10	12	0.7494	0.7284	0.3262
11	12	0.9981	0.6044	0.1949
