0	1	0.9997	0.5406	0.4909
0	2	0.9981	0.0970	0.5460
0	3	0.9998	0.4686	0.5020
0	17	0.9985	0.9007	0.5059
1	2	0.9999	0.4945	0.5146
1	3	0.9985	0.4197	0.4878
1	8	0.9980	0.8715	0.3458
1	17	1.0000	0.0217	0.2738
2	3	0.9998	0.7214	0.2735
2	4	1.0000	0.0058	0.4284
2	5	1.0000	0.4011	0.6267
2	6	0.9959	0.8101	0.0001
2	8	1.0000	0.3172	0.5649
3	5	0.9499	0.8601	0.9290
3	6	0.9997	0.5091	0.3092
3	8	0.9978	0.7035	0.5459
3	9	0.9981	0.4601	0.2230
3	17	1.0000	0.2248	0.5394
3	18	1.0000	0.0153	0.1985
4	5	0.9977	0.5607	0.1383
4	11	0.7516	0.1277	0.9649
4	20	0.5503	0.5937	0.9859
5	6	0.9973	0.9624	0.0356
5	8	0.9973	0.7181	0.5046
5	11	0.5465	0.3213	0.4406
5	12	0.9990	0.6937	0.1323
5	18	0.9997	0.9894	0.8884
6	7	0.9998	0.9994	0.3385
6	8	1.0000	0.4750	0.6712
6	9	1.0000	0.6516	0.4042
6	10	0.9991	0.9954	0.3405
6	16	0.9486	0.9993	0.4649
6	17	1.0000	0.5214	0.3378
6	18	0.9997	0.0511	0.4810
7	8	1.0000	0.7913	0.2790
7	9	0.6010	0.4133	0.6865
7	10	0.9999	0.5349	0.4390
7	11	0.9998	1.0000	0.0865
8	9	1.0000	0.6948	0.2073
8	10	0.9999	0.3568	0.5463
8	11	0.9986	0.2082	0.0132
8	12	1.0000	0.6393	0.3448
8	13	0.9992	0.6482	0.6610
8	15	0.9957	0.3962	0.1669
8	18	0.9996	0.9989	0.7416
9	10	1.0000	0.7525	0.4402
9	15	0.9997	0.8971	0.4447
9	16	0.9998	0.7993	0.5231
9	17	0.9997	0.5233	0.2776
9	18	0.6506	0.0519	0.1306
10	11	0.9989	0.9829	0.0252
10	12	0.7514	0.6968	0.6065
10	13	0.9984	0.8227	0.7753
10	14	0.8495	0.3640	0.8031
10	15	0.9997	0.8695	0.4827
10	16	0.9000	0.5940	0.2693
11	12	0.8502	0.3045	0.3381
11	13	0.9999	0.1925	0.8967
12	13	1.0000	0.6784	0.4161
12	14	0.9494	0.3088	0.8822
12	15	0.9975	0.9472	0.5355
12	18	0.9999	0.7279	0.9028
12	19	0.9994	0.8250	0.6731
13	14	0.9991	0.7904	0.5573
13	15	0.9999	0.8708	0.6865
14	15	0.9989	0.7195	0.5665
14	16	0.7008	0.7558	0.0029
15	16	0.9979	0.8933	0.1264
16	17	0.9984	0.7206	0.1486
17	18	0.9995	0.9897	0.0931
18	19	0.9497	0.8039	0.3587
19	20	0.9996	0.9496	0.1133
