0	1	0.8498	0.6424	0.3394
0	2	0.9498	0.6906	0.5813
0	3	0.5007	0.3747	0.4453
0	24	0.6508	0.3928	0.5289
1	2	0.9979	0.7810	0.2644
1	3	0.5509	0.3763	0.5596
1	13	0.8001	0.6537	0.4435
2	3	0.7002	0.5964	0.4389
2	13	0.9993	0.2574	0.5413
3	4	0.7010	0.5005	0.4327
3	7	0.7001	0.5139	0.5782
4	5	0.6501	0.5027	0.3765
4	7	0.7509	0.5673	0.3972
5	6	0.9495	0.7798	0.5030
5	7	0.8997	0.7137	0.2666
5	8	0.7002	0.4873	0.3233
5	9	0.5008	0.6563	0.0892
6	7	0.9498	0.5808	0.5633
6	8	0.9997	0.5527	0.4565
6	9	0.9495	0.5246	0.4672
6	13	0.7504	0.5060	0.4445
6	14	0.6006	0.3879	0.5637
7	8	0.9998	0.5983	0.4730
7	9	0.9001	0.6083	0.4434
8	9	0.9990	0.5345	0.2743
8	10	0.7003	0.4858	0.4876
8	13	0.5010	0.4058	0.3557
9	10	0.9996	0.5881	0.5064
9	11	0.9987	0.4791	0.5894
9	13	0.9988	0.6642	0.4570
9	14	0.6004	0.4858	0.4477
9	15	0.8474	0.6316	0.4422
10	11	0.9997	0.5233	0.4367
10	12	0.9997	0.5057	0.5208
10	13	0.5506	0.3080	0.4653
10	14	0.9493	0.4395	0.4841
10	15	0.9999	0.6040	0.6724
10	16	0.8001	0.4134	0.3635
11	12	0.9988	0.4081	0.4246
11	14	0.7498	0.5251	0.4582
11	15	0.9991	0.6459	0.6115
11	16	0.9489	0.3623	0.4559
12	13	0.9498	0.8491	0.5480
12	15	0.8996	0.5739	0.6255
12	16	0.8002	0.5739	0.3765
14	15	0.9997	0.5191	0.4988
14	16	0.9491	0.4349	0.5668
14	17	0.8497	0.4579	0.5373
15	16	0.9503	0.6495	0.3808
15	17	0.8998	0.5270	0.5427
16	17	0.9998	0.7034	0.4075
17	18	0.5999	0.3917	0.5423
17	19	0.5002	0.6755	0.5447
17	20	0.5508	0.4460	0.5223
17	21	0.6007	0.5242	0.5077
17	23	0.6998	0.5726	0.4248
18	19	0.8998	0.5820	0.4600
18	20	0.9689	0.6398	0.5242
18	21	0.8998	0.5255	0.4161
18	22	0.7997	0.4972	0.4683
18	23	0.9496	0.5294	0.3284
18	26	0.6504	0.5113	0.2264
19	20	0.9494	0.5808	0.5979
19	21	0.9984	0.5482	0.6106
19	22	0.9991	0.5881	0.5589
19	23	0.9989	0.4842	0.4166
19	24	0.5498	0.5842	0.5974
19	26	0.9996	0.5686	0.2621
20	21	0.9498	0.6033	0.4251
20	22	0.9493	0.5980	0.3826
20	23	0.8999	0.6064	0.3583
20	25	0.6511	0.4660	0.3746
20	26	0.6507	0.6968	0.2119
21	22	0.7501	0.5884	0.5313
21	23	0.8499	0.5287	0.3960
21	24	0.7998	0.6710	0.5314
21	26	0.9999	0.6591	0.3926
22	23	0.7993	0.4072	0.4867
22	24	0.6503	0.5509	0.4019
22	26	0.9991	0.6554	0.2719
23	24	0.9995	0.5667	0.5032
23	25	0.7005	0.3895	0.2194
23	26	1.0000	0.5761	0.3951
24	25	0.9975	0.8886	0.4331
24	26	0.9981	0.3796	0.3649
25	26	0.7986	0.6010	0.0885
