0	1	0.9986	0.7432	0.7305
0	2	0.9991	0.7798	0.6362
0	3	0.8489	0.4783	0.7891
0	4	0.9996	0.6227	0.5285
0	5	0.8986	0.3879	0.9898
0	6	0.9999	0.5288	0.4005
0	7	0.9501	0.7981	0.3202
0	10	0.7996	0.6090	0.4162
0	11	0.9000	0.2553	0.9337
0	12	0.9983	0.4523	0.7852
0	13	0.9999	0.6983	0.4809
0	14	0.7470	0.9096	0.3283
0	16	0.7995	0.8060	0.5301
0	17	0.5558	0.5934	0.3296
1	6	0.8987	0.5234	0.1936
1	7	0.7500	0.6328	0.6577
1	13	0.9488	0.6444	0.6647
2	3	0.9989	0.5045	0.5038
2	4	0.8501	0.4326	0.3517
2	5	0.6005	0.5216	0.3568
2	6	0.6006	0.5057	0.4134
3	4	0.7990	0.7338	0.3068
3	6	0.5551	0.5607	0.1805
3	11	0.5500	0.6408	0.7993
4	5	0.9980	0.5828	0.5179
4	6	0.8502	0.5965	0.4142
4	7	0.7224	0.4222	0.4146
4	13	0.6010	0.4315	0.4610
5	6	0.8980	0.7807	0.0711
6	7	0.9980	0.4384	0.2812
6	10	0.5507	0.2522	0.3703
6	12	0.9982	0.5036	0.6951
6	13	0.9984	0.4195	0.4761
6	16	0.6498	0.3415	0.4770
6	17	0.7017	0.2291	0.3490
7	8	0.5007	0.7070	0.4787
7	9	0.5996	0.6654	0.7528
7	10	0.7503	0.6965	0.6253
7	12	0.9492	0.3986	0.4754
7	13	0.9997	0.5237	0.5043
7	14	0.9492	0.9816	0.7795
7	15	0.9001	0.7510	0.4188
7	16	0.9988	0.6872	0.6459
7	17	1.0000	0.6653	0.3514
7	21	0.7734	0.6647	0.6884
8	9	0.6505	0.3048	0.2441
8	10	0.5501	0.5124	0.4000
8	11	0.6008	0.6739	0.2793
8	13	0.9998	0.3309	0.5639
8	14	0.6490	0.2710	0.4711
8	15	0.7002	0.5199	0.3614
8	16	0.8994	0.3741	0.5140
8	18	0.5035	0.3627	0.2627
8	19	0.5502	0.4593	0.2984
9	10	0.9490	0.8332	0.5453
9	11	0.9991	0.7933	0.5697
9	13	0.9994	0.5750	0.5934
9	14	0.8501	0.7163	0.2638
9	16	0.7004	0.4687	0.4254
10	11	0.9989	0.6982	0.2414
10	12	0.9481	0.6129	0.0828
10	13	0.9000	0.6112	0.4612
10	14	0.5497	0.8486	0.7444
11	12	0.7992	0.8203	0.0757
11	13	0.8492	0.6105	0.3380
11	15	0.5508	0.3365	0.5112
12	13	0.9988	0.2556	0.3866
13	14	0.9975	0.9019	0.4659
13	15	0.9994	0.6490	0.3933
13	16	0.9995	0.6269	0.5141
13	17	1.0000	0.5637	0.4510
13	18	0.9485	0.8451	0.2335
14	15	0.9483	0.9858	0.4046
14	16	0.9984	0.4548	0.6255
14	17	0.9989	0.8230	0.8709
14	18	0.8003	0.6253	0.5114
15	16	0.9989	0.5016	0.3937
15	17	1.0000	0.2987	0.9274
15	18	1.0000	0.5083	0.7708
15	19	0.5005	0.3837	0.6679
15	20	0.5008	0.4621	0.4565
15	21	0.6504	0.5014	0.4361
16	17	0.9990	0.5750	0.5532
16	18	0.9490	0.5587	0.2800
16	21	0.8004	0.6192	0.4873
17	18	0.6500	0.8217	0.3037
18	19	0.9990	0.9169	0.3307
18	20	0.7434	0.3637	0.2298
18	21	0.8491	0.2757	0.3339
19	20	0.9489	0.8272	0.2827
19	21	0.5002	0.5635	0.2649
19	24	0.5005	0.4797	0.6531
20	21	0.9972	0.7769	0.0385
21	22	0.8990	0.8633	0.2572
22	23	0.9974	0.7688	0.3686
22	24	1.0000	0.7592	0.5001
22	25	0.9999	0.7944	0.4762
23	24	0.9493	0.5771	0.5732
23	25	0.7007	0.5215	0.6851
24	25	1.0000	0.7547	0.4308
24	26	0.9500	0.5943	0.4578
25	26	0.9998	0.6075	0.5784
25	27	0.9004	0.6833	0.3163
25	29	0.6010	0.5386	0.6045
25	30	0.6508	0.3872	0.3513
26	27	0.9499	0.6262	0.5061
26	28	0.6507	0.5318	0.5093
26	29	0.9998	0.6716	0.4903
26	30	0.7504	0.4139	0.4357
27	28	0.9995	0.7747	0.8094
27	29	0.9999	0.5279	0.5284
27	30	0.8503	0.3843	0.3932
28	29	0.9987	0.8660	0.2410
28	30	1.0000	0.7937	0.6695
29	30	0.9999	0.5299	0.4566
