0	1	0.9498	0.8849	0.4854
0	2	0.9001	0.6672	0.6167
0	3	0.9999	0.7446	0.5368
0	4	0.5505	0.6932	0.5402
0	19	0.5497	0.4206	0.5359
1	2	0.7473	0.4125	0.3987
1	3	0.9986	0.5607	0.4954
2	3	0.9992	0.4787	0.5219
2	4	0.8000	0.4608	0.4896
2	5	0.5014	0.3803	0.3529
2	19	0.5005	0.5498	0.1870
3	4	0.9997	0.5041	0.5243
3	5	0.8499	0.2096	0.4371
3	19	0.8002	0.5646	0.2628
4	5	0.9985	0.8584	0.4055
4	19	0.9996	0.6773	0.3374
4	23	0.6004	0.5737	0.5538
5	6	0.9989	0.5311	0.4133
5	7	0.9995	0.5006	0.4723
5	10	0.9001	0.7801	0.2911
5	19	0.9479	0.7289	0.2466
5	23	0.7991	0.4473	0.4434
6	7	0.9997	0.6886	0.5278
6	8	0.6002	0.7502	0.2664
6	10	0.9994	0.6017	0.4489
6	16	0.9990	0.7698	0.5257
6	19	0.9985	0.4735	0.4891
7	8	0.9495	0.5553	0.4490
7	9	0.5505	0.1245	0.4696
7	10	0.9995	0.7865	0.2720
7	16	0.6006	0.6945	0.4606
8	9	0.9948	0.9838	0.5833
8	10	0.9489	0.4995	0.3889
8	11	0.9979	0.4444	0.4891
8	12	0.5503	0.9251	0.2462
8	15	0.8208	0.6253	0.5331
8	16	0.9981	0.4744	0.5364
8	18	0.9486	0.5474	0.5444
8	19	0.9994	0.5759	0.4892
8	20	0.8986	0.6567	0.9319
8	23	0.9984	0.5895	0.3876
9	10	0.7499	0.7564	0.1912
9	11	0.8492	0.6422	0.6690
9	16	0.9989	0.5944	0.9554
9	18	0.5498	0.6408	0.4398
9	19	0.6481	0.7681	0.4800
9	21	0.6034	0.4739	0.8292
10	11	0.9985	0.6173	0.2167
10	16	0.9998	0.6535	0.3265
10	19	0.8001	0.6893	0.4090
11	12	0.9987	0.9507	0.2333
11	14	0.8997	0.8349	0.6732
11	15	0.9995	0.4139	0.6494
11	16	0.9989	0.4786	0.4701
11	18	0.9005	0.4674	0.4883
12	13	1.0000	0.6583	0.5103
12	14	1.0000	0.5214	0.5651
12	15	0.9500	0.6145	0.4353
12	16	1.0000	0.3535	0.9340
12	19	0.7501	0.4374	0.6860
13	14	0.9995	0.6742	0.5750
13	15	0.9495	0.5177	0.3796
14	15	0.6505	0.6171	0.2987
14	16	0.5001	0.6236	0.6362
15	16	0.9999	0.7678	0.3253
15	18	0.7827	0.5290	0.4531
16	17	0.8997	0.7635	0.5049
16	18	0.8253	0.4316	0.4491
16	19	0.9991	0.5175	0.4795
16	20	0.5006	0.7874	0.6432
16	23	1.0000	0.5545	0.4735
17	18	0.9999	0.6192	0.3383
17	19	1.0000	0.6413	0.6723
17	20	0.5006	0.7614	0.4724
17	23	0.9986	0.5462	0.1911
18	19	0.9998	0.5889	0.4048
18	20	0.6504	0.6287	0.5382
18	21	0.7994	0.5695	0.2739
18	22	0.7499	0.6482	0.3141
18	23	0.9996	0.7321	0.3194
19	20	0.9999	0.6214	0.5690
19	21	0.9991	0.6990	0.7048
19	22	0.9979	0.6592	0.6202
19	23	0.9998	0.4003	0.5651
20	21	0.9993	0.6600	0.6679
20	22	0.9991	0.7318	0.6112
20	23	0.9999	0.6642	0.3202
21	22	0.9988	0.9675	0.6715
21	23	0.8002	0.5544	0.2858
22	23	0.8992	0.5514	0.3907
