0	1	0.9988	0.9895	0.0000
0	3	0.9930	0.9692	0.4808
0	4	0.9991	0.5936	0.2154
0	5	0.9988	0.5734	0.5858
0	6	1.0000	0.3212	0.0055
0	31	0.9989	0.9727	0.7608
0	36	0.9965	0.4213	0.9763
0	37	1.0000	0.1572	0.0626
1	2	1.0000	0.4824	0.4423
1	3	0.9996	0.4788	0.6586
1	28	0.9486	0.4512	0.0370
2	3	0.9997	0.9491	0.5554
2	28	1.0000	0.9039	0.1216
3	4	1.0000	0.4902	0.6529
3	5	0.9994	0.1746	0.0234
3	28	0.9980	0.3263	0.4002
4	5	0.9973	0.6063	0.1146
4	28	0.9985	0.9787	0.7021
4	36	0.9990	0.8006	0.5068
4	37	0.9999	0.0360	0.5226
5	6	1.0000	0.7673	0.2351
5	28	0.9999	0.0103	0.5663
5	30	0.9995	0.3330	0.0734
5	31	0.9992	0.4526	0.3846
5	36	1.0000	0.3539	0.5583
6	7	0.9995	0.9894	0.0003
6	29	0.9978	0.9539	0.5307
6	30	0.9968	0.7736	0.5392
6	31	1.0000	0.4385	0.2960
6	33	0.5970	0.9837	0.1763
6	36	0.9998	0.5179	0.5473
7	8	0.9988	0.3442	0.0192
7	29	0.9978	0.2656	0.1357
7	35	0.9994	0.0445	0.9105
7	36	1.0000	0.0041	0.0023
8	9	0.8499	0.4346	0.7658
8	28	0.9995	0.7150	0.8313
8	29	0.9984	0.5307	0.2225
8	35	1.0000	0.7149	0.9333
8	36	0.9966	0.7370	0.0259
9	10	0.9965	0.9846	0.5700
9	11	1.0000	0.8927	0.3863
9	12	0.9995	0.9481	0.3743
9	13	0.9996	0.9706	0.0923
9	14	0.9973	0.9919	0.4844
9	27	1.0000	0.8068	0.4653
9	28	0.9998	0.5982	0.5093
10	11	0.9486	0.9909	0.6067
10	27	0.6984	0.7758	0.0639
10	28	0.9998	0.0046	0.7435
11	12	0.9996	0.5827	0.7156
11	13	0.9465	0.4222	0.0425
11	14	0.5498	0.4154	0.3621
11	27	0.9992	0.5213	0.2089
11	28	0.9999	0.4733	0.5763
12	13	0.9948	0.7440	0.0000
12	21	0.9980	0.7481	0.7595
12	27	0.9990	0.7943	0.0607
12	28	0.9983	0.0713	0.7580
13	14	0.9993	0.2999	0.5079
13	21	0.9984	0.1180	0.4750
13	25	0.9998	0.4389	0.8805
13	26	0.9999	0.5778	0.3683
13	27	0.9970	0.3368	0.4977
13	28	0.9985	0.4340	0.1532
14	20	0.6503	0.9759	0.6041
14	21	0.9989	0.2587	0.7745
14	25	0.9996	0.8568	0.9746
14	26	0.9999	0.5989	0.7054
14	27	1.0000	0.4563	0.4131
15	18	0.9998	0.9931	0.4314
15	20	0.9993	0.9639	0.5546
15	21	0.9973	0.9203	0.7473
15	25	0.9983	0.3444	0.7166
15	26	0.9991	0.5761	0.8378
15	27	0.9996	0.1030	0.2312
16	17	0.9498	0.5918	0.8573
16	18	0.9988	0.6050	0.6563
16	20	0.8959	0.1960	0.6387
16	21	0.9998	0.4742	0.5252
16	22	0.9995	0.7887	0.3990
16	23	0.9970	0.9957	0.3920
16	24	0.9487	0.7109	0.5059
16	25	1.0000	0.0145	0.1308
16	26	0.9998	0.0278	0.9527
17	18	0.9997	0.9151	0.4484
17	19	0.9974	0.7609	0.5083
17	20	0.9443	0.9311	0.1154
17	23	0.6478	0.9206	0.4012
18	19	0.9998	0.3635	0.7231
18	20	1.0000	0.4678	0.4461
18	21	0.9977	0.9405	0.4673
18	22	0.8502	0.7353	0.9430
18	24	0.8973	0.1649	0.3877
18	25	0.9993	0.1917	0.3744
18	26	1.0000	0.4136	0.8202
19	20	0.9990	0.6854	0.1602
20	21	0.9499	0.9963	0.3843
20	25	0.9978	0.1885	0.3900
20	26	1.0000	0.5417	0.8628
21	22	0.9969	0.7419	0.0945
21	24	0.9986	0.8705	0.6622
21	25	0.9991	0.9652	0.2106
21	26	1.0000	0.8652	0.8191
21	27	0.9984	0.6576	0.0336
22	23	0.9996	0.9999	0.8911
22	24	0.9001	0.9030	0.3745
23	24	0.9961	0.9664	0.2268
24	26	0.9494	0.9237	0.7472
25	26	1.0000	0.7033	0.3812
25	27	0.9999	0.9884	0.6063
26	27	1.0000	0.4914	0.5079
27	28	1.0000	0.7881	0.2844
28	29	0.6638	0.9552	0.0491
28	36	0.9988	0.9543	0.0415
29	30	0.9976	0.9951	0.0002
29	33	0.8105	0.9889	0.0214
29	35	0.9991	0.9944	0.2726
29	36	0.9974	0.3743	0.0001
30	31	0.9995	0.4487	0.3765
30	32	0.9998	0.1913	0.8574
30	33	1.0000	0.0181	0.0178
30	34	0.8994	0.0077	0.9655
30	35	1.0000	0.0016	0.0238
30	36	0.9979	0.1102	0.3345
31	32	1.0000	0.8056	0.2381
31	33	0.9996	0.9526	0.9829
31	36	0.9994	0.3931	0.5258
32	33	1.0000	0.5606	0.4460
32	34	0.9947	0.3817	0.0514
33	34	0.9989	0.3810	0.3802
33	35	0.9991	0.4171	0.3634
34	35	0.9984	0.9545	0.7280
35	36	0.9501	0.4236	0.0061
