0	1	0.9993	0.5550	0.4778
0	2	1.0000	0.6968	0.4218
0	3	0.6503	0.5056	0.4174
0	11	0.6004	0.3794	0.5833
0	19	0.9997	0.5320	0.4012
0	20	0.7978	0.5685	0.3835
1	2	0.9997	0.5738	0.5181
1	3	0.9996	0.5715	0.5276
1	4	0.9485	0.6432	0.6338
1	7	0.8995	0.6608	0.5166
1	11	0.8495	0.4369	0.6260
1	19	0.9995	0.5846	0.3612
2	3	0.9999	0.5382	0.5271
2	4	0.9991	0.6026	0.5194
2	6	0.7001	0.5334	0.3406
2	7	0.9998	0.6491	0.4283
2	8	0.8493	0.5431	0.7632
2	11	0.9980	0.4056	0.5012
2	19	0.9990	0.3060	0.3816
3	4	0.9998	0.4728	0.4281
3	6	0.9494	0.6582	0.4017
3	7	0.9997	0.5741	0.5059
3	8	0.9998	0.4255	0.7823
3	9	0.9994	0.6936	0.5281
3	11	0.9990	0.4928	0.5786
3	12	0.7999	0.4761	0.3619
3	19	0.5507	0.2710	0.3401
4	5	0.9982	0.7287	0.7754
4	6	0.9998	0.5514	0.5052
4	7	0.9995	0.4566	0.3742
4	8	1.0000	0.4500	0.7048
4	9	0.9994	0.5453	0.4760
5	6	0.7036	0.7271	0.3799
5	9	0.5007	0.5982	0.7111
6	7	0.9995	0.7984	0.1701
6	8	1.0000	0.4308	0.9185
6	9	0.8985	0.4735	0.3781
7	8	1.0000	0.4886	0.5832
7	9	0.9998	0.7454	0.5119
7	11	0.9997	0.7157	0.5285
7	12	0.6992	0.5363	0.4966
8	9	0.9999	0.4151	0.4542
8	11	0.6997	0.1634	0.1415
9	10	0.9953	0.9921	0.4495
9	11	0.9989	0.6502	0.3876
11	12	0.9982	0.4567	0.4484
11	13	0.9986	0.4126	0.5052
11	14	0.6999	0.4116	0.7518
11	19	0.8990	0.4767	0.5875
12	13	0.9998	0.5137	0.5078
12	14	0.9977	0.5244	0.6182
12	15	0.9001	0.4606	0.3926
12	16	0.6501	0.3939	0.4374
12	17	0.9491	0.5118	0.5228
12	18	0.5999	0.2800	0.4948
12	19	0.9983	0.5562	0.5973
12	20	0.9976	0.9474	0.5861
13	14	0.9983	0.5333	0.5864
13	15	0.9989	0.5242	0.5155
13	16	0.9990	0.4694	0.4379
13	17	0.9990	0.5894	0.6066
13	18	0.9992	0.3118	0.4943
13	19	0.9486	0.5252	0.5668
13	20	0.9466	0.9719	0.5640
14	15	0.9001	0.8817	0.3292
14	16	0.9481	0.9315	0.3424
14	17	0.9997	0.8664	0.5488
14	19	0.9500	0.7503	0.5894
14	20	0.7997	0.6279	0.6452
15	16	0.9987	0.3125	0.4908
15	17	0.9489	0.4327	0.6014
15	19	0.6502	0.3569	0.6529
16	17	0.9988	0.5642	0.3358
16	18	0.9491	0.3493	0.5428
16	19	0.6004	0.3474	0.3576
17	18	0.9980	0.8053	0.3431
17	19	0.9998	0.6363	0.5315
17	20	0.9477	0.4314	0.3431
18	19	0.6006	0.4044	0.3096
19	20	0.9967	0.9415	0.1400
