0	1	0.6494	0.9557	0.6648
0	2	0.5505	0.7848	0.2429
1	2	0.5495	0.5666	0.3932
2	3	0.9492	0.7145	0.3101
2	7	0.7994	0.7161	0.1392
2	8	0.9999	0.5724	0.7932
2	24	0.5009	0.5188	0.6816
3	4	0.9987	0.9992	0.1122
3	6	0.7497	0.8070	0.3826
3	7	0.9989	0.0953	0.3009
3	8	0.9998	0.5060	0.4803
3	9	0.9989	0.5403	0.6040
4	5	1.0000	0.4903	0.4650
4	6	0.9492	0.6447	0.2047
4	7	0.9498	0.3280	0.9571
4	8	0.9999	0.3033	0.7259
4	9	0.9510	0.2795	0.8326
5	6	0.5003	0.5641	0.2161
5	8	0.8996	0.4372	0.3133
6	7	0.9497	0.9423	0.4579
6	8	0.9999	0.7289	0.5871
6	9	0.7500	0.5004	0.6138
6	10	0.9994	0.8298	0.9150
6	11	0.8494	0.5911	0.2193
7	8	0.8976	0.3756	0.5470
7	9	0.9985	0.4364	0.5007
7	24	0.7491	0.3715	0.6020
8	9	0.9999	0.4998	0.5300
8	24	0.8000	0.6194	0.7310
9	14	0.6995	0.9343	0.6244
10	11	0.9975	0.8027	0.5820
10	12	0.9981	0.9431	0.4470
10	13	1.0000	0.3439	0.9113
10	14	0.9989	0.3188	0.2569
10	17	1.0000	0.5571	0.5577
10	19	0.9991	0.1648	0.3102
10	21	1.0000	0.5656	0.5325
10	22	0.9998	0.1075	0.9082
10	23	1.0000	0.3245	0.5785
10	24	0.9498	0.3933	0.4273
11	15	0.9974	0.7375	0.0252
11	17	0.9996	0.9768	0.2173
12	13	0.9979	0.6785	0.4174
12	14	0.8492	0.7106	0.2653
12	17	0.9991	0.1916	0.9653
13	14	0.8996	0.7032	0.0685
13	17	0.6528	0.1134	0.7996
14	17	0.8498	0.0709	0.7468
15	16	0.9993	0.1941	0.8055
15	17	0.6003	0.5975	0.2926
16	17	0.9972	0.5176	0.1983
16	18	1.0000	0.6618	0.5543
16	20	0.8493	0.5652	0.0856
17	18	1.0000	0.4084	0.6921
17	19	1.0000	0.5573	0.6159
17	20	1.0000	0.1132	0.1145
17	21	0.9496	0.4547	0.3328
17	22	0.8986	0.9008	0.8727
19	20	0.9981	0.8957	0.9998
19	21	1.0000	0.5164	0.8645
19	22	0.9995	0.4346	0.8606
20	21	0.6000	0.9542	0.5955
21	22	0.9984	0.9888	0.9968
21	23	0.8993	0.9399	0.3525
22	23	0.7498	0.7646	0.2035
