0	1	0.9994	0.9027	0.6942
0	2	0.9996	0.5505	0.4165
0	4	0.9501	0.7756	0.5069
0	5	1.0000	0.7667	0.5582
0	7	0.9988	0.5771	0.3662
0	8	0.8503	0.4291	0.3797
0	10	0.5009	0.3324	0.4059
1	2	0.9486	0.9066	0.2654
1	4	0.9986	0.5491	0.8422
1	5	0.6015	0.7584	0.6066
1	7	0.8664	0.4521	0.5878
2	3	0.9996	0.8275	0.3035
2	4	1.0000	0.3393	0.6229
2	7	0.9999	0.4187	0.7684
2	8	0.9989	0.8777	0.1042
2	9	0.5010	0.2666	0.6522
2	10	0.8501	0.5676	0.5320
2	11	0.6984	0.8077	0.1406
2	13	0.9976	0.7525	0.4621
2	14	0.7500	0.5946	0.7419
2	15	0.9996	0.7822	0.6059
2	16	0.6513	0.2689	0.0920
2	27	0.5008	0.4540	0.5936
3	4	0.9992	0.9908	0.1389
3	7	0.8995	0.4298	0.6998
3	8	0.9987	0.4245	0.5960
3	9	0.9977	0.9956	0.5020
3	10	0.9992	0.8021	0.4301
3	11	0.9987	0.4831	0.5497
3	12	0.9991	0.7241	0.5611
3	13	0.9999	0.5060	0.5270
3	14	0.8503	0.6319	0.5502
3	15	0.8980	0.5705	0.6838
4	5	0.9974	0.9395	0.2460
4	6	0.7997	0.7590	0.6305
4	7	0.9988	0.6807	0.3031
4	8	1.0000	0.2932	0.8019
4	9	0.9496	0.0967	0.4232
4	11	1.0000	0.1805	0.7905
4	13	1.0000	0.2709	0.9082
4	15	0.9999	0.2992	0.9026
4	16	0.9992	0.1591	0.4174
5	6	0.9995	0.9503	0.7877
5	7	0.9979	0.3500	0.1879
6	7	0.8503	0.7707	0.2752
6	10	0.7997	0.7808	0.0898
7	8	0.9988	0.7658	0.2402
7	9	0.7499	0.1112	0.4423
7	10	0.9003	0.5674	0.4969
7	11	0.9991	0.8801	0.0890
7	13	0.9979	0.8455	0.4040
7	15	0.5546	0.7393	0.3348
8	9	0.9496	0.9959	0.4230
8	10	0.9988	0.5632	0.5569
8	11	0.9501	0.6411	0.4903
8	13	0.9993	0.5098	0.4461
9	10	0.9960	0.7006	0.0312
9	11	0.9995	0.3997	0.9712
9	12	0.9964	0.4597	0.2009
9	13	0.9990	0.7103	0.7933
9	15	0.7001	0.5648	0.9923
10	11	0.9990	0.6388	0.2970
10	12	0.9998	0.3717	0.7481
10	13	0.9995	0.6362	0.3206
10	14	0.6036	0.5546	0.4635
10	15	0.8499	0.5548	0.5442
11	12	0.9977	0.8195	0.6961
11	13	0.9999	0.5180	0.5046
11	14	0.9324	0.4037	0.6240
11	15	0.6007	0.5532	0.4348
12	13	0.9994	0.7186	0.2391
12	14	0.5004	0.7684	0.4822
12	15	0.8922	0.4840	0.4642
13	14	1.0000	0.6477	0.4500
13	15	0.9989	0.5445	0.5802
14	15	0.9997	0.5291	0.4104
16	17	0.9988	0.6752	0.6142
17	18	0.9994	0.8933	0.0852
18	19	0.9977	0.8633	0.4470
18	20	0.8998	0.5130	0.4768
18	21	0.9997	0.3818	0.4369
19	20	0.9985	0.6018	0.5090
19	21	0.8503	0.5581	0.5728
19	22	0.7501	0.4838	0.4849
20	21	0.9000	0.4345	0.3775
21	22	0.9501	0.7170	0.2342
22	23	0.9999	0.8211	0.3726
22	24	1.0000	0.4703	0.8046
22	26	0.5012	0.5950	0.4708
22	28	1.0000	0.8403	0.2721
23	24	0.9981	0.9735	0.3850
23	27	0.7999	0.2431	0.7945
23	28	0.9988	0.5108	0.5041
23	30	0.7993	0.5673	0.5145
24	25	0.9961	0.9711	0.4980
24	26	0.9984	0.8096	0.7765
24	27	0.8004	0.7634	0.5348
24	28	1.0000	0.4555	0.8729
24	29	0.8995	0.5372	0.2831
24	30	1.0000	0.5950	0.8858
24	43	0.7007	0.0730	0.3346
25	26	0.9493	0.7016	0.4517
25	27	0.9979	0.2945	0.7110
26	27	0.9989	0.4857	0.5337
27	28	0.9996	0.8686	0.1977
27	29	1.0000	0.4665	0.6453
27	30	0.9973	0.8428	0.0944
28	29	0.9987	0.9167	0.5162
28	30	0.9994	0.5219	0.5045
28	32	0.5010	0.5442	0.2297
29	30	0.9998	0.6770	0.5414
29	31	0.9501	0.5861	0.5588
29	35	0.5015	0.2425	0.3840
30	31	0.9995	0.6716	0.6439
30	32	0.8999	0.6931	0.3546
31	32	0.9988	0.5473	0.5406
31	36	0.6504	0.4786	0.7123
31	48	0.6992	0.8064	0.3433
32	33	0.8992	0.7982	0.6082
32	34	1.0000	0.6568	0.3909
32	35	0.6493	0.9199	0.2907
33	34	1.0000	0.7556	0.3561
33	35	0.9999	0.3432	0.7535
33	36	0.8495	0.6055	0.5383
33	39	0.9982	0.7937	0.1698
33	40	0.8002	0.1616	0.4070
33	47	0.6482	0.5722	0.6867
33	48	0.9993	0.7528	0.2408
34	35	0.9992	0.9137	0.4087
34	36	0.7000	0.6207	0.5294
34	40	0.8994	0.9595	0.2169
34	41	0.9990	0.6893	0.8472
34	42	0.8502	0.5130	0.3747
34	48	0.6011	0.0278	0.4539
35	36	1.0000	0.6217	0.5139
35	38	0.7502	0.8295	0.4515
35	39	0.9497	0.6657	0.8604
35	45	0.5503	0.6263	0.5937
35	48	0.9982	0.7873	0.4510
36	39	0.9483	0.5309	0.5239
36	40	0.7003	0.4240	0.5917
37	38	0.9999	0.5758	0.5573
37	39	0.9993	0.4896	0.4936
37	40	0.8995	0.8712	0.6781
37	41	0.7997	0.6538	0.8483
37	48	0.6510	0.1616	0.3945
38	39	0.9991	0.5103	0.2678
38	42	0.9988	0.3649	0.3877
38	44	0.9994	0.2376	0.3011
38	46	0.9989	0.3389	0.6016
38	47	0.9475	0.5557	0.4952
38	48	0.9984	0.7014	0.2016
39	40	0.9983	0.9286	0.6416
39	41	0.9995	0.6713	0.7527
39	42	0.9998	0.5216	0.4479
39	43	0.8988	0.9127	0.4501
39	44	0.9992	0.4420	0.3775
39	48	0.8007	0.0721	0.4110
40	41	0.9971	0.9840	0.1595
40	43	0.9487	0.4088	0.2603
41	42	0.9493	0.9115	0.1412
41	43	1.0000	0.3837	0.6507
41	44	0.9971	0.9328	0.0564
42	43	0.9996	0.8117	0.6327
42	44	0.9997	0.5160	0.4551
42	48	0.5511	0.0190	0.3785
43	44	1.0000	0.5176	0.5224
44	46	0.9993	0.5558	0.6346
44	47	0.9994	0.1041	0.9239
44	48	0.9997	0.1162	0.2258
45	46	0.9970	0.6659	0.0750
45	47	0.5505	0.5506	0.6371
45	48	0.5499	0.6868	0.0922
46	47	0.9977	0.9231	0.5468
46	48	0.9995	0.7452	0.3279
47	48	0.9970	0.5096	0.2899
