0	1	0.9998	0.5015	0.4779
0	2	0.6006	0.1502	0.0216
0	3	0.9989	0.0932	0.7265
0	6	0.9991	0.2964	0.3972
0	7	0.9999	0.9570	0.2006
0	8	0.9999	0.8325	1.0000
0	9	0.9986	0.3709	0.4367
0	10	1.0000	0.3244	0.5094
0	11	0.9986	0.6323	0.4463
0	12	0.9996	0.9427	0.6193
1	2	0.9977	0.6907	0.0143
1	3	1.0000	0.6225	0.3465
1	6	0.9964	0.2954	0.7200
1	7	1.0000	0.1466	0.1088
1	9	0.9495	0.6580	0.6272
1	11	0.9998	0.4757	0.4193
1	12	0.9998	0.5300	0.5555
1	13	0.5513	0.4324	0.1402
2	3	1.0000	0.5152	0.3627
2	4	0.9968	0.8342	0.4624
2	5	0.9994	0.9279	0.2858
2	6	0.9988	0.7414	0.5472
2	12	0.9973	0.0193	0.3468
3	4	0.9989	0.6542	0.2124
3	5	0.9999	0.0486	0.1476
3	6	0.9992	0.4580	0.3949
3	7	0.9997	0.3740	0.7718
3	9	0.9949	0.9090	1.0000
3	12	0.9971	0.0743	0.6192
4	5	0.9995	0.5545	0.5973
4	6	1.0000	0.1016	0.0747
5	6	1.0000	0.2887	0.5936
5	7	1.0000	0.2881	0.6674
5	8	0.9946	0.3005	0.0013
6	7	0.9999	0.5293	0.6070
6	8	0.9991	0.4888	0.2847
6	9	1.0000	0.3614	0.8273
6	12	0.9988	0.9405	0.8478
7	8	0.9999	0.6157	0.6865
7	9	0.9974	0.5947	0.4484
7	12	1.0000	0.0655	0.9543
8	9	1.0000	0.9041	0.2676
9	10	0.9997	0.4344	0.3826
9	11	0.9986	0.2939	0.7116
10	11	0.9979	0.6946	0.7259
11	12	0.9963	0.2623	0.5189
11	13	0.8500	0.4766	0.6006
11	14	0.9971	0.5203	0.3701
12	13	1.0000	0.5134	0.4570
13	14	0.8502	0.8467	0.3989
