0	1	0.9985	0.9139	0.0814
0	2	0.9965	0.9962	0.2375
0	3	0.9459	0.9628	0.2457
0	37	0.9995	0.7020	0.6566
0	52	1.0000	0.6973	0.6366
1	2	1.0000	0.7702	0.4118
1	3	0.9995	0.7343	0.4338
1	5	0.9999	0.7056	0.3296
1	6	0.6501	0.2775	0.5091
1	30	0.9999	0.6516	0.5668
1	31	0.7999	0.5578	0.4045
1	32	0.8499	0.5365	0.5139
1	37	0.7041	0.2750	0.1561
1	52	0.9498	0.1705	0.2991
2	3	0.9994	0.3932	0.6388
2	4	0.9970	0.7978	0.4414
2	5	0.9992	0.6677	0.1979
2	6	0.9495	0.4067	0.6229
2	30	0.9996	0.4571	0.6059
2	31	0.9993	0.5440	0.3434
2	32	0.9991	0.5507	0.5657
2	36	0.9983	0.7304	0.8929
2	52	0.5007	0.4967	0.2221
3	4	0.9981	0.8857	0.7350
3	5	0.9988	0.6995	0.2397
3	6	0.9997	0.4561	0.7411
3	30	0.9988	0.6235	0.6171
3	31	0.9988	0.6502	0.4748
3	32	0.9981	0.7677	0.6576
4	5	0.9987	0.9148	0.1704
4	6	0.9993	0.9580	0.6658
4	32	0.5006	0.4873	0.3843
5	6	0.9997	0.6804	0.5457
5	7	0.8999	0.7029	0.6661
6	7	0.9498	0.5875	0.6065
6	8	0.7995	0.4121	0.5964
6	9	0.6010	0.4520	0.7136
6	11	0.9984	0.4692	0.7134
7	8	0.8000	0.5307	0.5189
7	9	0.9496	0.7020	0.5769
7	11	0.9985	0.6183	0.4932
8	9	0.6005	0.4168	0.3220
8	10	0.7501	0.4352	0.3149
8	11	0.6503	0.4047	0.3011
9	10	0.8496	0.5277	0.3635
9	11	0.9987	0.6077	0.5437
9	12	0.9487	0.4085	0.4151
10	11	0.7500	0.6036	0.3018
10	12	0.8000	0.3538	0.4243
11	12	0.9998	0.4690	0.5499
11	13	0.9980	0.3835	0.0425
11	14	0.9993	0.5834	0.4818
11	15	0.8497	0.4108	0.6169
11	17	0.9997	0.4952	0.3829
11	18	0.7002	0.4743	0.3376
12	13	0.9967	0.9635	0.1315
12	14	0.9997	0.6917	0.3789
12	15	0.9998	0.6032	0.4620
12	16	0.9489	0.4025	0.7545
12	17	0.9996	0.5100	0.3019
12	18	0.9997	0.5225	0.3904
14	15	0.9984	0.6848	0.4820
14	16	0.6995	0.5114	0.2664
14	18	0.9488	0.7394	0.6040
15	16	0.8987	0.8021	0.4634
15	17	0.9498	0.6813	0.4789
15	18	0.7997	0.5747	0.4000
16	17	0.9965	0.9061	0.3169
16	18	0.9471	0.9889	0.4148
16	19	0.9482	0.9411	0.6047
16	20	0.7494	0.6384	0.3327
17	18	0.9997	0.6187	0.5647
17	19	0.9995	0.5729	0.5340
17	20	0.7002	0.5845	0.5675
18	19	0.9489	0.5112	0.5058
18	20	0.9997	0.6046	0.5408
18	21	0.9496	0.5291	0.6729
18	22	0.9500	0.4822	0.3872
19	20	0.9995	0.5510	0.4625
19	21	0.9991	0.5896	0.6247
19	22	0.9507	0.6332	0.4693
19	23	0.9996	0.8103	0.6690
20	21	0.9989	0.5664	0.5645
20	23	0.9996	0.6317	0.4675
20	24	0.6011	0.4470	0.5459
21	22	0.9992	0.5969	0.4640
21	23	0.8993	0.6914	0.6263
21	24	0.7983	0.4120	0.4145
21	25	0.9994	0.6678	0.4634
21	26	0.6504	0.4440	0.7341
22	23	0.9990	0.5848	0.5067
22	24	0.9001	0.5537	0.5205
22	25	0.9493	0.6366	0.4563
22	26	0.7996	0.5188	0.6971
23	24	0.8501	0.6078	0.5669
23	25	0.9989	0.4721	0.5172
23	26	0.9991	0.4269	0.9358
23	27	0.7001	0.4164	0.4279
23	29	0.5501	0.3332	0.4005
24	25	1.0000	0.7331	0.4334
24	26	0.7000	0.8322	0.8470
24	27	0.6513	0.5128	0.3911
24	28	0.6001	0.3651	0.1996
25	26	0.9998	0.5427	0.5849
25	27	0.9998	0.5981	0.7032
25	28	1.0000	0.5693	0.5796
25	29	0.9998	0.5664	0.5602
25	30	0.9501	0.7484	0.3718
25	31	0.8999	0.6362	0.5122
26	27	0.9985	0.8314	0.5806
26	28	0.9989	0.5918	0.4273
26	29	0.9990	0.5842	0.3808
26	30	0.9990	0.3238	0.3968
26	31	0.8482	0.3356	0.7178
27	28	0.7484	0.3646	0.3064
27	29	0.8001	0.4625	0.3652
27	30	0.9000	0.6575	0.3515
27	31	0.6504	0.5642	0.5464
28	29	0.8998	0.4641	0.4583
28	30	0.5503	0.4812	0.3989
28	31	0.7997	0.5651	0.6094
29	30	0.9499	0.6009	0.4993
29	31	0.9993	0.6614	0.6313
30	31	0.9983	0.3951	0.5761
30	32	0.9484	0.4632	0.4558
31	32	0.9994	0.6046	0.5398
33	34	0.8989	0.6518	0.4310
33	35	0.9480	0.7958	0.4705
33	36	0.5010	0.4297	0.6770
33	40	0.7994	0.4838	0.3728
34	35	0.9983	0.4100	0.4961
34	36	0.9971	0.4532	0.6030
34	37	0.8011	0.2262	0.2584
34	38	0.9982	0.4031	0.7497
34	39	0.9992	0.5433	0.5818
34	40	0.9994	0.3435	0.4464
35	36	0.9998	0.5989	0.4243
35	37	0.9990	0.5049	0.3578
35	38	0.9998	0.5388	0.5147
35	39	0.9499	0.1749	0.5256
35	40	0.9999	0.2475	0.6988
35	41	0.7503	0.4713	0.1785
36	37	0.9986	0.8727	0.3747
36	40	0.9999	0.5743	0.5498
36	41	0.9979	0.2439	0.3605
36	52	0.9978	0.1052	0.7220
37	38	0.9982	0.5076	0.3092
37	41	0.9996	0.2226	0.8136
37	52	0.9501	0.4993	0.4145
38	40	0.9988	0.9112	0.6498
38	41	0.9994	0.4795	0.3575
38	52	0.8551	0.0034	0.9098
39	40	0.9988	0.8780	0.1436
40	41	0.9998	0.8179	0.1456
40	42	0.9996	0.1515	0.7083
41	42	0.9998	0.9228	0.2910
41	43	1.0000	0.6059	0.4149
41	49	0.8991	0.6826	0.3493
41	51	0.7502	0.7764	0.5815
41	52	1.0000	0.3557	0.6834
42	43	1.0000	0.4188	0.8155
42	44	0.9976	0.4304	0.2236
42	47	1.0000	0.5898	0.9514
42	48	0.9992	0.9246	0.3821
42	49	0.9989	0.5513	0.2680
42	50	1.0000	0.7045	0.4400
42	52	0.9998	0.4629	0.7149
43	49	1.0000	0.5936	0.3607
43	50	0.9980	0.9590	0.5355
43	51	0.9497	0.8266	0.5247
43	52	0.9999	0.3424	0.7231
43	53	0.8500	0.6554	0.4211
44	45	1.0000	0.1683	0.9719
44	46	0.9962	0.4729	0.1439
44	47	0.9995	0.1874	0.6442
44	48	0.9994	0.2604	0.5908
44	50	0.9981	0.3991	0.1664
45	47	0.9997	0.9868	0.2951
46	47	0.9979	0.2558	0.4761
46	50	0.6505	0.3205	0.1186
47	48	0.9987	0.9149	0.4789
47	50	0.9998	0.7132	0.3612
48	50	1.0000	0.4106	0.7149
49	50	0.9992	0.4957	0.3815
49	51	0.9996	0.5247	0.4768
49	52	0.9994	0.2271	0.6765
49	53	0.6012	0.3759	0.4073
50	51	0.9992	0.5051	0.2456
51	52	0.9989	0.6355	0.6005
51	53	0.9983	0.5553	0.8426
52	53	0.9981	0.9479	0.3546
