0	2	0.8017	0.8774	0.3182
0	3	0.9972	0.9922	0.5881
0	31	0.6499	0.5848	0.5823
0	32	0.9000	0.7251	0.3170
0	33	0.9999	0.4717	0.5660
1	2	0.9998	0.5113	0.5077
1	3	1.0000	0.5645	0.6987
1	4	0.8994	0.5051	0.3162
1	5	0.9994	0.5952	0.5048
1	6	0.9999	0.6998	0.4234
1	31	0.9988	0.5439	0.6802
1	32	0.9997	0.4640	0.4521
1	33	0.9978	0.3853	0.2626
2	3	0.9998	0.4473	0.6131
2	4	0.9994	0.5440	0.4091
2	5	0.9992	0.5267	0.5170
2	6	0.9999	0.5606	0.4906
2	31	0.9987	0.5767	0.6125
2	32	0.9997	0.4949	0.4247
2	33	0.9978	0.4565	0.1786
3	4	0.9495	0.4920	0.5773
3	5	0.9999	0.4377	0.4645
3	6	1.0000	0.4534	0.4833
3	7	0.9997	0.3174	0.7649
3	32	0.7705	0.7075	0.4563
3	33	0.9983	0.5760	0.1862
4	5	0.9994	0.6764	0.3702
4	6	0.9994	0.9039	0.5294
4	7	0.9994	0.9885	0.6980
5	6	0.9999	0.4885	0.4685
5	7	0.9992	0.2705	0.5851
5	8	0.8997	0.5074	0.3749
5	9	0.7403	0.5084	0.4793
5	10	0.8493	0.6528	0.5514
6	7	0.9997	0.4354	0.5477
6	8	0.9994	0.3935	0.4131
6	9	0.9982	0.3706	0.4268
6	10	0.5997	0.3568	0.3870
7	8	0.9995	0.4584	0.2852
7	9	0.9996	0.3495	0.4338
7	10	0.9991	0.3500	0.4964
8	9	0.9998	0.8544	0.4218
8	10	0.9998	0.8904	0.4249
8	11	0.9982	0.9704	0.1913
8	12	0.9998	0.9800	0.1398
8	13	0.5004	0.9799	0.3094
9	10	1.0000	0.5027	0.4837
9	11	0.9495	0.4898	0.3648
9	12	0.9997	0.4148	0.3680
9	13	0.9989	0.4127	0.5028
10	11	0.9997	0.4842	0.4203
10	12	0.9999	0.4030	0.5060
10	13	0.9986	0.4838	0.5572
10	14	0.9492	0.4143	0.4972
10	15	0.7497	0.3386	0.2962
11	12	0.9997	0.6940	0.5820
11	13	0.9002	0.6575	0.3885
11	14	0.9992	0.6597	0.4185
11	15	0.8998	0.6765	0.2113
12	13	0.8999	0.6608	0.3038
12	14	0.9994	0.7045	0.3342
12	15	0.5503	0.7396	0.3515
12	17	0.5020	0.6932	0.1469
13	14	0.9998	0.4682	0.4683
13	15	0.9988	0.3587	0.3107
13	16	0.8498	0.4663	0.3569
13	17	0.9990	0.3701	0.2333
13	19	0.5539	0.3555	0.4411
14	15	0.9995	0.4592	0.3693
14	16	0.5005	0.4886	0.3112
14	17	0.9993	0.3493	0.2712
15	17	0.9986	0.5003	0.2958
15	18	0.7498	0.5121	0.5063
15	19	0.7501	0.5367	0.2095
16	17	0.9988	0.3322	0.2158
16	19	0.9494	0.5047	0.3775
17	18	0.9994	0.2663	0.4764
17	19	1.0000	0.4611	0.4418
17	20	0.9999	0.5355	0.4069
17	21	0.9993	0.4728	0.4325
17	22	0.6505	0.4098	0.3141
18	19	0.9996	0.4929	0.4496
18	20	0.9995	0.5558	0.3825
18	21	0.9993	0.5058	0.3872
18	22	0.8994	0.5159	0.4314
19	20	0.9989	0.5101	0.4841
19	21	1.0000	0.5742	0.4470
19	22	1.0000	0.5540	0.4805
19	23	0.9996	0.6159	0.4482
19	24	0.9499	0.7463	0.4457
20	21	0.9987	0.3933	0.4775
20	22	0.9991	0.4564	0.4968
20	23	0.9999	0.5117	0.4441
20	24	0.9997	0.5038	0.3970
21	22	0.9972	0.4508	0.5064
21	23	1.0000	0.5155	0.4504
21	24	0.9995	0.5055	0.4200
21	25	1.0000	0.4630	0.8306
22	23	0.9997	0.5522	0.4834
22	24	1.0000	0.6114	0.4440
22	25	1.0000	0.5669	0.8129
22	26	0.9980	0.5933	0.6906
23	24	0.5415	0.4291	0.4206
23	25	0.9999	0.5166	0.6231
23	26	0.9994	0.3685	0.6521
23	27	0.9999	0.6357	0.5274
23	28	0.9991	0.5368	0.4692
24	25	1.0000	0.4968	0.5274
24	26	0.9990	0.4350	0.5200
24	27	1.0000	0.6241	0.4294
24	28	1.0000	0.5966	0.4336
25	26	1.0000	0.5101	0.7026
25	27	0.9998	0.4670	0.6535
25	28	0.9998	0.1166	0.5882
25	29	0.9994	0.0445	0.9014
26	27	0.9987	0.8303	0.4283
26	28	0.9999	0.6158	0.3715
26	29	0.9982	0.8266	0.5947
27	28	1.0000	0.6484	0.5148
27	29	1.0000	0.7191	0.6260
27	30	0.8985	0.7602	0.5395
27	31	0.9991	0.9097	0.2995
27	32	0.9990	0.9091	0.4867
27	33	0.7507	0.5466	0.9288
28	29	0.9997	0.4525	0.4404
28	30	0.9985	0.4295	0.3318
28	31	0.9998	0.3503	0.3990
28	32	1.0000	0.2339	0.5459
28	33	1.0000	0.1143	0.8607
29	30	0.9988	0.2866	0.3174
29	31	0.9991	0.3266	0.3167
29	32	0.9999	0.3388	0.5088
29	33	1.0000	0.2936	0.7837
30	31	0.9998	0.8245	0.3319
30	32	0.9998	0.7767	0.3655
30	33	1.0000	0.6011	0.6216
31	32	0.8474	0.5373	0.5606
31	33	1.0000	0.4945	0.5882
32	33	0.9998	0.3551	0.5582
