0	1	0.9993	0.7437	0.3766
0	2	0.9000	0.6849	0.5180
0	3	0.9999	0.5253	0.6506
0	4	0.9999	0.6430	0.5225
0	5	0.9500	0.8168	0.3863
0	6	0.8500	0.6220	0.4169
1	2	1.0000	0.7547	0.4070
1	3	0.9998	0.7459	0.5903
1	4	0.9500	0.5226	0.7072
1	6	0.7008	0.6397	0.3145
2	3	1.0000	0.7746	0.5233
2	4	0.8002	0.5371	0.5513
3	4	0.9997	0.8679	0.3713
3	6	0.7505	0.7190	0.4097
4	5	0.9997	0.7150	0.4221
4	6	0.9999	0.6730	0.4413
4	7	0.9010	0.6142	0.6335
5	6	0.8996	0.7423	0.3099
5	7	0.9998	0.5104	0.6117
6	7	0.9993	0.7461	0.3270
7	8	0.9498	0.8103	0.3518
8	9	0.9993	0.6614	0.9328
9	10	0.7496	0.6312	0.6782
10	13	0.9496	0.8799	0.3257
11	12	0.9998	0.8605	0.3126
11	13	1.0000	0.5291	0.5856
11	18	0.9980	0.7339	0.0300
11	21	0.9486	0.7592	0.0879
11	24	0.9996	0.7253	0.5041
12	13	0.9994	0.7458	0.1347
12	17	0.5005	0.3096	0.5448
12	18	0.9977	0.4012	0.5318
12	19	0.9988	0.6035	0.3532
12	20	0.7502	0.3883	0.7638
12	21	0.9997	0.5242	0.5002
12	22	0.9996	0.6679	0.5541
12	23	0.9994	0.5290	0.8134
12	24	0.9990	0.5257	0.5256
13	14	0.8999	0.8525	0.9307
13	18	0.9998	0.3607	0.4291
13	21	0.9998	0.1533	0.7294
13	24	0.5021	0.2321	0.6811
14	17	0.6007	0.4928	0.6414
14	18	0.5008	0.7756	0.2142
15	16	0.9997	0.7250	0.5112
15	17	0.9995	0.6185	0.3790
15	18	0.7002	0.4063	0.6824
15	19	0.7996	0.6527	0.6620
15	20	0.8000	0.5963	0.2053
16	17	0.9985	0.5813	0.2616
16	18	0.9998	0.5491	0.8438
16	19	0.6506	0.4489	0.6940
16	20	0.9494	0.3265	0.1743
17	18	0.9997	0.7209	0.2112
17	19	0.9995	0.0323	0.8757
17	20	0.9992	0.2586	0.4635
17	21	0.9486	0.8321	0.0358
18	19	0.9956	0.9876	0.3531
18	20	0.9001	0.7089	0.6400
18	21	0.9499	0.5693	0.4127
19	20	0.9975	0.8252	0.1204
19	21	0.9998	0.3606	0.8882
19	22	0.9000	0.5529	0.4855
19	23	0.9983	0.6058	0.3243
20	21	0.9999	0.8480	0.3075
20	22	0.9489	0.3416	0.7229
20	23	1.0000	0.5224	0.5543
21	22	0.9985	0.9606	0.4474
21	23	0.9499	0.5906	0.8080
21	24	0.9991	0.5202	0.4835
22	23	0.9997	0.7585	0.3131
22	24	0.9495	0.3731	0.7071
23	24	0.9995	0.8586	0.2595
25	26	0.9496	0.5999	0.6706
25	27	0.9499	0.7224	0.5411
25	28	0.9997	0.7279	0.4487
26	27	0.9973	0.9979	0.2130
26	28	0.9980	0.7668	0.7041
26	29	0.9957	0.4760	0.7553
26	30	0.9970	0.9536	0.3304
27	28	1.0000	0.7694	0.2608
27	29	0.9991	0.3152	0.9888
28	29	0.9983	0.7810	0.2625
28	30	0.8498	0.4302	0.5349
28	31	0.6513	0.2072	0.5599
29	30	0.9987	0.8540	0.4257
30	31	0.8001	0.4676	0.3775
30	32	0.6501	0.4520	0.4393
31	32	0.8996	0.4893	0.5179
31	34	0.9498	0.3649	0.7854
32	33	0.9988	0.8004	0.1119
32	34	0.9998	0.5639	0.7612
32	45	0.8002	0.6654	0.5442
32	47	0.7000	0.4751	0.5882
32	49	0.9499	0.6085	0.3660
33	34	0.9986	0.9507	0.1273
33	40	0.9990	0.4877	0.5581
33	41	0.9983	0.9969	0.0073
33	45	0.9979	0.3291	0.7606
33	46	0.9984	0.9776	0.1107
33	47	0.9993	0.8780	0.4402
33	48	1.0000	0.1587	0.8933
33	49	0.9987	0.5269	0.6247
34	35	0.9965	0.9485	0.3488
34	36	0.5465	0.5962	0.3310
34	40	1.0000	0.2413	0.8259
34	45	1.0000	0.2417	0.9368
34	47	0.5902	0.3931	0.2119
34	49	0.6523	0.1788	0.6711
35	36	0.6495	0.8506	0.4335
36	37	0.9995	0.7129	0.6319
36	40	0.8999	0.7190	0.6931
36	42	0.7499	0.5808	0.5072
36	45	0.6499	0.4862	0.5074
37	38	0.9989	0.8178	0.6325
37	39	0.8003	0.8168	0.4272
37	40	0.8991	0.7959	0.7109
37	42	0.8993	0.4005	0.5060
37	45	0.8492	0.3606	0.5689
38	39	0.8502	0.8885	0.3010
38	42	0.8001	0.4954	0.6899
38	43	0.7504	0.8196	0.3134
39	40	0.9986	0.9590	0.1083
39	42	0.9501	0.5320	0.8128
39	43	0.9492	0.7284	0.4836
39	44	0.6487	0.6969	0.2923
39	45	0.7995	0.8612	0.2720
40	41	0.9980	0.9966	0.0672
40	42	0.9995	0.7988	0.5464
40	45	0.9999	0.4571	0.5219
40	47	0.6001	0.7490	0.6092
40	48	1.0000	0.1022	0.7621
40	49	0.9002	0.6344	0.4034
41	42	0.9979	0.3999	0.0565
41	45	0.9998	0.0308	0.9854
41	47	0.8998	0.2049	0.3934
41	48	0.5011	0.0731	0.7644
42	43	0.9991	0.8549	0.2893
42	44	0.9499	0.7737	0.6340
42	45	0.9998	0.5897	0.5113
42	46	0.5009	0.2040	0.7591
42	48	0.9996	0.8526	0.7302
43	44	0.9998	0.6192	0.5011
45	46	0.7002	0.9673	0.2067
45	47	0.9997	0.8334	0.4938
45	48	0.9999	0.4012	0.7818
45	49	0.9992	0.7799	0.5559
46	47	0.9983	0.7582	0.1725
46	49	0.9500	0.2709	0.9191
47	48	0.9495	0.9269	0.7243
47	49	0.8999	0.5006	0.6038
48	49	0.9001	0.7998	0.1876
50	51	0.9999	0.7499	0.4558
50	52	0.9984	0.4012	0.2712
50	53	0.9001	0.4307	0.6365
50	54	0.9994	0.6070	0.3529
50	55	0.9999	0.5633	0.4844
51	52	0.9499	0.8548	0.2324
51	53	0.8005	0.3362	0.6517
51	54	0.9996	0.5418	0.3648
51	55	0.9993	0.6379	0.6190
52	53	0.9499	0.6000	0.2960
52	54	0.9998	0.2347	0.8243
52	55	0.9505	0.3643	0.3986
53	54	0.9497	0.7455	0.3294
53	55	0.9000	0.6704	0.3502
54	55	0.8439	0.4790	0.4802
