0	1	0.9993	0.7527	0.3461
0	2	0.6504	0.6754	0.4009
0	3	0.8006	0.6023	0.5250
0	11	0.7495	0.6512	0.3292
0	17	0.5026	0.4381	0.4242
0	22	0.8502	0.7142	0.4045
1	2	0.9990	0.8222	0.2466
1	3	0.9999	0.6930	0.6167
1	4	0.8004	0.4002	0.6073
1	5	0.8503	0.5985	0.4795
1	6	0.5718	0.4921	0.3710
1	11	0.5993	0.5692	0.2471
2	3	0.9993	0.4723	0.4097
2	4	0.9492	0.3247	0.5123
2	5	0.8004	0.5107	0.5561
2	6	0.7502	0.5020	0.3873
2	11	0.8495	0.5780	0.4785
2	12	0.7009	0.4770	0.3142
3	4	0.9993	0.7834	0.3558
3	5	0.9998	0.6651	0.5367
3	6	0.9991	0.4835	0.3806
3	11	0.9967	0.4863	0.6102
3	12	0.7006	0.5136	0.5178
4	5	1.0000	0.7037	0.3618
4	6	0.9500	0.5092	0.4076
4	7	0.5005	0.5545	0.5565
4	11	0.7004	0.3860	0.3905
5	6	1.0000	0.6792	0.3905
5	7	0.8006	0.5513	0.5085
5	8	0.9500	0.2901	0.6316
5	11	0.9499	0.6305	0.4145
5	12	0.7504	0.4934	0.5124
6	7	0.9989	0.6091	0.5374
6	8	0.8003	0.6067	0.4590
6	9	0.5989	0.5635	0.3828
6	11	0.9980	0.5374	0.6053
6	12	0.9978	0.4636	0.5102
6	16	0.9488	0.5278	0.5398
6	17	0.9985	0.4812	0.5195
6	22	0.9982	0.4068	0.4746
7	8	0.9990	0.7231	0.3812
7	9	0.5509	0.5686	0.5853
7	10	0.5007	0.4687	0.4826
7	11	0.9984	0.4890	0.5364
7	12	0.9492	0.5923	0.5123
7	16	0.5008	0.3889	0.3388
7	17	0.6498	0.5731	0.5689
8	9	0.9997	0.7806	0.8046
8	10	0.7002	0.7010	0.4753
8	11	0.9989	0.5004	0.3852
8	12	0.7500	0.6166	0.7913
9	10	0.9999	0.8159	0.4678
9	11	0.9001	0.6673	0.4550
9	12	0.6504	0.6569	0.7240
10	11	0.8996	0.6219	0.3273
10	12	0.9499	0.4701	0.7126
10	14	0.8502	0.5148	0.7180
10	16	0.5006	0.5170	0.5348
11	12	0.9993	0.5856	0.4670
11	17	0.5997	0.5639	0.4403
12	13	0.7004	0.9801	0.1791
12	15	0.9002	0.8134	0.4535
12	16	0.9994	0.4841	0.5295
12	22	0.5014	0.3461	0.2975
13	14	0.9481	0.7914	0.5131
13	17	0.7504	0.1208	0.8178
14	15	0.9993	0.8436	0.2674
14	17	0.8004	0.5390	0.6366
15	16	0.8500	0.6617	0.3546
15	17	0.9500	0.5899	0.6571
15	21	0.8054	0.6160	0.3727
15	22	0.9502	0.5604	0.7175
16	17	0.9996	0.5847	0.4028
16	21	0.7001	0.4849	0.3975
16	22	0.8002	0.6075	0.6412
17	18	0.8007	0.8214	0.3534
17	21	0.9998	0.5055	0.4400
17	22	0.9496	0.5227	0.6211
17	23	0.5510	0.5231	0.3405
18	19	1.0000	0.7673	0.7481
18	20	0.9488	0.7613	0.4184
18	21	0.7999	0.3924	0.2576
18	22	0.7999	0.5298	0.7769
19	20	0.9999	0.8863	0.4468
19	21	0.9003	0.5612	0.4405
19	22	0.7502	0.5848	0.5207
19	23	0.9006	0.7242	0.5916
20	23	0.5502	0.4676	0.7046
21	22	0.9996	0.4512	0.5604
21	23	0.8999	0.3389	0.4088
22	23	0.9500	0.8808	0.4713
