0	1	0.9997	0.8632	0.4476
0	2	0.9997	0.5648	0.4871
0	5	0.5504	0.3530	0.4059
0	6	0.9974	0.3814	0.3890
0	7	0.9997	0.6140	0.5029
0	8	0.9992	0.9220	0.2906
0	9	0.9995	0.6837	0.4610
0	11	0.9997	0.7186	0.3896
1	2	0.9997	0.7133	0.2497
1	3	0.9998	0.2085	0.8075
1	4	0.9995	0.7727	0.4528
1	5	0.9993	0.7937	0.0687
1	7	1.0000	0.6383	0.8457
1	9	0.9999	0.3828	0.9245
1	11	0.9501	0.2604	0.8654
1	12	0.9487	0.3651	0.2899
1	14	0.9503	0.5242	0.8022
2	3	1.0000	0.9085	0.5008
2	4	0.6696	0.4891	0.2319
2	5	0.9998	0.4711	0.4919
2	6	0.9985	0.9288	0.5821
2	7	0.9984	0.4335	0.4336
2	8	0.8015	0.9303	0.4378
3	4	1.0000	0.8652	0.2171
3	5	0.9998	0.5183	0.7651
4	5	0.9480	0.6315	0.1092
5	6	0.9992	0.9973	0.5897
5	7	0.6504	0.4875	0.1583
6	7	0.9986	0.4981	0.3358
6	8	0.9995	0.2558	0.8446
7	8	0.9984	0.8959	0.5059
7	9	0.9999	0.5454	0.4745
7	10	0.8499	0.9818	0.5266
7	11	0.9997	0.7558	0.3871
8	9	0.9989	0.5022	0.4250
8	10	0.9997	0.2231	0.7686
8	11	0.7001	0.4179	0.0413
9	10	0.9985	0.9473	0.6775
9	11	0.9994	0.5148	0.3557
9	13	0.8002	0.7234	0.4927
9	14	0.8996	0.9159	0.3409
10	11	0.9998	0.6375	0.5585
10	13	0.9993	0.3574	0.7016
10	14	0.8502	0.2115	0.6329
11	12	0.9997	0.7155	0.3383
11	13	0.9479	0.5610	0.5300
11	14	0.9979	0.8112	0.2316
12	13	0.9988	0.4230	0.3218
12	14	0.9993	0.3499	0.5325
13	14	0.9982	0.8725	0.3290
14	15	0.9481	0.8349	0.8044
14	16	0.9496	0.5704	0.3522
14	17	0.9962	0.7021	0.0361
15	17	0.9040	0.4506	0.2652
16	17	0.8993	0.6364	0.0575
17	18	0.9999	0.7572	0.3813
17	19	0.9499	0.5485	0.6211
17	20	0.9992	0.3608	0.4531
17	22	0.9997	0.0846	0.5690
17	33	0.5002	0.1785	0.8584
18	19	0.8995	0.5597	0.4696
19	20	0.7505	0.6323	0.2008
20	21	0.9991	0.9634	0.2076
20	22	0.9995	0.7648	0.6127
20	23	0.7006	0.6693	0.1180
20	28	0.9993	0.9394	0.4646
20	31	0.9996	0.9497	0.5490
20	33	0.9997	0.9297	0.7339
21	22	0.9988	0.7281	0.1683
21	23	0.8180	0.3526	0.3584
21	24	0.6497	0.9719	0.0348
21	27	0.9998	0.5629	0.7643
21	28	0.9991	0.5861	0.5850
21	29	0.9988	0.9776	0.8376
21	30	0.9996	0.5992	0.7124
21	31	1.0000	0.5489	0.4777
21	32	0.6490	0.8412	0.5084
21	33	0.9986	0.6003	0.2576
22	23	0.9996	0.7665	0.3830
22	27	0.7493	0.7994	0.5795
22	28	1.0000	0.5153	0.7581
22	31	1.0000	0.3993	0.7673
22	33	0.9487	0.4755	0.6746
23	24	0.9990	0.9448	0.3384
23	25	0.9005	0.6423	0.6689
23	26	0.9985	0.7854	0.6889
23	27	0.9993	0.7793	0.6068
23	28	0.9002	0.6185	0.3598
23	29	0.9987	0.9827	0.9838
23	30	0.7505	0.7418	0.5357
23	31	0.6497	0.3782	0.4507
24	25	0.9987	0.8339	0.3685
24	28	0.8509	0.0946	0.9984
24	29	0.5500	0.3747	0.3514
25	26	0.9982	0.8148	0.8489
25	27	0.5502	0.7836	0.2883
26	29	0.9478	0.5342	0.9459
26	30	0.9969	0.8083	0.4155
27	28	0.9981	0.7606	0.3851
27	29	0.9998	0.3147	0.9470
27	30	0.9498	0.5531	0.6406
27	31	0.5010	0.7837	0.2275
28	29	0.9990	0.9963	0.7577
28	30	0.9992	0.5991	0.5956
28	31	0.9992	0.5178	0.4981
28	33	0.9493	0.5196	0.3138
29	30	0.9491	0.9735	0.2497
29	31	0.9992	0.6320	0.9649
29	32	0.8002	0.3491	0.4518
30	31	0.9995	0.8127	0.2005
30	32	0.9497	0.3028	0.7414
30	33	0.7973	0.5744	0.1208
31	32	0.9983	0.9452	0.6036
31	33	0.9999	0.6041	0.4692
32	33	0.9995	0.7325	0.4427
