0	1	1.0000	0.5393	0.4874
0	3	0.9985	0.0000	1.0000
0	4	1.0000	0.7504	0.2678
0	14	0.9993	0.4765	0.4770
0	15	0.9999	0.6456	0.4368
1	3	0.9928	0.9969	1.0000
1	4	1.0000	0.9965	0.2056
1	15	0.9988	0.2369	0.4729
2	3	0.9998	0.5184	0.5318
2	7	0.9998	0.9989	0.9710
2	14	0.7017	0.3748	0.9974
2	15	0.8046	0.4101	0.0049
3	4	0.9486	0.9994	0.0149
3	7	0.9999	0.2843	0.9410
3	15	0.9985	0.8442	0.0035
4	5	0.9984	0.9987	0.3629
4	11	1.0000	0.9041	0.9883
4	12	0.9972	0.7333	0.0268
4	13	0.9494	0.9952	0.8313
4	14	0.9990	0.6196	0.1541
4	15	0.9374	0.4231	0.8263
4	16	0.9950	0.6000	0.0121
4	17	0.9988	0.1117	0.8824
5	6	0.9900	0.3532	0.1808
5	11	1.0000	0.7390	0.9535
5	13	0.9987	0.1729	0.9834
5	15	0.9003	0.0437	0.8815
6	7	0.9988	0.9799	0.0033
6	9	1.0000	0.4975	0.6711
6	11	0.9998	0.1476	1.0000
6	13	1.0000	0.3163	0.8890
6	15	1.0000	0.8432	0.9609
7	8	0.9975	0.5027	0.1145
7	9	1.0000	0.0173	0.0043
7	13	0.9941	0.5289	0.0000
8	9	1.0000	0.8723	0.0422
8	13	0.9992	0.9900	0.0587
8	25	0.5013	0.1046	0.6946
9	11	0.7464	0.8999	0.5432
9	13	0.9993	0.5385	0.5550
9	15	0.9998	0.3670	0.5946
9	35	0.9989	0.7333	0.5469
9	36	0.9495	0.8097	0.1339
10	11	0.9445	0.2893	0.1514
10	36	0.5496	0.4734	0.7499
11	12	0.9994	0.9850	0.0182
11	13	0.9948	0.9238	0.9621
11	14	0.9998	0.9937	0.0037
11	16	0.9985	0.9591	0.0101
11	35	0.9973	0.9844	0.9994
11	36	0.9999	0.6709	0.5702
12	13	0.9950	0.7335	0.5310
12	14	0.9989	0.7151	0.4980
12	15	0.9997	0.8649	0.4059
12	16	1.0000	0.5605	0.4845
12	17	0.9979	0.9175	0.4536
12	18	1.0000	0.7808	0.2390
12	19	0.9994	0.9998	0.4123
12	35	0.9997	0.3987	0.9899
13	14	0.9999	0.5036	0.4676
13	15	1.0000	0.2075	0.2431
13	16	1.0000	0.3906	0.5905
13	18	0.9998	0.3569	0.8449
13	20	1.0000	0.4362	0.9652
13	35	1.0000	0.7274	0.5919
13	36	1.0000	0.8556	0.0000
14	15	0.9961	0.8315	0.3833
14	17	0.9998	0.9809	0.3096
14	18	0.7985	0.4053	0.0906
14	35	1.0000	0.0364	1.0000
15	16	0.9993	0.3313	0.4289
16	17	0.9996	0.6691	0.4463
16	18	1.0000	0.6970	0.3389
16	20	0.9999	0.7612	0.4107
16	35	1.0000	0.3189	0.9928
17	18	0.9992	0.4621	0.2443
17	19	0.9720	0.4896	0.5574
17	20	0.9975	0.6080	0.0895
18	19	0.9982	0.5740	0.3466
18	20	0.9971	0.4269	0.5327
18	35	1.0000	0.3805	0.9384
18	36	1.0000	0.0010	0.0678
19	20	0.9997	0.4769	0.4838
20	35	0.9985	0.5652	0.8410
20	36	1.0000	0.0237	0.0320
21	22	1.0000	0.9979	0.3154
21	30	0.9999	0.6543	0.9756
21	31	0.9985	0.2863	0.5569
21	32	0.9999	0.4537	0.9131
21	33	0.9991	0.7832	0.6284
21	34	0.7998	0.5795	0.5361
22	23	0.9500	0.9149	0.6037
22	26	0.9997	0.9043	0.3868
22	28	1.0000	0.7607	0.3259
22	30	0.9996	0.3447	0.3385
22	31	0.9004	0.0556	0.2223
22	32	0.9997	0.0174	0.9996
23	24	0.9997	0.4145	0.7103
23	25	0.9991	0.2412	0.7720
23	26	0.8997	0.7361	0.4954
23	28	0.9995	0.5538	0.3320
23	30	0.9999	0.9332	0.2704
24	25	0.8505	0.7184	0.6350
24	26	0.9997	0.7701	0.4407
24	27	0.8999	0.3841	0.7892
24	28	0.9995	0.6948	0.1520
24	30	0.9978	0.6685	0.0152
25	26	1.0000	0.8210	0.3537
25	27	1.0000	0.6172	1.0000
25	28	0.9994	0.6534	0.6463
25	29	0.9958	0.5066	0.0583
25	30	0.9965	0.5351	0.0180
26	27	0.9995	0.2664	0.9508
26	28	0.9987	0.3782	0.4918
26	29	0.9503	0.0070	0.1770
26	30	0.9990	0.0926	0.2804
27	28	0.9992	0.9645	0.0912
27	30	0.8491	0.9914	0.1125
28	29	0.9999	0.9452	0.1779
28	30	0.9999	0.6854	0.2413
29	30	0.9977	0.4985	0.1649
29	31	0.5024	0.4840	0.9462
30	31	0.9957	0.9877	0.5071
30	32	0.6010	0.7675	0.7330
30	33	0.9490	0.9865	0.2850
31	32	0.9994	0.8896	0.1480
31	33	1.0000	0.2373	0.5872
32	33	0.9976	0.8761	0.5809
32	34	0.9998	0.6176	0.4907
33	34	1.0000	0.6133	0.4110
35	36	0.9986	0.9996	0.0390
