0	1	0.8995	0.8520	0.0948
0	2	0.9999	0.8020	0.9177
0	3	0.9983	0.4207	0.3408
0	5	0.9998	0.3400	0.5907
1	2	0.9991	0.5183	0.4717
1	3	0.6018	0.1462	0.0999
2	3	0.9491	0.9721	0.1222
3	4	0.9997	0.6792	0.5875
3	5	0.9500	0.6176	0.8223
3	7	0.5513	0.5023	0.4010
4	5	0.9992	0.7151	0.5376
4	6	0.6490	0.5523	0.3117
4	7	0.9500	0.5208	0.5053
5	6	0.9975	0.9210	0.0984
5	7	0.5004	0.6298	0.6067
6	7	0.9982	0.2188	0.2876
7	8	0.9995	0.8430	0.4171
7	10	0.6000	0.6290	0.4267
7	11	0.7501	0.5398	0.3607
7	12	0.9996	0.6354	0.4979
8	9	0.9975	0.9224	0.7381
8	10	0.9996	0.7292	0.4269
8	12	0.5008	0.3258	0.5243
9	10	0.9981	0.8596	0.0456
9	12	0.8488	0.2373	0.8785
10	11	0.9501	0.9328	0.2732
10	12	1.0000	0.6091	0.4364
11	12	0.9980	0.5315	0.1697
12	13	0.9000	0.7433	0.4817
12	14	0.9502	0.6061	0.4774
12	15	0.5511	0.3080	0.4454
13	14	1.0000	0.5719	0.6499
13	15	1.0000	0.7892	0.6783
13	16	0.5007	0.6405	0.3770
14	15	0.9501	0.5633	0.5423
14	16	0.8002	0.5552	0.4221
15	16	0.9500	0.6570	0.2245
16	17	0.9999	0.6794	0.4635
16	18	0.9995	0.5465	0.5514
17	18	0.9997	0.6351	0.5606
17	19	0.8501	0.6934	0.2439
18	19	0.9499	0.7573	0.4472
