0	1	0.8499	0.8106	0.4984
0	3	0.9494	0.6448	0.4620
0	4	0.6500	0.5429	0.5528
0	5	0.7000	0.7170	0.5351
0	6	0.5504	0.5608	0.3908
0	7	0.6502	0.5099	0.7392
1	3	0.7501	0.6835	0.5444
1	4	0.8503	0.4738	0.4696
1	5	0.6506	0.6253	0.4332
1	6	0.7502	0.4559	0.4079
1	7	0.5004	0.3806	0.6006
2	3	0.9979	0.4438	0.4425
2	4	0.8488	0.4001	0.5340
2	5	0.5010	0.2003	0.4348
3	4	0.9990	0.4727	0.4298
3	5	0.9994	0.3157	0.6609
3	6	0.8491	0.5308	0.6077
3	8	0.5011	0.3065	0.4064
4	5	0.9987	0.6811	0.3200
4	6	0.9988	0.5528	0.6053
4	7	0.9977	0.4875	0.6049
4	8	0.8992	0.5856	0.5342
5	6	0.9493	0.6356	0.5616
5	7	0.9997	0.5135	0.5239
5	8	0.9995	0.5757	0.5481
5	9	0.6156	0.3991	0.4571
5	15	0.6006	0.5823	0.5335
5	16	0.8998	0.4934	0.6203
5	18	0.6003	0.5417	0.6156
6	7	0.9988	0.5896	0.5189
6	8	0.9990	0.5890	0.5493
6	9	0.9486	0.7136	0.4433
7	8	0.9996	0.6034	0.5166
7	9	0.8497	0.5754	0.3831
8	9	0.9974	0.8593	0.3807
8	11	0.5502	0.4141	0.6954
8	12	0.9498	0.6298	0.3691
8	16	0.6505	0.4435	0.3541
9	10	0.7002	0.5232	0.7320
9	11	0.6807	0.3425	0.7277
9	12	0.8005	0.3475	0.4964
9	16	0.8991	0.4471	0.2806
10	11	0.6495	0.7980	0.5887
10	15	0.7502	0.6773	0.6683
11	12	0.9987	0.8728	0.2721
12	13	0.6033	0.4058	0.4432
12	15	0.8530	0.5459	0.5386
12	16	0.8005	0.5703	0.4315
13	14	0.5495	0.3865	0.4876
13	15	0.7993	0.3885	0.4960
14	15	0.9984	0.7438	0.2349
14	16	0.5005	0.6382	0.5570
15	16	0.9998	0.7045	0.2220
15	17	0.6003	0.3826	0.5598
15	18	0.8501	0.4747	0.5468
15	20	0.7489	0.4477	0.3383
16	17	0.9493	0.9388	0.3231
16	18	0.9500	0.7566	0.4972
17	18	1.0000	0.7039	0.3456
17	20	0.5004	0.6783	0.2851
18	19	0.9499	0.4986	0.5734
18	20	0.5014	0.4780	0.4788
19	20	0.5006	0.4706	0.5356
