0	1	0.9941	0.8889	0.5690
0	2	0.9999	0.6113	0.3732
0	4	0.9002	0.8593	0.6125
0	5	1.0000	0.4558	0.7831
0	6	1.0000	0.6686	0.3415
0	9	0.9986	0.7239	0.5110
0	10	0.9988	0.7681	0.5677
0	15	0.9996	0.5887	0.9576
1	2	1.0000	0.8126	0.2032
1	3	0.9990	0.7240	0.7501
1	4	0.9991	0.9584	0.0023
1	6	0.9977	0.6029	0.5342
1	10	0.9997	0.3158	0.9441
1	13	1.0000	0.1757	0.9633
1	15	0.9996	0.4088	0.4361
2	3	0.9996	0.7668	0.3820
2	4	0.9999	0.5990	0.4509
2	5	0.9997	0.4618	0.7493
2	6	0.7496	0.2515	0.1144
3	4	1.0000	0.4612	0.3439
4	5	0.9982	0.7000	0.6724
5	6	0.9999	0.4913	0.1652
5	9	0.9998	0.3208	0.4917
6	9	1.0000	0.6750	0.3006
6	10	0.9993	0.5697	0.5152
6	12	1.0000	0.9986	0.3642
6	13	0.9999	0.4798	0.4006
6	15	0.9971	0.3375	0.8518
7	8	0.9968	0.7641	0.1166
7	12	1.0000	0.0237	0.0062
8	9	0.9982	0.9967	0.0701
8	12	1.0000	0.7565	0.2232
9	10	0.9999	0.5077	0.3751
9	12	1.0000	0.4819	0.6881
9	13	0.9978	0.8119	0.0222
10	11	0.7979	0.9704	0.0659
10	12	0.9945	0.7763	0.5225
10	13	0.9998	0.5366	0.3739
10	15	0.9998	0.5240	0.8261
10	16	0.8497	0.0759	0.6902
10	17	0.7000	0.9682	0.0111
11	12	0.9957	0.4304	0.1468
11	13	0.9983	0.0300	0.8623
11	17	0.9984	0.0569	0.6184
11	18	0.9001	0.0000	0.0566
12	13	0.9992	0.7314	0.1814
12	17	0.9953	0.5040	0.0000
13	15	0.9968	0.6399	0.6324
13	16	1.0000	0.1220	0.8351
13	17	1.0000	0.8064	0.3651
14	18	0.9988	0.9460	0.0013
15	16	0.9974	0.8398	0.7262
15	17	1.0000	0.4803	0.7410
17	18	0.9995	0.6836	0.6243
