0	1	0.9997	0.4327	0.4907
0	2	0.9936	0.1149	0.3753
0	3	0.5509	0.1008	0.0687
0	4	0.8512	0.0000	0.3026
0	5	0.9986	0.0055	0.7694
0	6	0.9993	0.7567	0.5204
1	2	0.9993	0.4209	0.4175
1	3	0.9047	0.0009	0.0596
1	4	0.9997	0.9946	0.1115
1	5	0.9992	0.5151	0.6282
1	6	0.7503	0.7206	0.5138
2	3	0.9998	0.9620	0.1724
2	4	0.9987	0.2188	0.1793
2	5	0.9997	0.6052	0.5166
3	4	0.9974	0.6338	0.0415
3	5	1.0000	0.4308	0.5028
3	7	0.9987	0.7991	0.9793
3	8	0.9966	0.8677	0.0000
3	12	0.9991	0.9304	0.9856
3	13	1.0000	0.7810	0.9913
4	5	1.0000	0.4748	0.4545
5	11	0.9998	1.0000	0.4894
5	12	0.5992	0.8880	0.4250
5	13	0.9970	0.8820	0.1474
6	9	0.9993	0.4468	0.4614
6	10	0.9998	0.4967	0.6331
6	11	0.9984	0.3536	0.6889
6	12	0.9985	0.2319	0.4174
7	8	1.0000	0.9310	0.2743
7	9	0.9488	0.8422	0.1652
7	11	0.9993	0.3566	0.2964
7	12	0.9998	0.3754	0.3345
7	13	0.9998	0.7610	0.4696
7	16	0.9999	0.4691	0.5003
7	18	0.9998	0.1818	0.4587
7	20	0.9993	0.6303	0.4398
7	21	1.0000	0.2057	0.6068
8	13	0.9992	0.4133	0.9375
8	16	1.0000	0.9452	0.1556
9	10	0.9987	0.2326	0.6425
9	11	0.9977	0.6519	0.0276
9	12	0.8510	0.9873	0.9042
9	13	0.9505	0.9733	0.9994
9	14	0.9998	0.3251	0.9996
9	16	0.9998	0.0105	0.8798
10	11	0.9985	0.7319	0.0946
10	12	1.0000	1.0000	0.5074
10	13	0.9495	0.9995	0.9701
10	14	0.9489	0.0944	0.9951
10	16	1.0000	0.0021	0.8801
11	12	0.9991	0.4375	0.4150
11	13	0.7492	0.4401	0.5916
11	16	0.9983	0.0017	0.7274
12	13	0.9499	0.7792	0.3609
12	16	0.9998	0.7048	0.3094
14	15	0.9994	0.0141	0.9836
14	16	0.9996	0.9023	0.7104
14	17	0.9986	0.1639	0.4359
15	16	0.9982	0.2386	0.3275
15	17	0.9985	0.5609	0.9380
15	19	0.9992	0.1532	0.0046
16	17	1.0000	0.5196	0.7165
16	18	1.0000	0.5986	0.8216
16	19	1.0000	0.0104	0.0462
16	20	0.9997	0.4164	0.2128
16	21	0.9999	0.9373	0.1872
18	19	1.0000	0.9104	1.0000
18	20	0.9980	0.7398	0.7414
18	21	0.9996	0.2536	0.1719
19	20	0.9500	0.9896	0.2515
20	21	0.9999	0.9506	0.4773
