0	1	0.9995	0.6107	0.4021
0	2	0.8992	0.5543	0.4779
0	3	0.7505	0.3344	0.5796
0	4	0.6001	0.3347	0.3805
0	5	0.7004	0.1319	0.5275
0	6	0.7466	0.3799	0.3605
0	7	0.7435	0.3783	0.5385
0	8	0.7995	0.6135	0.3586
1	2	0.9997	0.6795	0.5197
1	3	0.9992	0.4303	0.6060
1	4	0.9492	0.6298	0.4117
1	5	0.6500	0.4743	0.3644
1	6	0.9991	0.6525	0.5562
1	7	0.7493	0.3998	0.3348
1	8	0.9990	0.5933	0.5600
1	9	0.8492	0.4791	0.5647
1	12	0.5998	0.8225	0.6570
1	13	0.6498	0.2822	0.8710
1	14	0.6996	0.6574	0.5797
1	15	0.9992	0.7240	0.3867
2	3	0.9490	0.8359	0.5088
2	4	0.8493	0.6609	0.2091
2	5	0.7503	0.6450	0.4208
2	6	0.8990	0.5917	0.6314
2	7	0.6004	0.6040	0.6312
2	8	0.9991	0.6686	0.4961
2	9	0.8497	0.7099	0.5713
2	10	0.5999	0.7577	0.6593
2	12	0.7500	0.5567	0.5523
2	13	0.5998	0.6143	0.7874
2	14	0.5508	0.5695	0.4127
2	15	0.7996	0.5652	0.4562
3	4	0.7998	0.8262	0.3485
3	5	0.6494	0.7084	0.3547
3	6	0.9497	0.5908	0.6948
3	7	0.6993	0.4029	0.7125
3	8	0.9997	0.7661	0.4918
3	9	0.8001	0.7466	0.4881
3	10	0.9473	0.8579	0.5743
3	12	0.7500	0.4514	0.7324
4	8	0.5507	0.3660	0.3763
5	6	0.9492	0.5635	0.0791
5	8	0.9364	0.3713	0.4356
5	9	0.5002	0.3593	0.5746
6	7	0.9970	0.6969	0.5513
6	8	0.9494	0.6004	0.4139
6	9	0.5011	0.4902	0.3756
6	10	0.8043	0.1688	0.9474
6	12	0.6003	0.5857	0.3830
6	13	0.7485	0.5119	0.6614
6	15	0.8493	0.3719	0.3074
7	8	0.9482	0.8183	0.4407
7	11	0.5014	0.5097	0.5034
8	9	1.0000	0.7155	0.6148
8	10	0.7181	0.4410	0.4678
8	11	0.7500	0.5260	0.5190
9	10	0.7504	0.7680	0.4489
9	11	0.7001	0.4588	0.4205
10	11	0.6490	0.6083	0.3146
10	12	0.5501	0.7239	0.3268
10	14	0.7530	0.8372	0.1905
11	12	0.6993	0.4540	0.5515
11	13	0.8497	0.0979	0.6936
11	14	0.5242	0.3228	0.3986
12	13	0.7990	0.8237	0.6024
12	14	0.7499	0.7276	0.4745
12	15	0.7007	0.5781	0.5561
13	14	0.8978	0.8546	0.2466
13	15	0.5495	0.7413	0.1871
14	15	0.9478	0.4564	0.6326
14	22	0.6996	0.4896	0.4971
15	22	0.6671	0.5668	0.4134
16	17	0.9698	0.6936	0.3662
16	18	1.0000	0.6120	0.4844
16	20	0.9501	0.7231	0.4671
17	18	0.7995	0.6386	0.3937
17	20	0.8993	0.4669	0.3157
18	19	0.9984	0.6632	0.4718
18	20	0.9496	0.6219	0.3983
19	20	0.8985	0.3686	0.1889
20	21	0.9998	0.8249	0.1690
20	22	0.8498	0.8726	0.6897
21	22	0.9991	0.5251	0.4823
