0	1	0.9976	0.9624	0.3831
0	3	0.8005	0.7123	0.5409
0	4	0.9492	0.9198	0.6319
0	5	0.9494	0.6980	0.4395
0	6	0.5008	0.7273	0.6007
0	7	0.6004	0.7258	0.3753
0	8	0.5150	0.7385	0.7644
0	9	0.5000	0.6414	0.5195
0	13	0.5000	0.7038	0.4211
0	16	0.7501	0.8233	0.6811
0	17	0.9986	0.7513	0.3508
0	18	0.8501	0.7020	0.8548
1	2	0.9994	0.8995	0.2747
1	3	0.9999	0.5388	0.4831
1	4	0.9996	0.5403	0.5235
1	5	0.9501	0.6098	0.5666
1	6	0.9009	0.7794	0.5047
1	7	0.9491	0.5205	0.5596
1	8	0.7500	0.6250	0.6150
1	9	0.6504	0.6383	0.4683
1	14	0.5154	0.4589	0.4995
1	16	0.9497	0.0843	0.4225
2	3	0.9998	0.5168	0.5322
2	4	0.9500	0.5582	0.5531
2	5	0.8502	0.5218	0.5100
2	7	0.7002	0.4387	0.4677
2	16	0.8546	0.6592	0.2036
3	4	0.9494	0.5868	0.5531
3	5	0.9488	0.5847	0.5399
3	6	0.7506	0.5267	0.4666
3	7	0.7497	0.5213	0.4752
3	16	0.8998	0.7243	0.4708
4	5	0.9991	0.5077	0.5418
4	6	0.9460	0.5094	0.5297
4	7	0.9012	0.5152	0.4405
5	6	0.9999	0.6421	0.5897
5	7	0.8997	0.5333	0.5582
5	8	0.6498	0.6036	0.5371
5	9	0.5503	0.5324	0.5630
6	7	0.9998	0.6431	0.5975
6	8	0.8500	0.5134	0.5926
6	9	0.7001	0.4510	0.5248
7	8	0.9996	0.6179	0.5317
7	9	0.5999	0.5559	0.5529
8	9	0.9987	0.5178	0.5209
8	10	0.7512	0.3723	0.2871
8	12	0.6511	0.4231	0.5235
8	13	0.6994	0.4806	0.2430
9	10	0.9491	0.8295	0.5304
9	12	0.5508	0.6788	0.5793
9	13	0.7504	0.6432	0.4869
10	11	0.5003	0.3582	0.5373
10	12	0.5998	0.6493	0.3275
10	13	0.5502	0.2801	0.6341
11	12	0.9491	0.4564	0.2136
11	13	0.6009	0.3670	0.4863
11	14	0.6503	0.2802	0.4799
12	13	0.9992	0.6136	0.1570
12	14	0.6004	0.3141	0.5308
12	17	0.5001	0.5772	0.0758
13	14	0.9997	0.8172	0.5019
13	15	0.7501	0.6606	0.4269
13	16	0.9709	0.3862	0.3301
13	17	0.8496	0.6581	0.5637
14	15	0.9504	0.5218	0.6449
14	16	0.9994	0.5617	0.3341
14	17	0.8502	0.4656	0.6188
15	16	0.9945	0.4547	0.4109
15	17	0.8990	0.5988	0.7047
16	17	0.9992	0.6074	0.2252
16	18	0.9998	0.6187	0.5945
17	18	1.0000	0.5376	0.4831
