0	1	1.0000	0.8080	0.4923
0	2	0.9990	0.5070	0.4265
0	7	0.6005	0.4308	0.6096
0	8	0.7999	0.4366	0.3518
0	13	0.5505	0.6501	0.5854
0	14	0.8995	0.6738	0.6262
0	15	0.9000	0.6517	0.4087
0	16	0.8500	0.5548	0.4456
1	2	0.9991	0.6411	0.3038
1	3	1.0000	0.2065	0.8242
1	4	0.8997	0.4129	0.3559
1	6	0.6000	0.4898	0.5743
1	14	0.5007	0.3686	0.5877
1	15	0.7003	0.4964	0.4062
1	16	0.8003	0.6780	0.6024
2	3	0.9983	0.9100	0.5828
2	4	0.9983	0.6418	0.5994
2	5	0.9465	0.9664	0.5951
2	6	0.9992	0.6331	0.5323
2	7	0.9970	0.9666	0.6009
2	8	0.9487	0.6050	0.5270
2	13	0.9486	0.7418	0.5833
2	14	0.8975	0.7003	0.7342
3	4	0.9997	0.6896	0.6483
3	5	0.9497	0.5338	0.4551
3	6	0.9999	0.6092	0.9332
3	7	0.8218	0.4107	0.4399
4	5	0.9972	0.8523	0.6447
4	6	0.9498	0.6284	0.5966
4	7	0.8002	0.6773	0.4913
4	8	0.9984	0.6900	0.4735
4	13	0.6005	0.6476	0.6618
5	6	0.9990	0.6243	0.7779
5	7	0.9489	0.2894	0.6901
6	7	0.9997	0.7541	0.5571
6	8	0.9987	0.5105	0.5432
6	11	0.6505	0.3761	0.4090
6	13	0.6500	0.5890	0.6336
6	14	0.5187	0.4754	0.4163
7	8	0.9986	0.5961	0.5884
8	9	0.8497	0.9391	0.3941
8	10	0.6501	0.5336	0.4838
8	11	0.9496	0.6396	0.5517
8	12	0.7531	0.8299	0.6753
8	13	0.9991	0.6504	0.6268
8	14	0.9986	0.7219	0.6372
8	16	0.6000	0.6037	0.5461
9	10	0.9001	0.5828	0.6544
9	11	0.8998	0.4559	0.6248
9	12	0.8005	0.4495	0.6251
9	13	0.6486	0.3463	0.5647
9	14	0.5007	0.5194	0.5199
10	11	0.9498	0.5413	0.5653
10	13	0.8999	0.5854	0.6074
10	14	0.9493	0.7567	0.5029
10	16	0.5504	0.6586	0.5756
11	12	0.5999	0.5429	0.4781
11	13	0.9498	0.5484	0.4962
11	14	0.9993	0.5821	0.5017
11	15	0.7503	0.6071	0.3585
11	16	0.7504	0.5828	0.3918
12	13	0.5506	0.5050	0.6980
13	14	0.8997	0.5435	0.5010
13	17	0.5012	0.5517	0.4948
14	15	0.9493	0.6422	0.4510
14	16	0.7006	0.5835	0.4888
14	17	0.8499	0.7695	0.5033
14	18	0.6506	0.5711	0.3419
15	16	0.9502	0.5791	0.4084
15	17	0.5504	0.5940	0.3440
16	17	0.7002	0.7184	0.4240
16	18	0.6505	0.4664	0.4208
17	18	0.9998	0.7467	0.3955
17	25	0.6511	0.8269	0.3765
18	19	0.8500	0.9342	0.1637
18	25	0.8501	0.5256	0.3797
19	20	0.8501	0.7631	0.4566
19	21	0.8007	0.6576	0.4306
19	22	0.7003	0.1213	0.8502
19	23	0.8002	0.5204	0.5111
19	27	0.7502	0.8292	0.4280
20	21	0.7506	0.4632	0.2941
21	22	0.9998	0.7519	0.5222
21	24	0.9500	0.6805	0.5325
21	25	0.9998	0.8069	0.6464
21	26	0.7534	0.3467	0.7096
21	27	0.6498	0.3254	0.4396
21	29	0.5007	0.5648	0.3660
22	23	0.5508	0.9539	0.2045
22	24	0.9997	0.5090	0.7919
22	25	0.7975	0.3837	0.5464
22	26	0.9495	0.9455	0.2026
23	24	0.9993	0.5732	0.2582
23	25	0.7511	0.0796	0.9660
23	26	0.7003	0.3516	0.7841
23	27	0.8504	0.6871	0.5663
24	25	0.9995	0.8866	0.6452
24	26	0.9999	0.5328	0.6255
24	27	0.8503	0.4435	0.4999
24	28	0.9499	0.4319	0.8055
25	26	0.5501	0.9849	0.1732
26	27	0.9959	0.9628	0.6397
26	28	1.0000	0.8837	0.6738
27	28	0.9988	0.7619	0.6176
28	29	0.9501	0.5914	0.2731
29	30	0.9999	0.7156	0.2512
29	31	0.9997	0.5632	0.5073
29	32	0.9499	0.6011	0.7580
29	33	0.5504	0.5875	0.2888
30	31	0.9998	0.5911	0.5020
30	32	0.9999	0.6580	0.6081
30	33	0.9494	0.5634	0.5110
31	32	0.9997	0.6465	0.4473
31	33	0.9994	0.4878	0.4766
32	33	0.9996	0.6632	0.2982
33	34	0.9996	0.8764	0.4543
