0	1	0.7004	0.4934	0.3519
0	2	0.6510	0.3629	0.5039
0	12	0.8501	0.3508	0.7495
0	13	0.6498	0.5922	0.8245
1	2	0.9988	0.6643	0.4368
1	12	0.9996	0.3473	0.3579
1	13	0.7522	0.2775	0.5738
1	14	0.9984	0.5043	0.2074
2	3	0.9985	0.4571	0.3820
2	4	0.9998	0.7444	0.4820
2	5	0.8993	0.8740	0.1261
2	6	0.9962	0.6298	0.5334
2	7	0.5007	0.6185	0.3453
2	8	0.9982	0.9648	0.7519
2	9	0.5504	0.3133	0.1113
2	12	0.8996	0.3759	0.4959
2	13	0.9999	0.6529	0.9449
2	15	0.7997	0.4418	0.6824
3	4	0.9994	0.8740	0.7389
3	5	0.7995	0.8575	0.3415
3	6	0.9472	0.5310	0.2174
3	12	0.5006	0.2149	0.4234
4	5	0.9962	0.9620	0.4458
4	6	0.7503	0.8525	0.6348
4	12	0.7005	0.5761	0.5715
4	13	0.6001	0.4874	0.7782
5	6	0.9979	0.8138	0.5606
6	7	0.5504	0.6123	0.0122
6	12	0.5992	0.7772	0.0207
7	8	0.9999	0.9218	0.2680
7	9	0.9993	0.4972	0.3739
7	12	0.9987	0.4058	0.4614
7	13	0.9977	0.8685	0.8618
7	14	0.9477	0.9085	0.5304
7	15	0.9988	0.5208	0.3820
8	9	0.9965	0.4591	0.0487
8	12	0.9997	0.2004	0.6900
8	13	0.9999	0.0683	0.7338
8	14	0.9991	0.2696	0.6071
8	15	0.9959	0.5133	0.1697
9	10	0.6510	0.9752	0.4181
9	11	0.7499	0.6918	0.5450
9	12	0.9988	0.3527	0.3486
9	13	0.9978	0.8045	0.8967
9	14	0.5507	0.6173	0.3521
9	15	0.7501	0.2440	0.5076
10	11	0.9987	0.7889	0.2834
10	12	1.0000	0.4397	0.8560
10	13	0.9999	0.5108	0.7137
10	14	0.9977	0.6354	0.2784
11	12	0.9993	0.4951	0.2760
11	13	0.9490	0.2410	0.7087
11	14	0.9989	0.3705	0.1970
12	13	0.9991	0.6303	0.6116
12	14	0.8506	0.5229	0.3747
13	14	1.0000	0.6768	0.3234
13	15	0.9000	0.6764	0.1884
14	15	0.9984	0.4505	0.2473
