0	1	1.0000	0.6195	0.4850
0	2	0.9992	0.4549	0.5353
0	3	0.9992	0.6699	0.3850
0	4	0.9970	0.2560	0.4567
0	5	0.9968	0.2219	0.4114
0	6	0.9989	0.4131	0.7622
0	9	0.5499	0.8538	0.4121
1	2	0.9984	0.5674	0.6332
1	3	0.9992	0.5852	0.2687
1	4	0.9999	0.7857	0.5589
1	5	0.9999	0.7515	0.4245
1	6	0.9987	0.5347	0.6289
2	3	0.9994	0.8638	0.3731
2	4	0.9993	0.4007	0.4661
2	5	0.9998	0.4872	0.4334
2	6	0.9991	0.5536	0.6333
3	4	1.0000	0.6638	0.5877
3	5	1.0000	0.6464	0.4604
3	6	1.0000	0.4311	0.5982
3	7	0.9996	0.8053	0.7105
3	8	0.9490	0.3528	0.4358
3	30	0.8003	0.6756	0.3453
4	5	0.9986	0.4388	0.5051
4	6	0.9989	0.4497	0.4074
5	6	0.9993	0.4359	0.3259
7	8	0.9987	0.4348	0.5873
7	9	1.0000	0.5968	0.9896
7	10	0.9999	0.3830	0.9262
7	11	0.9993	0.2308	0.3089
7	12	0.6991	0.1748	0.3593
7	14	0.8502	0.6559	0.3849
7	15	0.9998	0.6160	0.4081
7	23	0.7500	0.4226	0.2790
7	24	0.5014	0.3819	0.6191
7	28	0.5013	0.2872	0.2970
7	29	0.7018	0.2550	0.4789
7	30	0.9990	0.3388	0.5765
7	31	0.9501	0.2154	0.8525
8	9	0.9493	0.9902	0.7860
8	10	0.8488	0.8814	0.7030
8	12	0.6011	0.5693	0.4249
8	15	0.9450	0.9704	0.3269
9	10	0.9953	0.9612	0.5044
9	11	0.9992	0.8198	0.2460
9	14	0.5003	0.4804	0.3760
9	15	0.7448	0.4194	0.4924
10	11	0.9981	0.9174	0.0211
12	13	0.7504	0.8787	0.0769
13	15	0.7992	0.4203	0.2706
14	15	0.9988	0.5856	0.3939
14	16	0.6007	0.4785	0.4509
15	16	0.9999	0.5052	0.4350
15	18	1.0000	0.4056	0.6340
15	20	0.9988	0.6940	0.5349
15	22	0.9986	0.5077	0.2352
15	23	0.9494	0.4840	0.3019
15	24	0.8001	0.4157	0.7465
15	30	0.6995	0.6948	0.4756
16	17	0.9984	0.4043	0.4101
16	18	0.9997	0.7232	0.3759
16	20	0.5003	0.5025	0.5115
16	21	0.6993	0.7358	0.4768
16	22	0.6504	0.6266	0.4739
17	18	0.9483	0.5901	0.6812
17	20	0.5003	0.6502	0.8666
17	22	0.7498	0.3032	0.2390
18	19	0.9976	0.9502	0.8266
18	20	0.9499	0.6184	0.6170
18	21	0.7998	0.6960	0.3332
18	22	0.9997	0.4636	0.4961
19	20	0.8497	0.4085	0.6564
19	21	0.7495	0.6969	0.6075
19	22	0.9974	0.7270	0.3855
20	21	0.9497	0.5299	0.5721
20	22	0.8499	0.5497	0.3408
21	22	0.9495	0.5389	0.2594
22	23	0.9999	0.7364	0.4706
22	24	0.6021	0.4429	0.6149
23	24	0.9999	0.6484	0.5938
23	25	0.7006	0.5366	0.5508
23	27	0.8998	0.6416	0.4455
23	28	0.6642	0.5336	0.4621
24	27	0.8996	0.8361	0.6083
25	26	0.9989	0.7938	0.5853
25	27	0.9494	0.5639	0.4885
25	28	0.8497	0.5299	0.5179
25	29	0.9495	0.6139	0.5147
25	30	0.9993	0.7556	0.5092
25	31	0.8987	0.7080	0.6273
26	27	0.8491	0.9954	0.3630
26	28	0.9980	0.5333	0.7581
26	29	0.6998	0.6967	0.4843
26	30	0.9977	0.7123	0.4505
27	28	0.9489	0.5992	0.2349
27	29	0.9998	0.5063	0.7157
27	30	0.9999	0.6908	0.6777
27	31	0.9995	0.5219	0.7525
28	29	0.9993	0.5123	0.5013
28	30	0.9993	0.5745	0.5430
28	31	0.9993	0.4191	0.5555
29	30	0.9998	0.4907	0.5330
29	31	0.9997	0.5037	0.5555
30	31	0.9997	0.5276	0.5457
