0	1	0.9000	0.8422	0.1747
0	2	0.9497	0.6910	0.5701
0	4	0.5007	0.5988	0.4573
0	6	1.0000	0.6339	0.3148
0	11	0.6009	0.3260	0.7862
0	13	0.5008	0.6166	0.5824
1	2	0.9486	0.6552	0.2218
1	3	0.9001	0.5558	0.7643
1	4	0.9982	0.7919	0.2354
1	5	0.8998	0.7039	0.2872
1	6	0.7004	0.3522	0.7446
2	3	1.0000	0.5152	0.5016
2	4	0.9996	0.5862	0.5141
2	5	0.9992	0.6186	0.5292
2	6	0.9996	0.6104	0.6703
2	9	0.5003	0.5102	0.7294
3	4	1.0000	0.6798	0.4539
3	5	1.0000	0.6931	0.4876
3	6	0.8005	0.4452	0.5124
4	5	0.9999	0.5987	0.4617
4	6	0.7505	0.5382	0.4595
5	6	0.9999	0.5490	0.4938
5	7	0.8509	0.3877	0.3149
5	8	0.7495	0.5383	0.5230
6	7	0.9998	0.9546	0.1884
6	8	0.9499	0.7739	0.4321
7	8	1.0000	0.6453	0.2578
7	9	0.9998	0.5876	0.7723
7	10	0.7003	0.4836	0.5710
7	11	0.9490	0.6065	0.3134
8	9	1.0000	0.5817	0.4141
8	10	0.9994	0.3930	0.5477
8	12	0.8999	0.7056	0.4473
9	10	1.0000	0.6437	0.5680
9	11	1.0000	0.4990	0.4378
9	13	0.8500	0.7011	0.3052
10	11	0.9998	0.6368	0.2623
10	12	0.9998	0.6661	0.7713
10	13	0.9997	0.5932	0.4607
11	12	1.0000	0.5375	0.5084
11	13	1.0000	0.5410	0.4232
12	13	1.0000	0.7379	0.5254
