0	1	0.9983	0.6558	0.1434
0	2	0.6999	0.7091	0.9704
0	3	0.7993	0.4983	0.2587
0	5	0.9506	0.5984	0.9348
0	6	0.9478	0.6563	0.0124
0	8	0.9485	0.5320	0.0757
0	10	0.9024	0.5453	0.0304
0	13	0.9482	0.7403	0.0672
0	14	0.5503	0.4370	0.5077
0	15	0.9984	0.7470	0.0104
0	16	0.9998	0.5517	0.3837
0	17	0.7498	0.5091	0.5370
0	18	0.9991	0.5616	0.5244
1	2	0.9998	0.9118	0.6901
1	3	0.9979	0.7326	0.5522
1	4	0.9998	0.9973	0.1553
1	5	0.9996	0.9687	0.6614
1	6	0.9993	0.5270	0.4101
1	8	0.8992	0.4997	0.5254
1	10	0.7995	0.4851	0.5757
1	13	0.9489	0.4464	0.5944
1	14	0.5509	0.3125	0.2759
1	15	0.9976	0.3202	0.5427
1	16	1.0000	0.5835	0.4602
1	17	1.0000	0.3902	0.4465
1	18	0.9499	0.4897	0.7971
2	3	1.0000	0.6612	0.2525
2	4	0.7497	0.1901	0.5356
2	5	0.9998	0.4699	0.8429
2	6	0.9993	0.8346	0.0813
2	17	0.9996	0.7310	0.2500
3	4	0.9997	0.9997	0.2547
3	5	0.9978	0.9069	0.7313
3	6	1.0000	0.6456	0.4053
3	7	0.6001	0.8804	0.6674
3	8	0.9994	0.6249	0.3843
3	10	0.6028	0.6895	0.7444
3	13	0.8979	0.8343	0.6432
3	15	0.8969	0.7162	0.7587
3	16	0.9498	0.7812	0.2398
3	17	0.6505	0.4186	0.3929
4	5	0.9976	0.7063	0.1053
4	6	0.9998	0.2331	0.9848
4	7	0.9994	0.1612	0.2001
4	8	0.8507	0.2055	0.9774
4	10	0.5029	0.2322	0.9655
5	6	1.0000	0.7825	0.2758
5	7	1.0000	0.2816	0.7906
5	8	0.9480	0.6289	0.0858
6	7	0.9985	0.7754	0.6005
6	8	1.0000	0.6176	0.5013
6	10	0.9981	0.7742	0.6089
6	13	0.7010	0.5667	0.5243
7	8	0.9999	0.5732	0.2796
7	9	1.0000	0.2862	0.8098
7	10	0.9001	0.4412	0.0095
8	9	0.9986	0.8693	0.5412
8	10	0.9996	0.5020	0.4286
8	12	0.8496	0.9287	0.4911
8	13	0.9995	0.6000	0.4543
8	15	0.6001	0.7730	0.4958
9	10	0.9975	0.5974	0.0505
9	12	0.9006	0.3529	0.8142
10	11	0.7501	0.9860	0.2783
10	12	0.9987	0.7414	0.5991
10	13	0.9988	0.4922	0.4897
10	15	0.9993	0.5663	0.3582
11	12	0.9963	0.6704	0.0158
12	13	0.9998	0.7628	0.3804
12	14	0.9997	0.5932	0.7384
12	15	0.9491	0.6870	0.0342
13	14	0.9989	0.8793	0.5805
13	15	0.9999	0.6039	0.3738
13	16	0.6502	0.5635	0.4507
14	15	0.9994	0.5664	0.2195
14	16	0.9996	0.2607	0.5817
15	16	0.9987	0.5162	0.4791
15	17	0.9998	0.9362	0.3029
16	17	0.9494	0.8171	0.3752
17	18	0.6503	0.7533	0.5457
