0	1	0.9999	0.7567	0.4657
0	2	0.9993	0.4809	0.4474
0	3	0.9985	0.9870	0.6086
0	4	0.9994	0.7762	0.4477
0	8	0.9998	0.5892	0.6687
0	9	0.9996	0.5895	0.3958
0	10	0.9990	0.8575	0.0744
1	2	1.0000	0.6323	0.2757
1	3	1.0000	0.1477	0.8032
1	4	0.8986	0.3859	0.2346
1	9	0.7491	0.4131	0.6298
1	21	0.5507	0.2159	0.0992
1	23	0.8504	0.2559	0.1842
1	24	0.5503	0.4706	0.5411
1	25	0.8500	0.7703	0.4068
2	3	0.9995	0.9504	0.6473
2	4	0.9998	0.6604	0.4672
2	8	0.9990	0.7390	0.6537
2	9	0.8996	0.5244	0.4059
3	4	0.9996	0.5716	0.7115
3	5	0.9498	0.4271	0.6873
3	8	0.5998	0.5556	0.5094
4	5	0.6946	0.8696	0.3608
4	8	0.9984	0.6348	0.5548
4	9	0.7501	0.5931	0.5384
5	6	0.7503	0.8294	0.2771
5	7	0.8999	0.6077	0.4361
5	8	0.5509	0.5354	0.2526
6	7	0.9499	0.7233	0.7354
6	8	0.9498	0.5741	0.6410
6	10	0.7002	0.1749	0.2875
7	8	0.9977	0.6372	0.2109
7	10	0.8999	0.3415	0.3501
8	9	0.9999	0.7427	0.4399
8	10	0.9995	0.4417	0.5206
9	10	0.9995	0.9374	0.2166
9	11	0.9998	0.6437	0.3406
9	12	0.8498	0.9318	0.4621
9	22	0.6497	0.6611	0.7371
10	11	0.9992	0.4824	0.4367
10	22	0.8503	0.2374	0.7960
11	12	0.9995	0.9051	0.4910
11	13	0.9998	0.5775	0.5113
11	14	0.9991	0.9486	0.5395
11	15	0.9987	0.4885	0.5111
11	16	0.9984	0.7243	0.6459
11	17	0.6506	0.6704	0.4646
11	18	0.5007	0.8671	0.3034
11	19	0.6999	0.5646	0.4239
11	22	0.6500	0.4733	0.3986
12	13	0.9997	0.5543	0.5501
12	14	0.8997	0.2357	0.2851
12	15	0.9001	0.4442	0.6720
12	22	0.6002	0.3776	0.6784
13	14	0.9993	0.8349	0.5449
13	15	0.9985	0.4897	0.4806
13	16	0.9986	0.7958	0.4219
13	17	0.6503	0.4900	0.5061
13	18	0.8999	0.8851	0.3213
14	15	0.9996	0.7205	0.6776
14	16	0.9496	0.6253	0.2380
14	18	0.6004	0.5774	0.3901
15	16	0.9980	0.9124	0.5715
15	17	0.9992	0.5529	0.4126
15	18	0.9985	0.9436	0.4553
15	19	0.8498	0.4677	0.2436
16	17	0.9991	0.5607	0.2663
16	18	1.0000	0.6569	0.5188
16	19	0.8991	0.6563	0.2719
16	21	0.6700	0.3095	0.4695
17	18	0.9998	0.6790	0.4296
17	19	0.9996	0.5329	0.4638
17	20	0.9997	0.9967	0.1212
17	21	0.9993	0.8081	0.7665
17	22	0.9488	0.5348	0.3918
18	19	0.9989	0.6638	0.3847
18	21	0.8499	0.3810	0.6458
19	20	1.0000	0.9975	0.2051
19	21	0.9999	0.5792	0.7504
19	22	0.9987	0.5646	0.5202
20	21	0.9499	0.6491	0.2780
20	22	0.6201	0.2317	0.7957
21	22	0.9999	0.7301	0.3659
21	23	0.8497	0.1180	0.4768
21	24	0.7004	0.2451	0.5765
21	25	0.9502	0.3679	0.4753
22	23	0.5007	0.6077	0.1416
22	25	0.7504	0.7366	0.5622
23	24	0.9994	0.6170	0.4184
23	25	0.7499	0.6503	0.1450
24	25	0.8501	0.6564	0.2254
