0	1	0.9990	0.7420	0.5735
0	2	0.9999	0.6400	0.4250
0	4	0.8499	0.8403	0.6545
0	5	0.9998	0.7826	0.5078
0	6	0.9997	0.7829	0.8203
0	7	0.9999	0.6498	0.4764
0	8	0.5499	0.9632	0.4521
1	2	0.9996	0.7357	0.1703
1	3	1.0000	0.1122	0.7735
1	4	1.0000	0.4146	0.6340
1	5	0.9478	0.7789	0.0096
1	7	0.9995	0.7079	0.7680
1	10	0.9502	0.5023	0.8927
1	27	0.9001	0.7268	0.6215
1	28	0.9996	0.7811	0.3630
1	31	0.7004	0.4805	0.3889
2	3	0.9500	0.9182	0.3941
2	4	0.9999	0.7852	0.5150
2	5	0.9988	0.6129	0.5906
2	6	0.9991	0.7455	0.6506
2	7	0.9987	0.4375	0.4524
3	4	0.9504	0.8210	0.2632
3	5	0.9985	0.5490	0.6497
4	5	0.9982	0.7009	0.1547
5	6	0.9978	0.9589	0.6533
6	7	0.9994	0.8273	0.5293
6	8	0.9998	0.1203	0.8313
6	9	1.0000	0.5439	0.7038
6	29	0.5504	0.3850	0.6109
7	8	0.9989	0.9955	0.7775
7	9	0.9990	0.4335	0.5912
7	10	0.9999	0.7176	0.3749
7	27	0.6991	0.4559	0.6706
7	28	0.5496	0.4137	0.4323
8	9	0.9498	0.8932	0.1707
8	10	0.9994	0.5419	0.8361
8	11	0.5005	0.2056	0.7006
8	12	0.8002	0.5037	0.6218
9	10	0.9975	0.6719	0.0110
10	11	0.9998	0.9865	0.2205
10	13	0.7007	0.9011	0.4216
10	14	0.9495	0.7595	0.3726
10	27	0.9991	0.7494	0.8580
10	28	0.9978	0.5193	0.6860
11	12	0.9998	0.7040	0.6944
11	13	0.9996	0.3234	0.5054
11	14	0.9985	0.6764	0.3126
11	15	0.7510	0.5358	0.8399
11	16	0.5005	0.6475	0.4015
12	13	0.8502	0.7627	0.3499
12	14	0.8496	0.6330	0.3158
12	15	0.7000	0.2950	0.8620
13	14	0.7500	0.8663	0.3377
13	15	0.5689	0.6871	0.4740
14	15	0.9983	0.8353	0.4204
14	16	0.9998	0.5787	0.6399
15	16	0.6495	0.7151	0.4879
16	17	0.9496	0.7542	0.4791
16	18	0.8014	0.6303	0.4423
17	18	0.9998	0.5123	0.4093
17	19	0.9479	0.4329	0.1552
17	20	0.5008	0.2667	0.8367
17	21	0.5499	0.3809	0.3220
17	22	0.7499	0.2443	0.4742
17	23	0.8995	0.6180	0.5454
17	24	0.8974	0.7121	0.5505
17	25	0.7137	0.5627	0.3275
18	19	0.9972	0.9833	0.1333
18	20	0.9494	0.6196	0.7509
18	21	0.7505	0.4830	0.2153
18	22	0.6507	0.5601	0.2879
18	23	0.9991	0.6568	0.4659
18	24	0.9988	0.8217	0.7133
18	25	0.8994	0.6260	0.5863
19	20	0.9976	0.8104	0.1969
19	21	0.9980	0.6558	0.5896
19	22	0.9995	0.6663	0.7066
19	23	0.9997	0.6356	0.7938
19	24	0.9986	0.5994	0.4747
20	21	0.6987	0.6510	0.4330
20	22	0.9995	0.3745	0.5651
20	23	0.7994	0.4507	0.5099
20	24	0.5005	0.6874	0.3939
21	22	0.8990	0.4961	0.4538
21	23	0.9997	0.5240	0.5433
21	24	0.7487	0.4401	0.4806
21	25	0.7017	0.4135	0.6553
22	23	0.9999	0.7030	0.6203
23	24	0.9499	0.8125	0.4936
24	25	0.9489	0.5420	0.4917
26	27	0.8996	0.9134	0.2740
26	28	0.9980	0.8463	0.4419
26	29	0.8989	0.8261	0.6592
26	31	0.8009	0.8655	0.6459
27	28	0.9969	0.5612	0.2102
27	29	0.7290	0.2605	0.5662
28	29	0.9983	0.5350	0.5821
28	30	0.5895	0.2807	0.6328
28	31	0.8996	0.3068	0.6720
29	30	0.9994	0.7232	0.6232
29	31	0.8500	0.5058	0.7481
30	31	0.8496	0.6805	0.5684
