0	1	0.9993	0.5396	0.3640
0	2	0.9995	0.5222	0.5373
0	5	0.8496	0.5111	0.5758
1	2	1.0000	0.4472	0.5274
1	4	0.9981	0.8714	0.5742
1	5	0.9984	0.4465	0.5877
1	6	0.7000	0.6649	0.2718
1	7	0.9986	0.4634	0.5666
1	8	0.5525	0.4143	0.5705
1	9	0.9983	0.9135	0.6508
1	16	0.9988	0.9816	0.9245
2	4	0.9994	0.3340	0.7804
2	5	0.9996	0.5949	0.5641
2	7	0.6989	0.7933	0.1911
2	8	0.9997	0.6742	0.3190
2	9	0.8992	0.8520	0.7850
3	4	0.7993	0.6439	0.1681
3	5	0.9225	0.0692	0.0673
3	9	0.6003	0.4684	0.2258
4	5	0.6505	0.5489	0.1891
5	6	0.9999	0.7485	0.3462
5	7	0.9955	0.9125	0.3321
5	8	1.0000	0.7487	0.4371
5	9	0.9982	0.5994	0.6679
6	7	1.0000	0.6028	0.4870
6	8	0.9994	0.4422	0.4245
6	9	0.9984	0.7991	0.6005
6	10	0.5007	0.4516	0.4048
6	28	0.8002	0.7403	0.5884
6	30	0.8993	0.7285	0.8142
6	33	0.6993	0.5330	0.7535
7	8	0.9985	0.7629	0.1316
7	10	0.9997	0.5580	0.9103
7	28	1.0000	0.5154	0.6065
7	29	0.9986	0.0590	0.9732
7	30	0.9991	0.8070	0.5432
7	33	0.8999	0.7347	0.7085
8	9	0.9962	0.8984	0.6324
8	10	0.9986	0.4248	0.3663
8	11	0.9998	0.9657	0.0731
8	28	0.7497	0.3245	0.3576
9	10	0.9999	0.6111	0.4099
9	11	0.9999	0.4962	0.6168
9	12	1.0000	0.9473	0.4245
9	28	0.5277	0.2295	0.6278
9	33	0.8001	0.5283	0.6839
10	11	0.9995	0.9794	0.1161
10	12	0.9992	0.0491	0.8675
10	13	0.9999	0.7116	0.5948
10	26	0.9971	0.9251	0.9480
10	28	0.9990	0.9787	0.5767
10	30	0.9995	0.7985	0.9294
10	33	0.9968	0.7606	0.6530
11	12	0.9983	0.9812	0.4980
11	13	0.9999	0.3912	0.7807
11	19	0.9982	0.9240	0.1814
11	20	0.9973	0.7802	0.1369
11	26	0.7998	0.4786	0.6171
11	31	0.7499	0.2775	0.2828
12	13	0.9968	0.8318	0.0147
12	19	0.8496	0.2211	0.6068
12	20	0.6009	0.5666	0.0019
13	20	1.0000	0.4720	0.4147
13	25	0.9986	0.7722	0.9713
13	26	0.9994	0.7167	0.5619
13	28	0.8000	0.9935	0.4411
13	30	0.9999	0.7631	0.9548
13	31	0.9991	0.6372	0.4467
13	33	0.9956	0.9283	0.1518
14	15	0.9472	0.7165	0.3633
14	16	0.8504	0.6542	0.8746
14	17	0.9000	0.1620	0.4107
14	18	0.8492	0.3357	0.6320
15	16	0.9998	0.7838	0.8560
15	17	1.0000	0.5221	0.5802
16	17	0.9995	0.9524	0.3711
17	18	0.9990	0.8251	0.7191
17	19	0.5511	0.7792	0.2343
18	19	0.9967	0.9300	0.3241
19	20	0.9978	0.7941	0.0117
19	25	0.9998	0.3897	0.8257
20	21	0.7502	0.9875	0.0418
20	25	1.0000	0.4789	0.9274
20	26	0.9998	0.5970	0.4918
20	30	0.9994	0.8201	0.9540
20	31	0.7721	0.3810	0.2156
20	33	0.8989	0.9837	0.2983
21	25	0.9997	0.3120	0.4002
21	27	0.6993	0.3701	0.1868
22	25	0.9987	0.6848	0.3456
22	27	0.7501	0.2057	0.4940
23	24	0.9992	0.8516	0.5753
23	25	0.9987	0.6724	0.1570
24	25	0.9976	0.5722	0.1324
25	26	1.0000	0.8627	0.2988
25	27	0.9483	0.7357	0.2886
25	28	0.8491	0.8167	0.6719
25	31	0.9479	0.9651	0.0333
25	33	0.8021	0.8463	0.4371
26	27	0.9995	0.9891	0.7529
26	28	0.9998	0.9961	0.5660
26	30	0.9988	0.8650	0.7159
26	31	0.9986	0.4217	0.5158
26	32	0.8999	0.7161	0.8624
27	28	0.9494	0.8041	0.3103
27	29	0.5531	0.3223	0.9931
27	30	0.6500	0.3269	0.3540
28	29	0.8999	0.5331	0.9020
28	30	0.9990	0.5128	0.2175
28	33	0.6014	0.7628	0.3877
29	30	0.9946	0.9995	0.0166
30	31	0.9491	0.9676	0.2277
30	32	0.9988	0.8833	0.9044
31	32	1.0000	0.4943	0.5212
32	33	0.8990	0.9990	0.0372
