0	1	0.9981	0.5140	0.8544
0	2	0.8995	0.3687	0.3489
0	3	0.7998	0.2350	0.7791
0	5	0.6498	0.3693	0.7143
0	6	0.6506	0.4459	0.4626
0	7	0.7509	0.2523	0.7194
1	2	0.9976	0.5721	0.1342
1	3	1.0000	0.4791	0.8248
1	5	0.9995	0.6620	0.6327
1	6	1.0000	0.6106	0.7086
1	7	1.0000	0.4995	0.7374
2	3	0.9993	0.4181	0.4553
2	5	0.5476	0.1013	0.5476
2	6	0.9963	0.1644	0.5300
2	7	0.9484	0.2230	0.7886
3	4	0.9998	0.9073	0.4454
3	5	0.9997	0.5430	0.3086
3	6	1.0000	0.6292	0.4008
3	7	0.9984	0.7109	0.6316
3	12	0.9952	0.9728	0.4353
4	5	1.0000	0.7649	0.2988
4	6	1.0000	0.7194	0.4836
4	7	0.9990	0.4926	0.1175
4	8	0.6001	0.9523	0.9159
4	12	0.9988	0.8196	0.7797
4	13	0.7508	0.3375	0.8320
5	6	0.7912	0.3609	0.3400
5	7	0.9995	0.4958	0.6154
5	12	0.5076	0.5315	0.2867
6	7	0.9470	0.4622	0.4194
6	12	0.7990	0.7072	0.4015
8	9	0.9984	0.8514	0.5020
8	10	1.0000	0.5786	0.9787
8	11	0.9969	0.4500	0.1134
8	16	1.0000	0.5687	0.7138
8	19	0.9983	0.2378	0.1668
8	21	0.9977	0.3593	0.1364
9	10	0.9003	0.3380	0.6581
9	11	0.9990	0.4310	0.5026
9	12	0.5501	0.2609	0.5897
9	16	0.9997	0.1585	0.6808
10	11	1.0000	0.9947	0.1541
10	14	0.5010	0.0715	0.9455
10	16	0.9998	0.0423	0.9582
11	16	0.9501	0.0036	0.6034
12	13	0.9995	0.4743	0.8868
14	15	0.9994	0.0779	0.8982
14	16	0.9999	0.9970	0.4126
14	17	0.9995	0.3585	0.8684
15	16	0.9981	0.3430	0.2089
15	17	0.9999	0.5253	0.7680
15	20	0.9991	0.2846	0.0041
16	17	1.0000	0.5041	0.8339
16	18	0.9996	0.8420	0.9703
16	19	0.9994	0.6391	0.7308
16	20	0.9998	0.1566	0.2035
16	21	0.7006	0.6212	0.1047
17	18	0.9996	0.8922	0.5145
18	19	0.9992	0.5879	0.8332
19	20	0.9987	0.9854	0.9968
19	21	0.9992	0.1524	0.3454
