0	1	0.9996	0.7329	0.5171
0	2	0.9997	0.5446	0.5668
0	9	0.7504	0.5588	0.5305
0	10	0.9000	0.6020	0.7144
0	11	0.9997	0.6197	0.6833
0	12	0.9000	0.6629	0.4469
1	2	0.9997	0.6222	0.6393
1	4	0.8991	0.5872	0.5421
1	10	0.8497	0.4775	0.7296
1	11	0.7999	0.5611	0.6337
1	12	0.7004	0.4088	0.5002
2	3	0.9998	0.7346	0.3585
2	4	0.9999	0.6114	0.4923
2	8	0.5503	0.5708	0.5053
2	9	0.9003	0.6312	0.4859
2	10	0.8504	0.6908	0.5685
2	11	0.8014	0.6828	0.6181
2	12	0.7003	0.6326	0.3283
3	4	0.9992	0.6862	0.2529
3	8	0.9001	0.5853	0.4105
3	9	0.9994	0.6239	0.2931
3	10	0.5505	0.3745	0.4953
3	11	0.6502	0.3549	0.4046
3	12	0.6500	0.4476	0.5632
4	5	0.9983	0.9509	0.4511
4	6	0.9499	0.7697	0.6048
4	7	0.8501	0.6650	0.5554
4	8	0.9997	0.3676	0.4946
4	9	0.9993	0.6300	0.6040
4	10	0.8502	0.7017	0.4906
5	6	0.9986	0.8357	0.2600
6	7	0.9982	0.7115	0.2011
7	8	0.9488	0.9579	0.1039
7	9	0.9997	0.6490	0.7931
7	10	0.8184	0.6981	0.3791
8	9	0.9999	0.7287	0.3465
8	10	0.8493	0.4807	0.5005
9	10	0.9998	0.7039	0.4753
10	11	0.9001	0.6080	0.5779
11	12	0.9999	0.7440	0.4483
