0	2	0.9984	0.9262	0.5150
0	5	0.9495	0.6278	0.4544
0	6	0.9981	0.9839	0.5108
0	11	1.0000	0.3494	0.7128
0	12	0.9993	0.4759	0.3225
0	13	0.9502	0.9716	0.2635
0	14	0.9978	0.9929	0.8948
0	15	0.9993	0.2925	0.2163
0	16	0.9990	0.9090	0.1453
0	26	0.9999	0.7555	0.5476
0	27	0.9993	0.5806	0.4608
0	28	0.9999	0.2551	0.8954
1	2	0.9966	0.7334	0.1998
1	13	0.8986	0.5546	0.9805
1	14	0.9967	0.9903	0.8133
2	3	0.5494	0.5933	0.7387
2	4	0.9991	0.9640	0.2729
2	5	1.0000	0.6680	0.9521
2	6	0.6373	0.3124	0.3363
2	7	0.9474	0.9840	0.1171
2	8	0.5986	0.8021	0.2345
2	12	0.5004	0.3731	0.7230
2	13	0.6009	0.2160	0.5501
2	14	0.9997	0.6889	0.8517
2	26	0.9973	0.8650	0.6401
3	4	0.9998	0.6538	0.5703
3	6	0.6005	0.7768	0.7821
4	5	0.9988	0.5611	0.3512
4	6	1.0000	0.4985	0.9393
4	14	0.6973	0.6629	0.6952
5	6	0.9986	0.9804	0.4150
5	8	0.5503	0.4240	0.3164
5	10	0.9995	0.4408	0.6524
5	11	0.9986	0.6738	0.7821
5	12	0.9975	0.6689	0.5970
5	14	0.8952	0.7765	0.8414
5	26	0.9978	0.9861	0.2943
6	7	0.9944	0.9879	0.2862
6	8	1.0000	0.5190	0.7336
6	9	0.9996	0.7318	0.5321
6	10	0.9997	0.4728	0.6621
6	11	0.7006	0.7493	0.6428
6	12	1.0000	0.4757	0.8195
6	13	0.8999	0.0705	0.5757
6	14	0.9986	0.6117	0.6882
6	15	0.5006	0.5500	0.1115
6	26	0.9988	0.5493	0.4211
7	8	0.9970	0.9935	0.0051
7	9	0.9982	0.8089	0.9732
7	10	0.9977	1.0000	0.0397
7	11	0.9992	0.9986	0.9601
7	12	0.9982	0.9998	0.0159
8	9	1.0000	0.4622	0.5016
8	10	0.9989	0.4914	0.5637
8	11	0.9989	0.3800	0.7160
8	12	0.9979	0.3658	0.2959
8	26	0.8495	0.9958	0.2962
9	10	1.0000	0.5685	0.5387
9	12	0.9969	0.7758	0.0196
10	11	0.9991	0.8898	0.5548
10	12	0.9965	0.4726	0.3566
10	15	0.9977	0.4590	0.1098
10	26	0.9967	0.9820	0.0975
11	12	0.9997	0.5424	0.3310
11	13	0.9993	0.0378	0.6940
11	15	1.0000	0.6466	0.2903
11	26	0.9991	0.0925	0.5941
11	27	0.9994	0.2426	0.4737
11	28	1.0000	0.3154	0.6037
12	13	1.0000	0.9999	0.0718
12	15	0.9970	0.2808	0.1953
12	26	1.0000	0.7986	0.2811
12	28	0.9979	0.3889	0.9086
13	14	0.9477	0.8526	0.6336
13	15	0.9988	0.1734	0.9807
13	16	0.8976	0.6158	0.1871
13	26	1.0000	0.0250	0.0207
14	15	0.6487	0.7710	0.5952
14	20	0.9985	0.5828	0.4206
14	21	0.7996	0.4421	0.1617
14	26	0.5003	0.9639	0.2313
15	16	0.9979	0.9726	0.1165
15	18	0.6994	0.3900	0.2432
15	26	0.9495	0.1888	0.7107
15	27	0.7507	0.2768	0.2214
15	28	0.8474	0.2639	0.7236
16	17	0.8988	0.9675	0.4308
16	18	0.6003	0.6917	0.3547
16	20	0.5495	0.6953	0.5706
16	21	0.9990	0.9387	0.2597
16	27	0.9996	0.3250	0.9083
16	28	0.9963	0.7171	0.0772
17	21	0.9495	0.2654	0.1403
17	27	0.6992	0.4862	0.7601
17	28	0.6999	0.1829	0.0479
18	19	0.9966	0.4480	0.5175
18	20	0.9462	0.3461	0.6136
18	21	1.0000	0.0076	0.2437
18	26	0.6006	0.3779	0.2774
18	27	0.5510	0.4873	0.8237
19	20	0.9992	0.5269	0.3456
19	21	0.9987	0.3920	0.0502
20	21	0.9986	0.7771	0.1365
21	22	0.9964	0.9715	0.1576
21	23	0.9999	0.6219	0.3049
21	24	1.0000	0.2732	0.6287
21	26	0.5497	0.5089	0.5470
21	27	1.0000	0.7113	0.4810
21	28	1.0000	0.7815	0.3679
22	23	0.9982	0.5820	0.1823
22	24	0.7537	0.0021	0.9463
22	27	0.9935	0.9952	0.0425
23	24	0.9996	0.8955	0.5092
23	25	0.5505	0.7794	0.6631
23	26	0.9994	0.8075	0.4980
23	27	0.9987	0.4291	0.4106
23	28	0.9967	0.2853	0.6282
24	25	0.9998	0.1381	0.6576
24	27	1.0000	0.3686	0.9279
25	26	0.9976	0.9215	0.6653
26	27	1.0000	0.4725	0.4451
26	28	0.9997	0.5799	0.8181
27	28	0.9996	0.3971	0.4876
