0	1	0.9987	0.8260	0.4958
0	2	0.9992	0.6518	0.5041
0	12	0.9988	0.4868	0.5429
0	13	0.9998	1.0000	0.0942
0	14	1.0000	0.8438	0.3782
0	15	1.0000	0.2371	0.9146
0	16	1.0000	0.5996	0.4552
0	17	0.9979	0.9602	0.2140
0	30	1.0000	0.8559	0.5414
0	32	1.0000	0.4024	0.9443
1	2	0.9999	0.5466	0.2317
1	3	0.9995	0.0752	0.4267
1	4	1.0000	0.5428	0.5658
1	5	0.7000	0.0957	0.9031
1	6	0.7003	0.6203	0.4723
1	11	1.0000	0.5424	0.5664
1	12	0.9997	0.6248	0.2688
1	16	1.0000	0.4457	0.7748
1	30	0.9499	0.2724	0.8902
1	31	0.9997	0.0566	0.3770
1	32	1.0000	0.5344	0.4040
2	11	0.9977	0.5465	0.8680
2	12	0.9975	0.7033	0.6300
2	13	0.9997	1.0000	0.0285
2	14	0.9981	0.9690	0.6219
2	15	0.9987	0.6945	0.6928
2	16	0.9990	0.3992	0.3332
3	4	0.9978	0.6292	0.1970
3	11	0.9992	0.8199	0.2171
3	31	0.9956	0.5164	0.0747
3	32	0.9481	0.2839	0.0658
4	5	0.9493	0.5906	0.5870
4	10	0.5007	0.4665	0.5001
4	11	0.9997	0.7117	0.4004
4	31	0.9500	0.2775	0.7791
4	32	0.9981	0.3587	0.2018
5	6	0.9491	0.9622	0.2595
5	10	0.8495	0.3734	0.7894
5	32	0.9480	0.5837	0.2094
6	7	0.7998	0.7125	0.2286
6	10	0.8001	0.5716	0.6969
6	32	0.7012	0.3506	0.0725
7	8	0.9979	0.7875	0.2802
7	9	0.9500	0.5444	0.7826
7	10	0.8000	0.2496	0.5310
7	20	0.5001	0.8050	0.4572
7	21	0.9499	0.4342	0.8401
7	23	0.5006	0.9037	0.0364
8	9	0.9990	0.4117	0.3542
8	10	0.5005	0.0662	0.6174
8	21	0.5508	0.4184	0.7274
9	10	0.8998	0.4386	0.4810
9	21	0.5499	0.6165	0.5777
10	11	0.6505	0.9498	0.2680
11	12	0.9998	0.9001	0.0933
11	32	0.9987	0.6353	0.1790
12	14	0.9990	0.9998	0.8941
12	15	0.9979	0.8080	0.7608
13	14	0.9998	0.6258	0.4255
13	15	0.9989	0.1957	0.1942
13	16	1.0000	0.3982	0.6346
13	17	0.9998	0.3578	0.5720
13	24	0.7492	0.7988	0.3251
13	25	0.9983	0.7568	0.1506
13	29	0.8489	0.8359	0.5930
13	30	0.9956	0.7645	0.0058
14	15	1.0000	0.8563	0.5155
14	16	1.0000	0.0874	0.1834
14	17	0.9990	0.1595	0.5455
14	30	0.9009	0.0216	0.0050
15	16	0.9963	0.8972	0.0073
16	17	1.0000	0.9459	0.2633
16	29	0.9498	0.8651	0.8394
16	30	0.9997	0.6208	0.5373
16	31	0.9981	0.9995	0.8169
16	32	0.9996	0.4652	0.7976
17	18	0.9958	0.7540	0.0157
17	24	0.9990	0.6648	0.5269
17	25	1.0000	0.6036	0.5051
17	29	0.9483	0.5462	0.6227
17	30	0.9985	0.3317	0.6250
17	31	0.9491	0.1290	0.3724
17	32	0.5503	0.1965	0.2720
18	19	0.9485	0.8372	0.6243
18	20	0.7955	0.4893	0.3814
18	21	0.9967	0.6619	0.2313
18	22	0.7493	0.8123	0.6608
18	23	1.0000	0.7186	0.5452
18	24	0.9476	0.6202	0.2604
18	25	0.5507	0.3568	0.3127
18	26	0.9984	0.6115	0.5430
19	20	0.9989	0.7756	0.2574
19	23	0.9998	0.4108	0.6553
20	21	0.9993	0.9482	0.3596
20	22	0.9998	0.3090	0.7260
20	23	1.0000	0.5095	0.4387
20	24	0.8494	0.3881	0.6254
20	26	0.9991	0.8984	0.6225
21	22	0.9994	0.9056	0.1900
21	23	0.8001	0.4903	0.0244
21	26	0.6003	0.1929	0.3293
22	23	0.9965	0.8067	0.1295
23	26	0.9988	0.1259	0.5574
24	25	0.8990	0.5634	0.5673
24	26	0.6715	0.3850	0.7416
24	28	0.5511	0.2149	0.4215
25	26	0.9992	0.7616	0.7483
25	28	0.8000	0.6789	0.6917
25	29	0.7999	0.5854	0.3151
25	31	0.5992	0.8093	0.1965
26	27	0.9962	0.9634	0.1704
26	28	0.9976	0.7162	0.1502
26	29	0.5998	0.9035	0.0797
27	28	0.5999	0.7561	0.2748
29	30	0.9979	0.7901	0.6977
29	32	0.9981	0.3045	0.7407
30	31	0.9960	0.9927	0.5525
30	32	0.9976	0.7055	0.5945
31	32	0.9970	0.7496	0.0806
