0	1	0.9998	0.8257	0.5655
0	2	0.5504	0.4257	0.4695
0	27	0.7492	0.6752	0.4086
0	28	0.9497	0.3926	0.3566
0	34	0.8500	0.5832	0.6162
0	35	0.8003	0.6346	0.5666
0	38	0.5513	0.4557	0.5578
0	39	0.7519	0.4367	0.7138
2	4	0.5509	0.5982	0.3952
2	26	0.5999	0.8792	0.8420
2	28	0.7502	0.4853	0.3196
3	4	0.9501	0.8763	0.3110
3	15	0.8496	0.4427	0.5184
3	16	0.5005	0.3824	0.5073
3	25	0.9498	0.6545	0.6117
3	28	0.5004	0.4135	0.2355
4	5	0.9481	0.6417	0.3647
4	6	0.9013	0.3909	0.2713
4	25	0.9499	0.5761	0.8021
4	26	0.5500	0.3012	0.5416
5	6	0.9485	0.6390	0.1851
5	7	0.8495	0.6985	0.1987
5	9	0.9498	0.5206	0.7377
5	11	0.5996	0.4131	0.3380
5	15	0.8988	0.4867	0.4467
5	16	0.6998	0.5009	0.7681
5	17	0.5507	0.4944	0.5578
5	25	0.7005	0.5910	0.5992
5	28	0.6007	0.4152	0.2020
6	7	0.9002	0.6832	0.4391
6	8	0.5999	0.7272	0.6464
6	9	0.9494	0.6770	0.6715
6	10	0.7999	0.3352	0.7096
6	11	0.9500	0.6537	0.4622
6	15	0.9984	0.6416	0.7246
6	16	0.6500	0.5804	0.4383
6	19	0.5005	0.7196	0.3457
6	25	0.7003	0.5906	0.3707
7	8	0.8991	0.5927	0.6678
7	9	0.8994	0.4969	0.5525
8	9	0.7495	0.7976	0.4884
9	10	0.5005	0.7065	0.2458
9	11	0.8998	0.6920	0.2664
9	15	0.8498	0.7398	0.2977
9	17	0.6493	0.6277	0.3997
10	11	0.9992	0.7335	0.4067
10	12	0.5007	0.6018	0.6007
10	15	0.9499	0.6569	0.4165
10	24	0.5001	0.8653	0.6584
11	12	0.9993	0.8434	0.5758
11	13	0.9484	0.4908	0.1463
11	14	0.9996	0.4393	0.7957
11	15	0.6963	0.3476	0.4772
11	16	0.9490	0.5723	0.6661
11	18	0.6496	0.4454	0.5943
11	20	0.8994	0.4603	0.4702
11	21	0.8987	0.5647	0.3924
11	23	0.6503	0.8900	0.5074
11	24	0.9497	0.7132	0.7240
11	25	0.6505	0.6514	0.4839
12	14	0.6004	0.8692	0.4634
12	15	0.9981	0.5075	0.6240
12	23	0.5006	0.6859	0.5603
12	24	0.8493	0.7699	0.2943
13	14	0.8505	0.4332	0.4704
13	15	0.9995	0.2979	0.5801
14	15	0.9990	0.7620	0.4831
15	16	0.9994	0.6444	0.5064
15	17	0.8990	0.6935	0.4779
15	18	0.8991	0.6157	0.6549
15	19	0.5965	0.5186	0.4819
15	20	0.9489	0.5611	0.5637
15	21	0.9990	0.5841	0.4472
15	23	0.5007	0.8078	0.2462
15	24	0.9496	0.6285	0.6930
15	25	1.0000	0.7140	0.4743
16	18	0.9483	0.7843	0.5963
16	19	0.5523	0.6742	0.2187
16	20	0.9993	0.6712	0.6818
16	21	0.8493	0.6637	0.3089
16	24	0.9489	0.7899	0.7567
16	25	0.7005	0.4694	0.2361
17	18	0.9985	0.7293	0.6137
17	19	0.6012	0.5656	0.5488
17	24	0.5513	0.5626	0.5611
18	19	0.6001	0.3704	0.4045
18	20	0.6005	0.5464	0.4638
18	24	0.7504	0.5688	0.6671
19	20	0.7503	0.5007	0.5651
19	24	0.8994	0.3251	0.4774
20	21	0.9489	0.6929	0.3800
20	24	0.9998	0.7880	0.6723
20	25	0.7006	0.6405	0.5853
20	26	0.5999	0.5001	0.4100
21	22	0.8011	0.8081	0.3894
21	24	0.8994	0.6650	0.5516
21	25	0.5510	0.3881	0.4688
21	26	0.5517	0.2298	0.6996
21	27	0.9500	0.6479	0.3650
21	28	0.5388	0.5665	0.3096
22	23	0.8982	0.9642	0.4567
23	24	0.8989	0.8120	0.2785
24	25	0.9483	0.6587	0.1124
24	26	0.5501	0.4660	0.6994
26	27	0.8982	0.9577	0.0481
27	28	0.9989	0.6521	0.2136
28	29	0.9968	0.9065	0.3865
28	30	0.9989	0.9044	0.5164
28	31	0.6993	0.7873	0.4785
28	32	0.6994	0.6576	0.3674
28	33	0.9998	0.7908	0.7926
28	34	0.9996	0.7560	0.4764
28	35	0.9996	0.4966	0.4552
28	36	0.8003	0.7930	0.4325
28	37	0.9990	0.5466	0.5034
28	38	1.0000	0.6747	0.4437
28	39	1.0000	0.7790	0.4488
29	30	0.9996	0.7158	0.4698
29	31	0.7001	0.7778	0.4226
29	32	0.8020	0.6007	0.5247
29	33	0.9994	0.5549	0.2651
29	34	0.7500	0.3100	0.2394
30	31	0.8997	0.6911	0.6243
30	32	0.9989	0.6916	0.5826
30	33	0.9991	0.4604	0.4623
30	34	0.7995	0.5432	0.2682
31	32	0.6005	0.6773	0.3506
31	33	0.8495	0.5149	0.6201
31	34	0.6502	0.4584	0.4544
32	33	0.9497	0.6306	0.4631
32	34	0.8991	0.4123	0.3462
33	34	0.9486	0.7824	0.1260
34	35	0.9996	0.7421	0.2836
34	36	0.9498	0.4687	0.4483
34	37	0.5004	0.3559	0.0765
35	36	0.5513	0.6509	0.5439
35	38	0.5503	0.6198	0.3738
35	39	0.6004	0.6071	0.4157
36	37	0.9000	0.6502	0.3472
36	38	0.5005	0.4931	0.3761
37	38	0.8994	0.6658	0.2195
38	39	0.6998	0.7140	0.2339
