0	1	0.9000	0.9457	0.4434
0	3	0.9497	0.6695	0.7347
0	5	0.8494	0.7109	0.4022
0	6	0.6977	0.5080	0.5353
0	7	0.8984	0.4053	0.5285
0	8	0.7504	0.5182	0.3694
0	9	0.7999	0.4431	0.5781
0	10	0.7500	0.4944	0.3561
0	12	0.5018	0.2861	0.4376
0	19	0.6568	0.6527	0.3387
0	21	0.8994	0.5233	0.4920
1	2	0.8491	0.9679	0.3973
1	3	0.9988	0.6678	0.2308
2	3	0.6004	0.6344	0.4697
3	4	0.8001	0.7631	0.5073
3	5	0.7503	0.6417	0.4502
3	6	0.8996	0.8376	0.2550
3	7	0.9989	0.7500	0.5719
3	19	0.6500	0.6434	0.5327
3	21	0.5005	0.7226	0.4642
4	5	0.9993	0.6102	0.5218
4	6	0.8990	0.4687	0.5455
4	7	0.9976	0.4698	0.5014
4	8	0.7313	0.4553	0.4040
4	9	0.5501	0.4341	0.4943
4	10	0.5001	0.5139	0.3642
5	6	0.9491	0.6189	0.2805
5	7	0.7999	0.3823	0.5937
6	7	0.9483	0.4782	0.4632
6	8	0.8995	0.4463	0.3755
6	9	0.6499	0.5687	0.6188
7	8	0.9990	0.5374	0.2849
7	9	0.9911	0.5422	0.4638
7	10	0.7997	0.5078	0.4305
8	9	0.9995	0.4526	0.4899
8	10	0.9979	0.4199	0.4244
8	11	0.8001	0.4743	0.4812
8	12	0.6999	0.4815	0.4728
8	19	0.6019	0.4496	0.4252
9	10	0.8494	0.4935	0.4810
9	11	0.9994	0.3069	0.6340
9	12	0.8002	0.5573	0.2813
9	19	0.8999	0.5471	0.3678
10	11	0.8995	0.6594	0.5803
10	12	0.7503	0.5263	0.4593
10	15	0.5509	0.4875	0.5651
10	18	0.7488	0.4221	0.5863
10	19	0.8504	0.5866	0.5448
10	21	0.8499	0.4595	0.5287
11	12	0.9999	0.7366	0.4262
11	13	0.9993	0.4883	0.4747
11	18	0.7001	0.4329	0.4940
11	19	0.8996	0.5800	0.7512
12	13	0.9492	0.7566	0.3943
12	16	0.5004	0.5601	0.5192
12	18	0.9987	0.4370	0.4736
12	19	0.9496	0.5857	0.5782
12	20	0.6497	0.6164	0.5333
12	21	0.9490	0.5693	0.5712
13	14	0.9967	0.9094	0.2808
13	15	0.8001	0.5757	0.6642
13	18	0.9990	0.2470	0.2594
13	19	0.9995	0.4407	0.6708
14	15	0.8985	0.6427	0.6841
15	18	0.6504	0.3938	0.5752
15	19	0.5005	0.6315	0.4936
16	17	0.5007	0.4722	0.4541
16	18	0.7498	0.5664	0.3847
18	19	0.9995	0.7005	0.4909
18	21	0.9998	0.7214	0.3928
19	20	0.9962	0.9623	0.5879
19	21	0.9998	0.5432	0.4907
20	21	0.9490	0.6183	0.3681
