0	1	0.9970	0.9701	0.5295
0	2	0.9974	0.7259	0.8294
0	3	1.0000	0.6272	0.4463
0	9	0.9999	0.4961	0.6721
0	10	0.9998	0.5054	0.4909
0	15	0.9989	0.5814	0.6300
0	16	0.9996	0.5182	0.5295
0	17	0.9993	0.1701	0.5240
1	2	0.9987	0.9278	0.1972
1	3	0.9999	0.5934	0.9736
1	4	0.8484	0.5241	0.4625
1	5	0.9998	0.6878	0.8036
1	10	0.9993	0.5980	0.9854
1	16	0.9999	0.5701	0.9805
2	3	0.9992	0.9197	0.0206
2	5	1.0000	0.3235	0.9420
2	6	0.6983	0.9354	0.0002
2	8	0.9480	0.9639	0.1199
2	10	0.9990	0.8886	0.6493
2	16	1.0000	0.8379	0.9090
2	17	0.7502	0.8716	0.6923
3	4	0.9986	0.9905	0.0811
3	5	0.9982	0.8226	0.7037
3	6	0.9992	0.5686	0.5179
3	7	0.9982	0.8201	0.6541
3	8	0.9985	0.4693	0.5157
3	9	0.9966	0.9436	0.5114
3	10	0.9976	0.3103	0.5136
3	17	0.8987	0.4938	0.5949
4	5	0.9989	0.4154	0.3427
4	6	0.6011	0.0675	0.8759
5	6	0.9994	0.5999	0.4412
5	8	0.9990	0.6114	0.5369
6	7	0.9991	0.7336	0.5011
6	8	0.9992	0.4956	0.4980
6	9	0.9975	0.9933	0.4408
7	8	1.0000	0.6144	0.3408
7	9	0.9999	0.3994	0.7748
8	9	0.9965	0.9361	0.4950
9	10	0.9991	0.6555	0.2380
9	15	0.9989	0.3679	0.7095
9	16	0.9486	0.6665	0.0119
10	11	0.6511	0.9870	0.0524
10	15	0.9995	0.7724	0.5790
10	16	0.9991	0.5036	0.4702
10	17	0.9974	0.8408	0.2903
10	18	0.9987	0.6665	0.5821
11	12	0.9985	0.7542	0.3002
11	13	0.9984	0.6594	0.6608
11	14	0.9984	0.9349	0.1531
11	15	0.5012	0.4649	0.0923
11	16	0.9989	0.0000	0.9836
11	18	0.9996	0.0865	0.2497
12	13	0.6509	0.6573	0.4427
12	14	0.9481	0.5934	0.2686
12	18	0.5501	0.3837	0.3213
13	14	0.9983	0.7867	0.3310
13	18	0.9994	0.8664	0.3297
14	15	0.9981	0.4346	0.1487
14	18	0.9495	0.5333	0.4849
15	16	1.0000	0.5754	0.2371
15	18	0.9998	0.4321	0.6599
16	17	0.9990	0.9442	0.3278
16	18	0.8998	0.4753	0.5061
