0	1	0.9996	0.6529	0.3924
0	3	0.6997	0.4437	0.5855
0	4	0.5007	0.5081	0.7212
0	5	0.9998	0.6355	0.4539
0	6	0.5507	0.4495	0.4119
0	36	0.5009	0.5270	0.6205
1	2	0.9985	0.9013	0.5484
1	3	0.8001	0.6366	0.5088
1	4	0.6497	0.5310	0.3462
1	5	0.7003	0.3669	0.5724
2	3	0.8490	0.7365	0.3747
3	4	0.8990	0.7107	0.1740
3	5	0.6011	0.6828	0.4233
4	5	0.9974	0.7460	0.3150
4	6	0.6001	0.9205	0.3054
5	6	0.7502	0.6807	0.4432
5	14	0.6495	0.6302	0.6459
6	7	0.7002	0.4254	0.2218
6	10	0.5510	0.3680	0.2879
6	11	0.5005	0.5097	0.5627
6	13	0.8498	0.5586	0.5659
6	14	0.7498	0.6495	0.6919
7	11	0.5990	0.3624	0.3097
7	13	0.7492	0.5707	0.8392
8	9	0.7998	0.5508	0.3369
8	10	0.9987	0.4890	0.4841
8	11	0.9480	0.6672	0.6864
8	12	0.9179	0.6289	0.4462
8	13	0.9981	0.5923	0.6717
8	14	0.9964	0.6591	0.7366
9	10	0.9991	0.7030	0.4268
9	13	0.5007	0.4730	0.4733
9	14	0.9489	0.5601	0.5763
10	11	0.9993	0.6513	0.5256
10	12	0.8496	0.5807	0.5441
10	13	0.9492	0.6266	0.5298
10	14	0.9987	0.5633	0.5643
11	12	0.9993	0.6454	0.6033
11	13	0.9998	0.7219	0.6518
11	14	0.8988	0.5829	0.7138
12	13	0.9986	0.6426	0.6387
12	14	0.7497	0.5793	0.5397
13	14	0.9983	0.5776	0.7751
15	16	0.5001	0.6661	0.4577
15	17	0.8496	0.6359	0.7183
15	33	0.5506	0.4698	0.4597
16	17	0.9996	0.6965	0.7551
16	18	0.9998	0.5372	0.7642
16	19	0.5092	0.4827	0.4731
17	18	0.9978	0.6697	0.5486
17	20	0.5746	0.2586	0.6158
18	19	0.9999	0.7038	0.5676
18	20	0.9994	0.9221	0.4715
18	21	0.8997	0.3598	0.3831
18	22	0.5002	0.3708	0.6101
18	23	0.8503	0.4865	0.6177
19	20	0.9498	0.5737	0.4009
19	21	0.5511	0.5137	0.4067
19	22	0.6497	0.2960	0.6788
20	21	0.9985	0.7743	0.0988
20	22	0.9498	0.8546	0.5627
20	23	0.8008	0.4835	0.6001
21	22	0.9986	0.5403	0.5274
21	23	0.8501	0.3596	0.5365
22	23	0.9488	0.7581	0.4057
22	24	0.5503	0.8928	0.4657
23	24	0.9999	0.8003	0.2672
23	25	0.9491	0.6011	0.5403
24	25	0.9995	0.8581	0.2866
24	26	0.8003	0.6869	0.7673
24	27	0.8993	0.7908	0.3986
24	31	0.6513	0.5072	0.4117
25	26	0.9996	0.8115	0.6026
25	27	0.9985	0.4208	0.5261
25	28	0.7996	0.7247	0.5263
25	31	0.7985	0.3781	0.5946
25	32	0.9992	0.9042	0.3900
25	33	0.5502	0.4403	0.7201
26	27	1.0000	0.7559	0.5423
26	28	0.6007	0.3563	0.8854
26	31	0.5008	0.6204	0.5532
27	28	0.9979	0.7287	0.6603
27	31	0.7505	0.4500	0.4080
28	31	0.5503	0.4588	0.3828
29	30	0.9482	0.5965	0.6473
30	31	0.7497	0.8002	0.2636
31	32	0.9987	0.9586	0.2537
31	33	0.8505	0.4337	0.6985
31	34	0.6505	0.4381	0.3858
32	33	0.9000	0.7125	0.3891
32	34	0.9500	0.3071	0.7498
32	35	0.5006	0.2409	0.4260
32	36	0.5003	0.5588	0.4688
33	34	0.7504	0.5036	0.4636
34	35	0.9000	0.8531	0.4569
34	36	0.7501	0.8127	0.5241
35	36	0.8499	0.8691	0.2962
36	37	0.5501	0.6986	0.4293
36	38	0.6004	0.7528	0.6174
36	41	0.5005	0.5596	0.4535
37	38	0.7502	0.7166	0.4332
37	39	0.6002	0.5434	0.5006
37	40	0.5002	0.6369	0.6097
38	39	0.9005	0.5999	0.3841
38	41	0.8502	0.4689	0.7583
39	40	0.8002	0.4711	0.5715
39	41	0.8999	0.5030	0.5527
39	43	0.6501	0.4657	0.5462
40	41	0.9993	0.4463	0.7073
40	42	0.7003	0.5912	0.4869
40	43	0.5499	0.6002	0.4849
40	44	0.8999	0.5110	0.6136
41	42	0.9499	0.6384	0.3498
41	43	0.9991	0.6655	0.6722
41	44	0.9995	0.5181	0.5296
42	43	0.9496	0.5903	0.5536
42	44	0.8495	0.3824	0.6256
43	44	0.7502	0.5150	0.5380
