0	1	0.9984	0.7355	0.4091
0	2	0.8995	0.5039	0.4789
0	3	0.5997	0.8424	0.3954
0	16	0.6007	0.4431	0.7091
1	2	0.9499	0.6045	0.3008
1	3	1.0000	0.6061	0.6363
1	4	0.7001	0.5467	0.4688
1	15	0.5506	0.3340	0.6100
1	16	0.5518	0.4385	0.4694
2	3	1.0000	0.8021	0.3407
2	4	0.9986	0.4399	0.4808
2	5	0.9993	0.6188	0.4639
2	6	0.9995	0.4987	0.3898
2	10	0.7497	0.6221	0.7725
2	11	0.6508	0.5545	0.4305
2	13	0.6001	0.6445	0.5168
2	15	0.8992	0.7105	0.5844
2	16	0.5006	0.4361	0.4913
3	4	0.9986	0.6601	0.1585
3	5	0.7002	0.4773	0.4212
3	6	0.7999	0.6341	0.3658
4	5	0.7997	0.5991	0.5582
4	6	0.9979	0.7293	0.4787
5	6	0.9493	0.6747	0.5375
6	7	0.8985	0.8481	0.5608
6	8	0.5512	0.4704	0.3729
6	9	0.6501	0.4694	0.6770
6	10	0.5499	0.5459	0.5882
7	8	0.9978	0.6274	0.3006
7	9	0.5503	0.5765	0.7203
8	9	1.0000	0.7021	0.4856
8	10	0.6502	0.4017	0.4092
9	10	0.9990	0.7697	0.1081
10	11	0.9991	0.8677	0.2840
10	12	0.9509	0.6071	0.6003
10	13	0.8505	0.6948	0.3983
10	14	0.6497	0.5228	0.7817
10	15	0.6508	0.5916	0.5145
10	16	0.6503	0.7053	0.3766
11	12	0.8499	0.5162	0.4400
11	13	0.9986	0.5712	0.6356
11	14	0.9976	0.8824	0.4952
11	15	0.9997	0.5510	0.5729
11	16	0.9985	0.4500	0.4694
12	13	0.9990	0.4854	0.4732
12	14	0.8501	0.4052	0.5564
12	15	0.9498	0.5623	0.5601
12	16	0.7998	0.5147	0.4413
13	14	0.9983	0.9408	0.5235
13	15	0.9994	0.7094	0.4739
13	16	0.9989	0.5385	0.5477
14	15	0.9989	0.4890	0.3536
14	16	0.9996	0.4307	0.5927
15	16	0.9997	0.6529	0.4256
