0	1	0.9995	0.5637	0.4517
0	2	0.8494	0.6684	0.3621
0	3	0.5511	0.2851	0.6123
0	13	0.5507	0.6753	0.4119
0	15	0.5002	0.5947	0.4346
1	2	0.9988	0.4720	0.3260
1	13	0.8500	0.7752	0.4397
1	14	0.7988	0.6403	0.5429
1	15	0.7997	0.6396	0.4065
2	3	0.9995	0.6911	0.3260
2	7	0.7502	0.5101	0.5139
2	10	0.9994	0.5947	0.4095
2	13	0.6998	0.3797	0.5934
2	14	0.9481	0.5354	0.5781
2	15	0.7993	0.5106	0.5312
3	4	0.9994	0.6726	0.6264
3	5	0.9998	0.6670	0.4954
3	6	0.9985	0.5346	0.6551
3	7	0.9994	0.8102	0.6131
3	8	0.7997	0.3130	0.2309
3	9	0.9990	0.3865	0.4950
3	10	0.9989	0.5242	0.4970
3	12	0.6000	0.6426	0.4018
3	13	0.5501	0.5044	0.5397
3	14	0.9973	0.4825	0.7321
3	15	0.7502	0.5275	0.5622
4	5	0.9989	0.5190	0.5124
4	6	0.8997	0.4561	0.8226
4	7	0.8001	0.5371	0.6414
4	8	0.6497	0.5938	0.1397
4	9	0.9522	0.8009	0.3815
4	10	0.9981	0.5806	0.6979
4	14	0.7213	0.6099	0.4481
5	6	1.0000	0.6799	0.5449
5	7	0.9994	0.6412	0.6889
5	8	0.5009	0.4117	0.2710
5	9	0.9498	0.4652	0.5258
5	10	0.9989	0.5304	0.5775
5	12	0.6514	0.4005	0.3724
5	14	0.7002	0.5784	0.4581
6	7	0.9001	0.8748	0.4254
6	9	0.5504	0.7045	0.4953
6	10	0.7990	0.4272	0.5003
7	8	0.6002	0.6809	0.2033
7	9	0.9494	0.8109	0.4929
8	9	0.8994	0.5265	0.5318
8	10	0.5012	0.2236	0.2817
9	10	0.9991	0.7494	0.2509
10	11	0.9000	0.8076	0.3658
10	12	0.6500	0.7438	0.5070
10	13	0.6008	0.7025	0.5729
10	14	0.8494	0.5949	0.5535
10	15	0.8998	0.5824	0.5631
11	12	0.9988	0.6575	0.7399
11	13	0.9501	0.5506	0.4679
11	14	0.9997	0.5817	0.4073
11	15	0.9976	0.5586	0.6913
12	13	0.9993	0.7898	0.5286
12	14	0.9992	0.5254	0.4692
12	15	0.5508	0.5822	0.5361
13	14	0.8998	0.5962	0.4430
13	15	0.8995	0.5344	0.6974
14	15	0.9975	0.5146	0.6533
14	16	0.5009	0.4706	0.3000
15	16	0.9493	0.9616	0.1424
16	17	1.0000	0.7265	0.3520
16	18	0.8494	0.5904	0.5152
16	19	0.9000	0.6017	0.3054
17	18	0.9488	0.8465	0.6124
17	19	0.9500	0.5820	0.4085
18	19	0.9988	0.7252	0.2895
