0	1	0.9982	0.9122	1.0000
0	8	0.9999	0.7471	0.2183
0	9	1.0000	0.2232	0.6774
1	2	0.9993	0.9981	0.0321
1	3	0.9924	0.7749	0.5688
1	4	0.9985	0.3309	0.9683
1	5	0.9987	0.2178	0.3944
1	6	0.9986	0.1191	0.8245
1	7	1.0000	0.1772	0.0681
1	8	0.9969	0.9560	0.6619
1	10	1.0000	0.2250	0.8727
1	11	0.9999	0.5672	0.2951
2	3	0.9964	0.0762	0.2876
2	8	0.9957	0.0000	0.9944
2	9	0.9987	0.7139	0.1947
3	4	0.9996	0.9385	0.4947
3	7	0.9969	0.8212	0.6504
3	8	0.9959	0.6341	0.5737
3	9	0.9993	0.2239	0.1244
3	10	0.9989	0.5652	0.5087
3	11	1.0000	0.3911	0.7149
4	5	0.9998	0.4868	0.4895
4	6	0.9989	0.0720	0.3243
4	7	0.9942	0.2461	0.4706
5	6	1.0000	0.9842	0.3507
5	7	1.0000	0.9978	0.2264
6	7	0.9980	0.3435	0.1258
7	8	1.0000	0.9243	0.2977
7	10	1.0000	0.5581	0.4974
8	9	0.9991	0.5658	0.5828
8	10	0.9978	0.5634	0.2898
9	10	1.0000	0.8900	0.1687
10	11	1.0000	0.7050	0.8307
