0	5	0.8996	0.5824	0.5717
0	6	0.8997	0.5805	0.6062
0	7	0.7002	0.6625	0.5130
0	8	0.8502	0.7169	0.3412
0	15	0.6005	0.3782	0.2682
0	20	0.9992	0.6165	0.4655
0	24	0.7992	0.5844	0.5723
1	6	0.8000	0.5388	0.5799
1	8	0.6512	0.4741	0.5609
2	3	0.7498	0.9716	0.4236
2	4	0.5001	0.8339	0.4264
3	4	0.8001	0.6595	0.3466
3	5	0.6498	0.4311	0.0920
3	21	0.7003	0.6545	0.4857
4	5	0.9977	0.8270	0.2590
4	6	0.7992	0.6099	0.7839
4	8	0.9479	0.8871	0.4820
4	20	0.5511	0.7290	0.5359
5	6	0.9982	0.3526	0.6713
5	7	0.9511	0.4730	0.5206
5	8	0.9996	0.6849	0.4399
5	9	0.8997	0.5721	0.4227
5	20	0.9499	0.5483	0.4779
5	24	0.5506	0.6349	0.5137
6	7	0.9992	0.7921	0.3655
6	8	0.9997	0.5769	0.4793
6	9	0.9004	0.6434	0.3085
6	18	0.5015	0.4905	0.4684
6	20	0.9985	0.6256	0.7274
6	21	0.5012	0.5298	0.2007
6	24	0.8499	0.3545	0.6222
7	8	0.9998	0.6153	0.3308
7	9	0.5511	0.5855	0.5965
7	20	0.8499	0.5235	0.4816
7	24	0.6508	0.6230	0.4601
8	9	0.9992	0.5049	0.4152
8	13	0.6002	0.3958	0.4361
8	15	0.9491	0.4850	0.4904
8	16	0.5504	0.5029	0.4606
8	18	0.5504	0.6249	0.4151
8	19	0.6997	0.4359	0.5970
8	20	0.9997	0.5403	0.5440
8	24	0.9995	0.5274	0.6401
9	10	0.9996	0.7006	0.3859
9	11	0.9495	0.6024	0.4751
9	13	0.9990	0.7086	0.7463
9	15	0.8492	0.4810	0.5221
9	16	0.8992	0.6706	0.6213
9	17	0.6739	0.5740	0.4147
9	18	0.8492	0.7580	0.4393
9	19	0.9483	0.7508	0.5128
9	20	0.9998	0.6193	0.3645
9	24	0.9991	0.4729	0.3544
10	11	0.9989	0.7078	0.6048
10	12	0.5508	0.4920	0.3171
10	13	0.9986	0.5353	0.6402
10	14	0.5003	0.4542	0.4958
10	15	0.9495	0.5559	0.5021
10	16	0.7501	0.5387	0.5564
10	17	0.9482	0.5153	0.5503
10	18	0.9525	0.2632	0.5635
10	19	0.8991	0.3272	0.5113
10	20	0.9987	0.3558	0.6032
11	12	0.9485	0.9570	0.6808
11	13	0.9982	0.5615	0.6469
11	14	0.5998	0.6347	0.5347
11	15	0.9994	0.6467	0.4487
11	16	0.9973	0.7776	0.7344
11	17	0.9497	0.6025	0.4779
11	18	0.5495	0.8497	0.5170
11	20	0.6494	0.5389	0.5767
12	13	0.9500	0.5578	0.0880
12	16	0.7005	0.6130	0.6201
13	14	0.9487	0.6268	0.4425
13	15	0.9993	0.5921	0.4480
13	16	0.9984	0.5567	0.5106
13	17	0.9989	0.5792	0.5094
13	18	0.7992	0.5237	0.3604
13	19	0.9991	0.3661	0.5215
13	20	0.9988	0.5277	0.3812
14	15	0.5502	0.5622	0.3956
14	16	0.8000	0.4481	0.5907
14	17	0.7004	0.5936	0.5588
14	18	0.5513	0.2513	0.5049
14	19	0.7495	0.4294	0.5522
14	20	0.8992	0.6854	0.4653
15	16	0.9996	0.6042	0.6167
15	17	0.9493	0.5474	0.5447
15	18	0.9494	0.7819	0.3460
15	19	0.8005	0.4897	0.5915
15	20	0.9500	0.5573	0.4633
16	17	0.9979	0.5230	0.6732
16	18	0.9495	0.5061	0.5083
16	19	0.7006	0.3167	0.3987
16	20	0.7494	0.4020	0.3834
17	18	0.9993	0.8830	0.4556
17	19	0.8499	0.5628	0.5565
17	20	0.7503	0.4659	0.4755
18	19	0.8003	0.5186	0.3997
18	20	0.9983	0.6318	0.3459
19	20	0.9984	0.6310	0.3345
20	21	0.7003	0.9254	0.3759
20	23	0.8498	0.4007	0.6550
20	24	0.9999	0.5200	0.4797
21	22	0.9002	0.7848	0.4206
23	24	0.9559	0.3805	0.0514
