0	1	0.9002	0.8038	0.5703
0	2	1.0000	0.6721	0.6470
0	3	0.8995	0.7036	0.6187
1	2	0.8978	0.5476	0.4783
1	3	0.9995	0.6989	0.5482
2	3	0.9993	0.6461	0.5636
2	4	0.8999	0.5078	0.4559
2	5	0.7501	0.5301	0.4943
3	4	0.9998	0.8229	0.3909
3	5	0.9997	0.6231	0.5283
4	5	0.9999	0.5459	0.4177
4	6	0.9994	0.3953	0.6316
5	6	0.9999	0.7573	0.4938
5	7	0.8000	0.4309	0.5170
5	8	0.6484	0.5579	0.4464
6	7	1.0000	0.7816	0.4833
6	8	0.9997	0.5807	0.5836
7	8	0.9999	0.6938	0.4062
7	9	0.9997	0.6463	0.5733
7	10	0.5508	0.7065	0.4174
8	9	1.0000	0.6848	0.4755
8	10	0.9994	0.5864	0.4572
8	11	0.7010	0.6439	0.3669
8	13	0.5448	0.3734	0.3680
9	10	1.0000	0.5407	0.5462
9	11	0.9998	0.6147	0.4326
9	13	0.5998	0.4284	0.3976
10	11	0.9497	0.6365	0.5892
10	12	0.9501	0.5728	0.4771
10	13	0.9987	0.5577	0.5709
11	12	1.0000	0.6643	0.4386
11	13	0.9991	0.5278	0.5913
12	13	0.9992	0.5083	0.2825
