0	1	0.7504	0.6751	0.5304
0	2	0.6505	0.6497	0.5397
0	4	0.9995	0.7361	0.7782
0	5	0.6002	0.8055	0.4743
1	2	0.8998	0.6505	0.5194
1	3	0.6503	0.7682	0.6371
1	4	0.9486	0.8062	0.6967
2	3	0.9995	0.8470	0.6329
2	4	0.9998	0.6804	0.5029
3	4	0.9998	0.7106	0.5521
4	22	0.6996	0.6022	0.4210
5	6	0.7008	0.7244	0.2354
6	7	0.9994	0.7007	0.5007
6	8	0.9495	0.5630	0.3507
6	10	0.5503	0.5463	0.3823
6	11	0.8991	0.5875	0.5168
6	14	0.9488	0.5416	0.5675
6	15	0.8997	0.6599	0.4335
7	8	0.9982	0.6654	0.3785
7	10	0.5503	0.6776	0.3344
7	11	0.8003	0.4298	0.4974
7	12	0.9498	0.7526	0.4108
7	14	0.9993	0.5399	0.6834
7	15	0.9997	0.6010	0.8252
7	16	0.7990	0.5290	0.4735
7	17	0.9001	0.4931	0.6593
7	18	0.9989	0.4220	0.5408
7	19	0.7994	0.2929	0.9157
7	20	0.9502	0.6372	0.6118
7	21	0.6493	0.3160	0.8485
7	22	0.9993	0.6059	0.6513
8	9	0.9997	0.8659	0.5254
8	10	0.9993	0.6161	0.5759
8	11	0.9494	0.5119	0.4485
8	12	0.9990	0.5399	0.5689
8	13	0.9988	0.5549	0.6420
8	14	0.9998	0.5191	0.5117
8	15	0.9482	0.8242	0.4060
8	16	0.8990	0.6999	0.5169
8	17	0.7690	0.5759	0.6762
8	18	0.9987	0.7117	0.5741
8	20	0.5502	0.4434	0.3933
8	22	0.6012	0.2307	0.5455
9	10	0.9994	0.5263	0.4059
9	12	0.8999	0.6650	0.5048
9	14	0.9999	0.4575	0.4829
9	15	0.9997	0.4401	0.6129
9	16	0.8991	0.5245	0.1899
9	18	0.8000	0.3812	0.3225
10	11	0.9989	0.6343	0.2960
10	12	0.9996	0.5000	0.5342
10	13	0.9494	0.7944	0.4585
10	14	1.0000	0.5288	0.4917
10	15	0.8991	0.6266	0.4800
10	16	0.6005	0.4425	0.3613
10	18	0.5012	0.2968	0.4162
10	22	0.7496	0.3276	0.5215
11	12	0.9995	0.5455	0.4443
11	13	0.7005	0.4339	0.5828
11	14	0.9998	0.4106	0.5017
11	15	0.9012	0.4585	0.5567
11	16	0.5006	0.2390	0.2634
12	13	0.9493	0.6588	0.6432
12	14	0.9992	0.4826	0.5301
12	15	0.6441	0.5565	0.3515
12	22	0.5474	0.2704	0.6205
13	14	0.9990	0.5811	0.4587
13	16	0.7490	0.3378	0.4641
13	17	0.6998	0.4845	0.5334
13	18	0.6005	0.4553	0.3693
14	15	0.9977	0.9026	0.5408
15	16	0.9494	0.5739	0.5616
15	17	0.9487	0.5996	0.6634
15	18	0.9491	0.4685	0.5241
16	17	0.8996	0.5225	0.5829
16	18	0.8499	0.4651	0.5801
17	18	0.9995	0.4970	0.5348
17	20	0.7504	0.6783	0.4017
18	19	0.9002	0.5944	0.4652
18	20	0.8499	0.5876	0.3556
18	21	0.7565	0.5736	0.4573
19	20	0.7504	0.7166	0.4069
20	21	0.9486	0.6699	0.5026
20	22	0.9499	0.6685	0.5175
21	22	0.9987	0.3343	0.1260
