0	1	0.9982	0.3685	0.6967
0	2	0.9496	0.5573	0.3907
0	4	0.9991	0.6180	0.7013
0	9	0.6507	0.6719	0.5591
0	10	0.9992	0.5389	0.2921
0	31	0.6497	0.6069	0.6808
1	2	0.9966	0.6388	0.0953
1	4	0.6002	0.2019	0.2416
1	5	0.5994	0.2295	0.4161
1	6	0.8003	0.1084	0.6212
1	31	0.9470	0.9094	0.2455
2	3	0.9978	0.5700	0.4653
2	4	0.7998	0.5756	0.7077
2	5	0.9980	0.7423	0.1646
2	6	0.9980	0.6333	0.3615
2	8	0.8986	0.7752	0.3892
2	9	1.0000	0.6239	0.5406
2	10	1.0000	0.5279	0.4526
2	11	0.9972	0.6750	0.1494
2	12	0.9997	0.7938	0.8684
2	13	0.9988	0.5140	0.5864
2	15	0.5564	0.2348	0.3657
2	18	0.5501	0.2562	0.1809
2	22	0.5011	0.3252	0.4273
2	30	0.6496	0.5515	0.5797
2	31	0.9493	0.2164	0.3170
3	4	0.7488	0.9828	0.4010
3	6	0.7486	0.8243	0.6487
3	9	0.6997	0.8252	0.3286
3	21	0.9499	0.9937	0.8597
3	25	0.6497	0.7567	0.8264
3	31	0.6500	0.7947	0.3331
4	9	0.6003	0.5968	0.3850
5	6	0.9958	0.9908	0.5441
5	7	0.9480	0.9227	0.9325
5	8	0.9978	0.7997	0.3100
5	9	0.8994	0.0209	0.2981
5	10	0.6497	0.1396	0.9164
5	11	0.6536	0.3917	0.2341
6	7	0.9978	0.8460	0.7242
6	8	0.9997	0.8484	0.6920
7	8	0.9975	0.8720	0.6262
8	9	0.9979	0.9274	0.0925
8	11	0.6008	0.4440	0.3627
8	12	0.9975	0.7046	0.2684
9	10	0.9992	0.6049	0.2400
9	11	0.5503	0.1397	0.1069
9	12	0.9999	0.3401	0.9518
9	13	0.7913	0.5867	0.1938
10	11	0.9998	0.9966	0.2297
10	12	0.9981	0.7247	0.7596
10	13	0.9974	0.7538	0.6184
10	14	0.9981	0.9202	0.5215
10	15	0.9995	0.6190	0.3810
10	18	0.9996	0.6931	0.2953
10	30	0.9972	0.4966	0.6739
10	31	0.5510	0.6730	0.2207
11	12	0.9993	0.6242	0.1884
11	13	0.9000	0.5948	0.8062
11	14	0.8973	0.7067	0.0582
12	13	1.0000	0.6145	0.4413
12	14	1.0000	0.3733	0.6473
12	15	0.9470	0.6518	0.0135
13	14	0.9995	0.7559	0.5662
13	15	0.9993	0.7162	0.5297
13	18	0.9995	0.8563	0.5122
14	15	0.9999	0.5465	0.1543
14	16	1.0000	0.1690	0.8921
14	17	0.9499	0.5797	0.6516
14	18	0.8618	0.2759	0.0020
15	16	0.9983	0.9941	0.6209
15	17	0.9995	0.2350	0.6833
15	18	0.9998	0.5352	0.4712
15	19	0.5495	0.9655	0.4582
15	22	0.9996	0.8229	0.4815
15	30	0.9483	0.4248	0.4039
16	17	1.0000	0.9278	0.1209
16	18	0.9999	0.4214	0.9470
16	21	0.7004	0.4149	0.6508
17	18	0.9977	0.3859	0.0342
18	19	0.9989	0.9497	0.2108
18	22	0.9998	0.6855	0.4712
18	30	0.9980	0.3896	0.5723
19	20	0.9990	0.7765	0.5237
19	21	0.9992	0.7292	0.5413
19	22	0.9496	0.7104	0.7696
19	25	0.9495	0.3638	0.5177
19	26	0.6001	0.1912	0.5277
20	21	0.7996	0.3493	0.2796
21	22	0.5005	0.7382	0.0877
22	23	0.9995	0.9335	0.3819
22	24	0.5010	0.7621	0.2387
22	25	0.8494	0.6280	0.6607
22	27	0.8501	0.6687	0.4916
22	28	0.9994	0.8953	0.7216
22	29	0.5503	0.6697	0.5784
22	30	0.9988	0.4372	0.3528
23	24	0.9992	0.3838	0.7073
23	25	0.8993	0.1398	0.6487
23	26	0.8977	0.4382	0.8120
23	27	0.9982	0.4554	0.9217
23	28	0.9984	0.1897	0.8849
24	25	0.9968	0.7719	0.6120
24	26	0.7499	0.5296	0.5733
24	27	0.9977	0.6790	0.7473
24	28	0.9968	0.4930	0.5992
25	26	0.9982	0.5945	0.2299
25	27	0.9989	0.4997	0.5699
25	28	0.9990	0.5191	0.4731
26	27	0.9492	0.5491	0.5530
26	28	0.9990	0.5406	0.5141
27	28	0.8981	0.4823	0.5058
27	29	0.8993	0.3520	0.5847
28	29	0.9970	0.8557	0.3034
28	31	0.6498	0.7440	0.4663
29	30	1.0000	0.7275	0.4087
29	31	0.6004	0.5220	0.6512
29	32	0.9983	0.9445	0.6546
30	31	0.9986	0.6140	0.4947
30	32	0.7498	0.2574	0.1783
31	32	0.8999	0.6499	0.1952
