0	31	0.6445	0.5336	0.3466
0	32	0.6503	0.4223	0.2680
1	2	0.9999	0.6901	0.4115
1	3	0.9997	0.5935	0.4428
1	4	0.9987	0.4819	0.5026
1	5	0.9493	0.6250	0.2774
1	31	0.9991	0.7126	0.6558
1	32	0.9991	0.6388	0.2285
2	3	0.9998	0.5530	0.5378
2	4	0.9982	0.4785	0.5788
2	5	0.9000	0.4465	0.4473
2	6	0.9497	0.6612	0.5229
2	7	0.8499	0.7279	0.4209
2	19	0.9496	0.8347	0.6528
2	21	0.5502	0.7523	0.5205
2	30	0.7499	0.7272	0.7368
2	31	0.9987	0.5460	0.6018
2	32	0.9985	0.3374	0.2192
3	4	0.9997	0.4421	0.5135
3	5	0.9996	0.4023	0.5204
3	6	0.9991	0.4462	0.3506
3	7	0.9992	0.4245	0.4923
3	8	0.7506	0.2744	0.5975
3	9	0.5008	0.1442	0.2476
3	31	0.9988	0.5565	0.5127
3	32	0.9491	0.3210	0.2086
4	5	0.9997	0.4755	0.5238
4	6	0.9992	0.3872	0.3665
4	7	0.9991	0.2774	0.3991
4	32	0.5002	0.3344	0.4089
5	6	0.7003	0.5031	0.4330
5	7	0.9997	0.8340	0.3246
5	8	0.7009	0.7703	0.6420
6	7	0.9995	0.6510	0.5524
6	8	1.0000	0.5646	0.6795
6	9	0.9984	0.6589	0.2901
6	11	0.8505	0.6415	0.3930
6	12	0.7491	0.8595	0.4106
7	8	0.9997	0.4668	0.5253
7	9	0.9990	0.4724	0.4262
7	10	0.9998	0.5620	0.5085
7	11	0.9493	0.5630	0.2804
7	12	0.9489	0.6015	0.5570
8	9	0.9989	0.4306	0.4513
8	10	0.9999	0.5512	0.5309
8	11	0.7995	0.3917	0.3958
9	10	0.9990	0.5597	0.3290
9	11	0.9998	0.7414	0.3772
9	12	0.8503	0.6800	0.4979
10	11	0.9990	0.3945	0.4339
10	12	0.9998	0.2879	0.4666
10	13	0.9984	0.3647	0.3065
10	14	0.7004	0.3133	0.7313
10	15	0.6500	0.3110	0.3625
10	16	0.5009	0.1474	0.3745
11	12	0.9997	0.6419	0.4905
11	13	0.5488	0.6074	0.4922
11	14	0.9990	0.7960	0.8124
11	15	0.9002	0.7991	0.5556
11	16	0.5502	0.6290	0.3209
12	13	0.9997	0.4461	0.4524
12	14	0.9999	0.4193	0.6452
12	15	0.9996	0.4659	0.4913
12	16	0.8499	0.4608	0.3921
13	14	1.0000	0.6121	0.6113
13	15	0.9991	0.7328	0.3265
13	16	1.0000	0.7494	0.2981
13	17	0.6013	0.6592	0.5325
14	15	0.9992	0.6947	0.4239
14	16	0.9992	0.5327	0.2534
14	17	0.9991	0.3436	0.5395
14	18	0.7004	0.4920	0.5071
15	16	0.9490	0.6236	0.3768
15	17	0.9999	0.7216	0.5749
15	18	0.9501	0.6063	0.4447
16	17	0.9997	0.4399	0.4568
16	18	0.9993	0.4118	0.4607
16	19	0.7005	0.7840	0.3639
16	22	1.0000	0.5821	0.5258
17	18	0.9995	0.4629	0.3583
17	19	0.9984	0.4517	0.2200
17	21	0.7998	0.5221	0.3941
17	22	0.9494	0.4444	0.4261
17	23	0.8997	0.3850	0.4938
18	19	0.8996	0.3414	0.4899
18	21	0.8501	0.4731	0.4557
18	22	0.9986	0.2730	0.4422
18	23	0.6996	0.4126	0.4177
18	24	0.5507	0.4356	0.3133
19	21	0.9996	0.5757	0.5521
19	22	0.9999	0.5533	0.3685
19	23	0.9989	0.4961	0.6432
19	24	0.9991	0.6290	0.5051
19	25	0.5554	0.5645	0.2615
20	21	0.5514	0.5997	0.2214
20	29	0.5005	0.7764	0.2515
21	22	1.0000	0.5743	0.4734
21	23	0.9994	0.6706	0.5703
21	24	0.9494	0.5551	0.4957
21	25	0.8491	0.5855	0.3832
22	23	0.9999	0.4449	0.4971
22	24	0.9990	0.4828	0.5424
22	25	0.9988	0.5246	0.2624
22	26	0.9990	0.4215	0.2948
23	24	0.9999	0.5528	0.4898
23	25	0.9494	0.2456	0.3158
23	26	0.9989	0.3190	0.4594
24	25	0.9986	0.9352	0.3746
24	26	0.9991	0.3566	0.5237
24	27	0.5506	0.4641	0.6159
24	28	0.5003	0.4007	0.5339
24	29	0.8507	0.5994	0.5732
24	30	0.5998	0.5049	0.3048
25	26	0.9991	0.5610	0.2755
25	27	0.8192	0.6281	0.4470
25	29	0.9994	0.4437	0.5516
26	27	1.0000	0.8062	0.4920
26	28	0.9998	0.3426	0.5227
27	28	0.9998	0.4981	0.6290
27	29	0.8991	0.3515	0.3226
28	29	0.9988	0.2648	0.2468
30	31	1.0000	0.7972	0.3907
30	32	1.0000	0.6989	0.5513
31	32	1.0000	0.5001	0.5663
