0	1	0.9982	0.7964	0.1014
0	3	0.9497	0.6769	0.2430
1	2	0.9986	0.7633	0.4647
1	3	0.9997	0.4633	0.4608
1	4	0.9991	0.9543	0.7213
1	5	0.9998	0.6218	0.5072
1	6	0.9980	0.8938	0.5067
1	7	0.9999	0.6049	0.4161
2	3	1.0000	0.7369	0.2393
2	4	1.0000	0.4653	0.9340
2	5	0.7490	0.8188	0.0345
2	7	0.9501	0.4447	0.8937
2	12	0.9500	0.1127	0.3769
2	19	0.6008	0.5479	0.4046
2	20	0.7446	0.3240	0.5495
2	22	0.5006	0.5262	0.4460
3	4	0.9985	0.8950	0.5598
3	5	1.0000	0.7406	0.4586
3	6	0.6004	0.8277	0.4527
4	5	0.9996	0.8589	0.5196
4	6	0.5503	0.6965	0.5426
5	6	0.9987	0.9328	0.7486
6	7	0.9993	0.6827	0.2761
6	8	0.8500	0.4381	0.7265
7	8	0.9998	0.9411	0.2994
7	10	0.5504	0.1495	0.6502
7	11	0.9487	0.4247	0.3736
7	12	0.5502	0.6429	0.3381
7	15	0.5461	0.5448	0.5213
8	9	0.9987	0.9122	0.3743
8	10	0.9982	0.7784	0.3299
8	11	0.9998	0.5406	0.8383
8	12	0.5507	0.3982	0.4144
8	13	0.6504	0.6654	0.2957
8	14	0.9996	0.5250	0.6457
8	15	0.5504	0.2517	0.2920
8	22	0.5007	0.4373	0.3652
9	10	0.9979	0.6809	0.6877
9	14	0.5012	0.5702	0.4206
9	15	0.6018	0.5268	0.2849
10	11	0.7000	0.7355	0.3490
11	12	0.9498	0.6378	0.6111
11	14	0.5505	0.4662	0.6148
11	15	0.8993	0.5256	0.3431
12	13	0.7501	0.7934	0.4667
12	14	0.9498	0.8394	0.5973
12	15	0.9996	0.6698	0.4295
12	17	0.5504	0.3277	0.5733
13	14	0.9500	0.7380	0.4119
13	15	0.7002	0.2434	0.3221
13	20	0.5513	0.6507	0.4272
14	15	0.9989	0.8557	0.2007
14	17	0.8495	0.6749	0.4919
14	19	1.0000	0.6162	0.6474
14	20	0.5515	0.6594	0.4795
15	16	0.9482	0.4737	0.5326
15	17	0.9990	0.5717	0.5004
15	19	0.9482	0.2980	0.7043
16	17	0.9995	0.5345	0.4525
16	19	0.7503	0.7144	0.3915
16	20	0.6996	0.7381	0.5713
17	19	0.8999	0.7834	0.4626
17	20	0.5015	0.5371	0.2875
18	19	0.9491	0.7595	0.1099
18	20	0.9999	0.9216	0.6972
18	22	0.5007	0.6902	0.3547
19	20	1.0000	0.6657	0.4235
19	22	0.9495	0.5654	0.5578
20	21	0.9964	0.8949	0.5052
20	22	1.0000	0.6865	0.5303
21	22	0.9482	0.9130	0.2363
