0	1	0.9984	0.5232	0.5349
0	2	0.9495	0.4256	0.3598
0	3	0.9995	0.5296	0.5573
0	6	0.6505	0.5531	0.2614
1	2	0.9500	0.5937	0.2448
1	3	0.9995	0.6243	0.8084
1	6	0.5507	0.4883	0.2388
2	3	0.9994	0.3599	0.5105
2	4	0.8002	0.1609	0.4223
2	5	0.9500	0.7412	0.5401
2	6	0.9994	0.5142	0.3306
2	7	0.7503	0.7289	0.3964
2	8	0.8490	0.3323	0.7118
2	9	0.7998	0.5298	0.6664
2	10	0.9997	0.6423	0.4943
2	11	0.6504	0.4719	0.3199
3	4	0.9937	0.9867	0.5827
3	5	0.9495	0.7971	0.6244
3	6	0.9999	0.6616	0.4057
3	7	0.9000	0.8781	0.4451
3	9	0.9995	0.6715	0.7281
3	10	0.9995	0.5211	0.4994
4	5	0.9469	0.9376	0.0630
4	6	0.7979	0.7452	0.8333
4	8	0.6497	0.8172	0.4864
5	6	0.9987	0.7744	0.5386
5	7	0.9995	0.3319	0.5623
5	8	0.6994	0.3335	0.4116
5	9	0.8490	0.6170	0.3212
5	10	0.9989	0.7691	0.5703
5	11	0.8004	0.6538	0.6678
6	7	0.9489	0.8913	0.3643
6	8	0.9489	0.7206	0.5831
6	9	0.9983	0.3832	0.7071
6	10	0.9993	0.4183	0.5416
6	11	0.9992	0.3038	0.4342
6	12	0.9990	0.6453	0.3263
6	13	0.7002	0.9388	0.5542
6	14	0.9985	0.6277	0.5468
6	15	0.9999	0.6158	0.4287
6	19	0.7498	0.6799	0.6361
7	8	0.9976	0.4691	0.1065
7	9	0.7495	0.3045	0.2967
7	10	1.0000	0.3288	0.9713
7	11	0.8005	0.2594	0.6677
8	9	0.9979	0.5619	0.2141
8	10	0.9480	0.5349	0.6133
8	11	0.6005	0.1929	0.6076
8	12	0.6005	0.3718	0.3740
8	13	0.5027	0.3502	0.4797
8	14	0.6510	0.4464	0.1947
9	10	0.9998	0.7097	0.5028
9	11	0.7977	0.6101	0.4883
9	12	0.9489	0.5939	0.5159
9	13	0.7491	0.1977	0.6665
9	14	0.9982	0.6455	0.5469
9	15	0.9006	0.5132	0.4415
10	11	0.9990	0.6018	0.3618
10	12	0.9493	0.5932	0.4054
10	14	0.9987	0.6556	0.5260
10	15	0.6498	0.4286	0.3956
11	12	0.6499	0.6976	0.4301
12	13	0.7745	0.8047	0.4403
12	14	0.8001	0.6768	0.4018
12	15	0.9500	0.7424	0.3854
12	16	0.8997	0.7402	0.5879
13	14	0.5501	0.5053	0.4010
13	15	0.8495	0.4525	0.4865
14	15	0.9996	0.6996	0.4286
14	16	0.9994	0.6819	0.5107
14	17	0.9491	0.6799	0.6084
14	19	0.8494	0.5412	0.4792
14	20	0.5506	0.5050	0.5195
15	16	0.9998	0.5036	0.5094
15	17	0.9993	0.5606	0.5189
15	18	0.5503	0.6624	0.3884
15	19	0.9997	0.5888	0.5069
15	20	0.9994	0.5932	0.5312
15	21	0.7006	0.6235	0.4383
16	17	0.9997	0.5117	0.4706
16	18	0.8997	0.6717	0.5393
16	19	0.9997	0.5215	0.5458
16	20	0.9991	0.5597	0.5444
16	21	0.6505	0.4890	0.3868
17	18	0.9497	0.7758	0.6782
17	19	0.9998	0.5607	0.4615
17	20	0.9990	0.5732	0.5036
17	21	0.8004	0.5839	0.6472
17	22	0.9505	0.5398	0.3152
18	19	0.9990	0.7266	0.3421
18	20	0.9996	0.6521	0.6580
18	21	0.9989	0.6589	0.7522
18	22	0.9500	0.6613	0.4285
19	20	1.0000	0.6981	0.5309
19	21	0.9999	0.6666	0.5420
19	22	0.9987	0.6995	0.6035
19	26	0.8997	0.7170	0.4876
20	21	0.9999	0.5210	0.5191
20	22	0.9988	0.5229	0.4277
20	24	0.7990	0.5897	0.3411
20	25	0.5503	0.8382	0.3472
20	26	0.9996	0.6794	0.4283
20	27	0.9985	0.5544	0.3298
21	22	0.9984	0.8793	0.4204
21	23	0.8990	0.8721	0.5621
21	24	0.9485	0.6810	0.7631
21	25	0.5504	0.2569	0.5984
21	26	0.9997	0.5820	0.3979
21	27	0.8995	0.5876	0.4950
22	23	0.9485	0.5774	0.4355
23	24	0.9985	0.6713	0.3372
23	26	0.5999	0.4396	0.7799
23	27	0.7991	0.3488	0.7499
24	25	0.9494	0.4870	0.4140
24	26	0.9990	0.6817	0.5126
24	27	0.9986	0.6767	0.3522
25	26	0.9990	0.2930	0.3107
25	27	0.9991	0.3912	0.2297
25	29	0.7005	0.4154	0.2710
25	38	0.5259	0.3512	0.2830
25	39	0.5506	0.3306	0.6162
26	27	0.9999	0.5193	0.4131
26	28	0.8000	0.5803	0.6415
26	29	0.9999	0.6235	0.4228
26	30	0.8964	0.4655	0.4460
26	33	0.9489	0.5560	0.3217
26	34	0.6501	0.3620	0.5223
27	28	0.9969	0.9451	0.6309
27	29	0.9991	0.4429	0.2929
27	30	0.8995	0.5111	0.4675
27	33	0.9990	0.3770	0.1056
27	34	0.6489	0.4143	0.5835
29	30	0.9994	0.4725	0.4843
29	31	0.8991	0.2936	0.4750
29	33	0.8996	0.5350	0.2739
29	34	0.9494	0.5756	0.5541
29	35	0.7002	0.6063	0.4966
29	38	0.7005	0.5583	0.5939
29	39	0.9497	0.4929	0.7106
30	31	0.9991	0.5385	0.4332
30	32	0.9488	0.8963	0.6779
30	33	0.9984	0.3531	0.2774
30	34	0.9997	0.4562	0.5883
30	35	0.9984	0.5313	0.5806
30	38	0.9488	0.3205	0.4740
30	39	0.8992	0.3329	0.4330
31	32	0.9496	0.4542	0.4954
31	33	0.9500	0.2026	0.1674
31	34	0.9981	0.3841	0.7924
31	35	0.9975	0.5076	0.6651
31	36	0.6994	0.3775	0.6462
31	38	0.9480	0.2683	0.5916
32	33	0.9985	0.5917	0.1115
32	34	0.7992	0.7447	0.7393
32	38	0.6005	0.4327	0.4301
33	34	0.9987	0.3711	0.6064
33	35	0.9981	0.2599	0.6814
33	38	0.7996	0.3703	0.6074
33	39	0.9982	0.2966	0.5355
34	35	0.9997	0.7058	0.4975
34	36	0.6002	0.3930	0.4449
34	38	0.9492	0.5695	0.6275
34	39	0.9995	0.6120	0.6231
34	40	0.7004	0.3025	0.1304
35	36	0.9985	0.9960	0.3401
35	37	0.6002	0.8039	0.3761
35	38	0.9496	0.7079	0.5111
35	39	0.9475	0.5760	0.6628
35	40	0.8991	0.5967	0.2130
36	37	0.9476	0.7550	0.1291
36	38	0.7995	0.3298	0.3388
36	39	0.8488	0.3706	0.8056
37	38	0.9987	0.5533	0.2912
37	39	0.9996	0.4025	0.6999
37	40	0.7499	0.6310	0.4780
38	39	0.9999	0.5988	0.4870
38	40	0.9493	0.5906	0.2219
38	41	0.7503	0.4436	0.4896
39	40	0.9985	0.9289	0.1873
39	41	0.7523	0.8653	0.3975
40	41	0.7002	0.7666	0.2790
