0	1	0.9956	0.7055	0.4176
0	2	0.9998	0.5234	0.4394
0	3	0.9000	0.9162	0.5671
0	4	0.9999	0.6066	0.4305
0	5	1.0000	0.4849	0.7208
0	6	0.9998	0.6064	0.4204
0	9	0.9990	0.8406	0.4285
0	10	0.9991	0.5916	0.4686
0	15	0.9505	0.3077	0.9521
1	2	1.0000	0.6438	0.1854
1	3	0.9996	0.3936	0.9498
1	6	0.9998	0.4700	0.5660
1	10	0.9991	0.0680	0.9698
1	13	0.9993	0.0993	0.9817
1	15	0.9995	0.4764	0.3485
2	3	0.9973	0.8484	0.4959
2	4	0.9988	0.6592	0.4851
2	5	0.9997	0.5652	0.7651
2	6	0.9951	0.4112	0.1499
3	4	1.0000	0.4675	0.3965
4	5	0.9992	0.6610	0.6856
5	6	1.0000	0.5845	0.2713
5	9	0.9999	0.3951	0.5028
6	9	1.0000	0.6653	0.3536
6	10	0.9998	0.5764	0.4781
6	12	1.0000	0.9997	0.4539
6	13	0.6512	0.5341	0.3964
6	15	0.9978	0.3529	0.9003
7	8	0.9976	0.6645	0.0848
7	12	1.0000	0.0021	0.0151
8	9	0.9981	0.9936	0.0225
8	12	1.0000	0.8299	0.2542
9	10	0.9999	0.4788	0.4183
9	12	0.9999	0.3769	0.7470
9	13	0.9969	0.8808	0.0010
10	11	0.7488	0.9986	0.2576
10	12	0.9952	0.8210	0.5053
10	13	0.9998	0.5578	0.3812
10	15	1.0000	0.4531	0.8057
10	16	0.9497	0.0139	0.6882
10	17	0.9528	0.8788	0.0319
11	12	0.9996	0.8715	0.1516
11	13	0.9973	0.0261	0.9817
11	14	0.7024	0.0045	0.4736
11	17	0.9994	0.0692	0.8523
12	13	0.9992	0.6755	0.1701
12	17	0.9966	0.4704	0.0016
13	15	0.9993	0.5626	0.6860
13	16	0.9996	0.0927	0.8865
13	17	0.9980	0.6795	0.4672
14	18	0.9992	0.8051	0.4785
15	16	0.9973	0.9032	0.7105
15	17	1.0000	0.5487	0.6812
