0	1	0.9991	0.7498	0.4464
0	2	0.9999	0.6897	0.6305
0	3	0.9995	0.8885	0.5203
0	4	0.9991	0.8970	0.9427
0	5	0.9989	0.8943	0.7662
0	6	0.9995	0.8287	0.4818
0	7	0.8422	0.6547	0.5889
1	2	0.9984	0.6413	0.3871
1	3	0.9486	0.5872	0.2630
2	3	0.9985	0.8448	0.2973
2	4	0.9497	0.8751	0.9063
2	5	0.9491	0.8392	0.6362
2	6	0.7495	0.6493	0.4972
3	4	0.9997	0.7722	0.4990
3	5	0.9992	0.6972	0.4391
3	6	0.9975	0.6550	0.7031
4	5	0.9997	0.5414	0.4103
4	6	0.5504	0.4387	0.3449
4	7	0.8493	0.7151	0.3437
5	6	0.9987	0.5640	0.4803
5	7	0.9993	0.5969	0.3801
6	7	0.9995	0.6603	0.4607
7	8	0.9997	0.9043	0.3517
7	10	0.6210	0.3678	0.3017
8	9	0.6993	0.5911	0.4737
8	10	0.9995	0.4764	0.4150
8	11	0.8999	0.3672	0.8396
9	10	0.9967	0.5604	0.3392
9	11	0.6509	0.1948	0.7576
9	13	0.5002	0.3488	0.2779
10	11	0.9999	0.4438	0.5531
10	12	0.5009	0.4977	0.5269
10	29	0.6003	0.6124	0.6758
11	12	0.7002	0.9169	0.3837
11	13	0.9499	0.7792	0.3822
11	20	0.5007	0.5722	0.2072
11	33	0.5505	0.3546	0.3656
13	14	0.9988	0.5182	0.4371
13	15	1.0000	0.6536	0.6540
13	16	0.7020	0.5545	0.4382
13	35	0.6005	0.6857	0.3798
14	15	0.9996	0.8565	0.5279
14	16	0.9996	0.7757	0.5661
14	17	0.9495	0.9247	0.4387
15	16	0.9000	0.6307	0.6535
16	17	0.9987	0.9615	0.3724
16	18	0.8871	0.6043	0.3456
16	19	0.9983	0.6291	0.2508
16	20	0.8997	0.6178	0.4097
18	19	0.9998	0.6180	0.4281
18	20	1.0000	0.6210	0.5337
18	28	0.6501	0.7198	0.2704
18	32	0.5005	0.6490	0.6021
18	33	0.7007	0.7482	0.4137
19	20	0.9995	0.5549	0.3738
19	21	0.9999	0.5621	0.5588
19	22	0.9997	0.5048	0.7429
19	23	0.6503	0.4416	0.3050
19	25	0.5506	0.4600	0.3420
19	28	0.7001	0.2846	0.3321
19	30	0.9997	0.4130	0.7312
19	31	0.9987	0.3137	0.1795
19	32	0.5495	0.3991	0.6329
19	33	0.9490	0.4168	0.2657
19	34	0.9492	0.3855	0.8193
19	35	0.7000	0.3617	0.6717
20	21	1.0000	0.6255	0.5825
20	22	0.9998	0.7227	0.6398
20	23	0.6592	0.6280	0.4050
20	24	0.8000	0.6249	0.6374
20	25	0.6504	0.6922	0.3565
20	31	0.5011	0.6981	0.2957
21	22	0.9993	0.8557	0.4071
21	24	0.6015	0.6844	0.4277
21	25	0.6020	0.5720	0.5304
22	23	0.9996	0.7950	0.6049
22	25	0.7003	0.7247	0.6006
23	24	1.0000	0.6579	0.6179
23	25	0.9999	0.7012	0.5542
23	26	0.9501	0.7301	0.3974
23	28	0.8503	0.6316	0.3629
24	25	0.9998	0.7239	0.5218
24	26	0.9500	0.6136	0.7222
25	26	0.9999	0.7582	0.4422
25	28	1.0000	0.7517	0.4422
26	27	0.9472	0.9942	0.2057
26	28	0.9999	0.5418	0.5987
26	30	0.9493	0.8798	0.5880
26	31	0.5511	0.4427	0.6126
27	28	0.9492	0.5127	0.8517
28	29	0.9979	0.9338	0.2365
28	30	0.9998	0.7454	0.6989
28	31	0.9998	0.6082	0.5361
28	32	0.7501	0.5449	0.5509
28	33	0.9997	0.5554	0.4078
28	34	0.7994	0.5548	0.5305
28	35	0.9999	0.5772	0.5839
30	31	0.7498	0.6269	0.2679
31	32	0.9999	0.7540	0.4948
31	34	0.9999	0.7238	0.3828
31	35	0.9001	0.6017	0.5646
32	33	1.0000	0.7438	0.4789
32	34	0.8000	0.6649	0.3000
32	35	0.8497	0.7877	0.5060
33	34	0.9999	0.4816	0.5341
33	35	0.9997	0.4433	0.6198
34	35	0.9991	0.5627	0.4785
