0	1	0.9996	0.9937	0.1456
0	2	0.9002	0.9356	0.3273
0	3	0.9996	0.8602	0.5941
0	4	0.6504	0.5928	0.3967
0	27	0.7010	0.6469	0.6510
0	33	1.0000	0.8179	0.4642
0	34	0.9500	0.7308	0.3468
0	54	0.6999	0.4888	0.5380
1	2	0.9993	0.4728	0.4638
1	3	0.9996	0.4166	0.6147
1	4	0.9995	0.6930	0.2438
1	5	0.8498	0.6577	0.4124
1	27	0.7501	0.2667	0.7803
1	29	0.5494	0.4277	0.3522
1	30	0.9989	0.5009	0.6174
1	31	0.9998	0.2231	0.6286
1	32	0.8998	0.5611	0.5493
1	33	0.9995	0.4110	0.6040
1	34	0.9983	0.5164	0.1258
2	3	1.0000	0.5787	0.5846
2	4	0.9991	0.5024	0.4611
2	5	0.8983	0.4098	0.4697
2	6	0.5008	0.1576	0.4582
2	7	0.5001	0.3597	0.2294
2	30	0.9985	0.4021	0.4522
2	33	0.9984	0.3917	0.5995
2	34	0.8987	0.6220	0.3876
3	4	0.9996	0.5089	0.4851
3	5	0.9492	0.4302	0.5869
3	6	0.8993	0.4916	0.5180
3	7	0.8492	0.4216	0.4713
3	33	0.9975	0.8726	0.5273
3	34	0.9492	0.8482	0.3265
4	5	1.0000	0.7359	0.4487
4	6	0.9997	0.8010	0.4715
4	7	0.9999	0.8175	0.4262
4	8	0.9998	0.7515	0.3921
4	9	0.7004	0.7872	0.3702
5	6	1.0000	0.5354	0.5180
5	7	1.0000	0.4643	0.4582
5	8	0.9475	0.4626	0.4497
5	9	0.9997	0.4634	0.3814
5	10	0.9491	0.4074	0.4889
5	11	0.8003	0.3377	0.3978
6	7	1.0000	0.5982	0.4940
6	8	0.9999	0.5995	0.6077
6	9	0.9998	0.6697	0.4348
6	10	0.7504	0.6282	0.4766
6	11	0.7501	0.4959	0.5170
7	8	1.0000	0.4982	0.6009
7	9	0.9999	0.5352	0.4523
7	10	0.9997	0.5544	0.6271
7	11	0.9998	0.5628	0.5689
8	9	0.9003	0.5903	0.5209
8	10	0.9500	0.6591	0.5239
8	11	0.9997	0.6292	0.4567
9	10	0.9997	0.5817	0.4508
9	11	0.9999	0.5327	0.5294
9	13	0.5511	0.3878	0.4708
10	11	0.9994	0.5241	0.5585
10	12	0.7503	0.5166	0.5953
10	13	0.7997	0.4112	0.4660
10	14	0.6998	0.1912	0.5540
10	15	0.5754	0.4058	0.5951
10	16	0.5506	0.5762	0.5300
11	12	0.9988	0.4929	0.4314
11	13	0.9999	0.5258	0.4514
11	14	0.9953	0.4761	0.4584
11	15	0.9491	0.4463	0.4818
11	16	0.9994	0.6054	0.2634
11	17	0.6003	0.4606	0.5593
12	13	0.9997	0.4650	0.4549
12	14	0.9994	0.4738	0.3544
12	15	0.8501	0.4994	0.5833
13	14	0.9991	0.4996	0.4498
13	15	0.9993	0.5216	0.6150
13	16	0.9498	0.6050	0.4050
13	19	0.5502	0.5072	0.4642
14	15	1.0000	0.5740	0.5336
14	16	0.9491	0.4168	0.6117
14	17	0.9989	0.5648	0.4947
14	18	0.7996	0.5441	0.5315
14	19	0.9993	0.5760	0.4417
14	20	0.8996	0.3869	0.3982
15	16	0.9990	0.6436	0.7436
15	17	0.9494	0.4585	0.6665
15	18	0.7500	0.4540	0.4160
15	19	0.7004	0.5560	0.4499
15	20	0.6007	0.5489	0.5064
16	17	0.5506	0.3934	0.5147
18	19	0.8999	0.6440	0.5285
18	20	0.9998	0.6635	0.4794
18	21	0.8502	0.4351	0.4012
18	22	0.8002	0.7426	0.4052
18	23	0.9995	0.8326	0.4960
18	24	0.9995	0.7877	0.5906
19	20	1.0000	0.5231	0.4810
19	21	0.6505	0.3968	0.2829
19	22	0.9997	0.6508	0.5233
19	23	0.9996	0.6088	0.4836
19	24	0.9994	0.5565	0.5213
20	21	0.9993	0.3195	0.3533
20	22	0.9993	0.4753	0.4483
20	23	0.9996	0.5485	0.4430
20	24	0.9993	0.4561	0.4041
20	25	0.9497	0.3848	0.6336
21	22	0.6007	0.4704	0.2631
21	23	0.8500	0.5762	0.3674
21	24	0.8498	0.5283	0.2909
21	25	0.5009	0.4524	0.6237
22	23	0.9991	0.5228	0.4837
22	24	0.9995	0.5622	0.4864
22	25	0.8491	0.4384	0.8028
22	26	0.8502	0.5158	0.5017
22	27	0.7510	0.5929	0.5462
22	28	0.9001	0.6563	0.4006
22	29	0.7061	0.5466	0.3579
23	24	0.9996	0.5299	0.4486
23	25	0.9991	0.7073	0.8087
23	26	0.9500	0.5503	0.4380
23	27	0.9990	0.5782	0.5148
23	28	0.9493	0.4998	0.3592
24	25	0.9995	0.7838	0.4913
24	26	0.9495	0.5941	0.4945
24	27	0.9994	0.5498	0.4436
24	28	0.9991	0.4931	0.4006
24	29	0.9984	0.3969	0.2294
24	31	0.6502	0.4368	0.3302
24	32	0.6998	0.3683	0.2615
25	26	0.6500	0.8180	0.3721
25	27	0.9999	0.6693	0.4542
25	28	0.9498	0.6320	0.5173
25	29	0.6510	0.8422	0.3785
25	31	0.8000	0.8671	0.5156
26	27	0.9492	0.6197	0.5563
26	28	0.9494	0.5774	0.3896
26	29	0.8999	0.5736	0.2649
26	31	0.8998	0.6128	0.5676
26	32	0.8005	0.5190	0.6240
26	33	0.7001	0.5203	0.6324
27	28	0.9998	0.5504	0.4596
27	29	0.9996	0.5511	0.3651
27	30	0.7508	0.6696	0.5164
27	31	0.9999	0.6378	0.4996
27	32	0.9999	0.6941	0.4762
27	33	0.9997	0.8248	0.4839
27	34	0.5005	0.5794	0.3609
28	29	0.9999	0.4512	0.3394
28	30	0.9983	0.3665	0.4995
28	31	0.9994	0.4317	0.4247
28	32	0.9496	0.5308	0.5068
28	33	0.9986	0.4906	0.5212
29	30	0.9974	0.2248	0.4116
29	31	0.9979	0.3397	0.4217
29	32	0.9482	0.3144	0.4667
29	33	0.9977	0.3670	0.5008
30	31	0.9991	0.4846	0.3995
30	32	0.9994	0.4580	0.5534
30	33	0.9993	0.5268	0.4628
31	32	0.9982	0.4742	0.5881
31	33	0.9987	0.4931	0.4920
31	34	0.6028	0.3425	0.3165
32	33	0.9997	0.5562	0.4876
32	34	0.9500	0.4867	0.3086
33	34	0.9496	0.5422	0.3946
34	35	0.9998	0.6823	0.3722
34	36	0.9986	0.6507	0.6677
34	37	0.7028	0.5746	0.3359
35	36	0.9998	0.4401	0.6619
35	37	0.9997	0.4239	0.6451
35	38	0.9993	0.4945	0.4345
35	39	0.9994	0.4445	0.4316
35	40	0.9497	0.4260	0.3159
35	41	0.9489	0.4330	0.2890
36	37	0.9989	0.7296	0.6155
36	38	0.9988	0.7223	0.6229
36	39	0.9993	0.8024	0.5931
36	40	0.9997	0.6814	0.4806
36	41	0.8504	0.5652	0.4013
37	38	0.9993	0.7824	0.5339
37	39	0.9996	0.7572	0.5283
37	40	0.9995	0.7266	0.4486
37	41	0.9986	0.7572	0.5041
38	39	0.9997	0.5768	0.5370
38	40	1.0000	0.6088	0.5174
38	41	0.9998	0.5816	0.7328
38	42	0.9995	0.5241	0.5611
38	43	0.9991	0.5232	0.6085
38	44	0.6503	0.4653	0.5524
39	40	0.9997	0.5038	0.5076
39	41	0.9998	0.4889	0.6423
39	42	0.9495	0.6584	0.5279
39	43	0.5503	0.5156	0.5379
40	41	0.9999	0.5566	0.6384
40	42	0.9996	0.4567	0.5749
40	43	0.9994	0.4445	0.6431
40	44	0.9991	0.4926	0.4091
41	42	0.9995	0.5878	0.5114
41	43	0.9987	0.8765	0.5026
41	44	0.9987	0.8833	0.4834
41	45	0.7496	0.6134	0.4027
41	47	0.5498	0.8389	0.4054
42	43	0.9999	0.6781	0.4548
42	44	0.9998	0.7003	0.4923
42	45	0.9996	0.6961	0.3573
42	46	0.9006	0.6905	0.4468
42	47	0.9993	0.8996	0.2783
42	48	0.9986	0.8501	0.2952
43	44	0.9990	0.4816	0.4844
43	45	0.9996	0.4548	0.5946
43	46	0.9989	0.4310	0.5101
43	48	0.9995	0.4475	0.5317
43	49	0.7497	0.5692	0.3579
44	45	0.9998	0.5204	0.4998
44	46	0.9994	0.4616	0.5166
44	47	0.9492	0.5762	0.5335
44	48	0.9496	0.5038	0.4693
44	49	0.7999	0.4503	0.3307
45	46	0.9998	0.5801	0.4917
45	47	1.0000	0.6445	0.4953
45	48	0.9996	0.5685	0.4666
45	50	0.7505	0.5820	0.4206
46	47	1.0000	0.6155	0.3822
46	48	0.9998	0.5269	0.5194
46	49	0.8490	0.5230	0.4005
46	50	0.5506	0.5319	0.4379
47	48	0.9997	0.4921	0.5660
47	49	0.9996	0.5067	0.4625
47	50	0.9985	0.5265	0.5345
47	52	0.7482	0.4213	0.7167
48	49	0.9990	0.5935	0.4069
48	50	0.9987	0.3660	0.2819
49	50	0.9997	0.6294	0.4484
49	51	0.9994	0.6389	0.5519
50	51	0.9995	0.5611	0.5582
50	52	0.9982	0.4643	0.5530
50	54	0.9489	0.5282	0.5044
50	55	0.7495	0.5012	0.4632
50	56	0.6498	0.4347	0.3985
50	57	0.7494	0.3879	0.3986
51	52	0.9984	0.4984	0.6171
51	53	0.7007	0.4326	0.4740
51	54	0.9988	0.5597	0.5027
51	55	0.9494	0.5436	0.4265
51	56	0.8498	0.3533	0.3387
51	57	0.8491	0.6080	0.4852
52	53	0.9490	0.9255	0.7766
52	54	0.9994	0.6957	0.4640
52	55	0.9481	0.4296	0.4570
52	56	0.5511	0.3874	0.3293
52	57	0.7501	0.5093	0.4483
53	54	0.9991	0.7081	0.3645
54	55	0.9003	0.6939	0.4736
54	56	1.0000	0.7554	0.4709
54	57	0.9992	0.7994	0.6404
55	56	0.9488	0.4390	0.4801
55	57	0.9989	0.5184	0.4720
56	57	0.9986	0.4156	0.4249
57	58	0.5009	0.8654	0.2213
58	59	0.9507	0.8315	0.2382
58	62	0.8001	0.9204	0.4048
59	60	0.7996	0.6752	0.2722
59	62	0.8001	0.5339	0.3406
60	61	0.7479	0.5156	0.4156
60	62	0.9999	0.8679	0.3495
61	62	0.8485	0.6783	0.3807
