0	1	0.6501	0.3946	0.4205
0	10	0.5014	0.3100	0.5668
0	13	0.5508	0.4495	0.5894
1	2	0.8997	0.9072	0.5248
1	4	0.8487	0.3057	0.5325
1	5	0.6005	0.5508	0.5607
1	10	0.8499	0.6073	0.6331
1	11	0.6001	0.5488	0.5699
1	12	0.7502	0.6349	0.3892
1	13	0.6501	0.4613	0.5552
2	3	0.5505	0.6902	0.2911
2	4	0.8499	0.6444	0.6555
3	4	0.9988	0.5150	0.4931
3	6	0.6501	0.4209	0.3144
3	10	0.6997	0.4824	0.7448
4	5	0.9988	0.6218	0.8504
4	6	0.9987	0.4766	0.4215
4	7	0.8496	0.3644	0.5395
4	8	0.8497	0.3876	0.7028
4	9	0.8986	0.5220	0.6053
4	10	0.9996	0.6107	0.4829
4	11	0.8992	0.4713	0.4247
4	12	0.7493	0.4076	0.2488
4	13	0.9986	0.4622	0.7607
5	6	0.8496	0.6927	0.4674
5	10	0.9987	0.9508	0.7916
5	11	0.9488	0.8295	0.5526
5	12	0.5504	0.4195	0.3786
6	7	0.9979	0.9903	0.2674
6	8	0.9989	0.7061	0.6386
6	9	0.9994	0.6352	0.4516
6	10	1.0000	0.5604	0.4991
6	11	0.9991	0.3910	0.4245
6	12	0.6991	0.7080	0.2732
6	13	0.6497	0.4807	0.5352
7	8	0.9474	0.6627	0.0252
7	9	0.9987	0.3170	0.5829
7	10	0.9991	0.4725	0.4178
7	11	0.8489	0.5042	0.5012
8	9	0.9991	0.4609	0.4484
8	10	0.9500	0.5906	0.5338
8	11	0.9995	0.6790	0.4257
8	12	0.8002	0.4241	0.5426
9	10	0.9993	0.4195	0.4046
9	11	0.9992	0.3092	0.4372
9	12	0.6004	0.3195	0.3259
9	13	0.6504	0.0946	0.8196
10	11	0.9996	0.8066	0.4883
11	12	0.9988	0.9059	0.3881
11	13	0.8983	0.8023	0.5570
12	13	0.9994	0.7058	0.3527
12	14	0.5509	0.8072	0.2882
13	14	0.6004	0.4884	0.3935
