0	1	0.9980	0.9148	0.7247
0	2	0.5999	0.8013	0.6748
0	3	0.9999	0.6588	0.5034
0	4	0.9968	0.9920	0.4260
0	5	1.0000	0.9853	0.6082
0	6	0.9999	0.5374	0.4111
0	10	0.9996	0.4868	0.4494
0	13	0.6502	0.5412	0.1846
0	16	0.9983	0.2942	0.4449
0	18	0.9995	0.4435	0.7782
0	19	0.6508	0.1752	0.4608
0	21	1.0000	0.3514	0.6904
0	22	0.9999	0.2775	0.7448
0	23	1.0000	0.0657	0.7018
1	2	0.9998	0.7792	0.7814
1	3	1.0000	0.6409	0.4974
1	4	0.9995	0.0489	0.9977
1	5	1.0000	0.4413	0.5832
1	6	0.9992	0.7212	0.0483
1	21	0.5007	0.6852	0.9364
1	22	0.9994	0.8710	0.3194
1	23	0.5001	0.9032	0.1633
2	3	0.9972	0.4733	0.1597
2	5	0.9499	0.5285	0.8365
2	22	0.9487	0.8230	0.2900
2	23	0.7504	0.5686	0.1446
3	4	0.9971	0.9980	0.3208
3	5	0.9977	0.6978	0.5508
3	6	1.0000	0.5095	0.4058
3	10	0.9999	0.4997	0.5739
3	13	0.9978	0.4370	0.6723
3	16	0.9982	0.1857	0.4629
3	18	0.9998	0.3579	0.9750
3	21	0.9988	0.4389	0.8715
3	22	0.8001	0.1093	0.3286
3	23	0.9501	0.0011	0.6614
4	5	0.9988	0.9915	0.0894
4	6	0.9999	0.0197	0.9527
5	6	0.9989	0.6736	0.1630
5	9	1.0000	0.0887	0.9721
6	7	0.7497	0.9078	0.1481
6	9	0.9963	0.7828	0.7566
6	10	1.0000	0.4927	0.4788
6	12	0.9000	0.9914	0.6341
6	13	0.9999	0.5369	0.4519
6	16	0.9976	0.4332	0.3676
6	18	0.9994	0.3682	0.8464
6	21	0.9978	0.3087	0.7313
7	8	1.0000	0.8378	0.5216
7	9	0.9991	0.2384	0.1794
7	11	0.7845	0.6574	0.3707
8	9	0.9974	0.2096	0.1090
8	11	0.9498	0.5496	0.7661
8	12	0.9955	0.4248	0.1994
9	10	1.0000	0.7685	0.2487
9	11	0.6491	0.1509	0.2625
9	12	0.9931	0.3017	0.8622
9	13	0.9483	0.6878	0.0000
10	11	1.0000	0.9881	0.0658
10	12	0.9981	0.6901	0.6730
10	13	1.0000	0.5205	0.4476
10	16	0.9997	0.5617	0.4116
10	18	0.9993	0.6527	0.5672
10	21	0.9968	0.5912	0.6502
11	12	0.9977	0.2619	0.0870
11	13	0.9993	0.0239	0.9384
11	14	0.9187	0.1286	0.6704
11	15	0.5507	0.5970	0.4032
12	13	0.9992	0.6511	0.1256
12	15	0.9998	0.0597	0.8385
13	14	0.8996	0.9985	0.2427
13	15	0.9990	0.9944	0.4366
13	16	1.0000	0.5730	0.4170
13	18	0.9999	0.6208	0.4889
13	21	0.9989	0.6290	0.5071
14	15	0.9978	0.7574	0.1621
14	16	0.7499	0.3387	0.9086
14	17	0.8996	0.3127	0.2454
15	16	0.9970	0.4408	0.1553
15	17	0.9465	0.3806	0.4890
15	18	0.7994	0.4010	0.0664
15	19	0.6503	0.2127	0.7413
16	17	0.9996	0.7041	0.4758
16	18	0.9993	0.5642	0.5261
16	19	0.9997	0.9996	0.5736
16	20	0.7998	0.6797	0.8744
16	21	0.9999	0.6267	0.4139
17	18	0.9988	0.5287	0.2652
17	19	0.9998	0.2050	0.7731
17	20	1.0000	0.3664	0.6761
17	21	0.9973	0.4178	0.0263
18	19	0.9986	0.9511	0.7362
18	20	0.9998	0.5594	0.9990
18	21	0.9994	0.6032	0.4816
19	20	0.9976	0.5774	0.0837
19	21	0.9996	0.5664	0.4529
19	22	0.8007	0.1756	0.7551
20	21	0.9980	0.9373	0.1227
21	22	0.9499	0.9874	0.5066
21	23	0.7097	0.7226	0.3845
