0	1	0.9992	0.8722	0.4814
0	2	0.6502	0.4479	0.6292
0	3	0.9988	0.4768	0.5043
0	4	0.9001	0.7782	0.6289
0	5	0.7504	0.5396	0.5011
0	6	0.8498	0.6256	0.5447
1	2	0.9977	0.5488	0.3821
1	3	0.8009	0.5985	0.5302
1	5	0.5494	0.3654	0.4420
2	3	0.7992	0.6617	0.0764
2	18	0.5498	0.6001	0.1529
3	4	1.0000	0.8240	0.6784
3	5	0.9989	0.2831	0.7192
3	6	0.9998	0.6410	0.4705
3	7	0.8501	0.7476	0.6288
3	8	0.7999	0.4500	0.5768
3	9	0.9991	0.5774	0.5160
3	11	0.8502	0.5816	0.4433
3	13	0.7494	0.5369	0.5470
4	5	0.7992	0.9428	0.3705
4	6	0.9002	0.6582	0.7372
4	8	0.5001	0.5124	0.5141
4	9	0.6002	0.3991	0.4498
5	6	0.9473	0.8843	0.2102
5	7	0.8489	0.4808	0.9322
5	9	0.9976	0.6778	0.3132
6	7	0.9502	0.8570	0.6670
6	8	0.9502	0.2853	0.8670
6	9	0.8148	0.4765	0.5419
6	11	0.5485	0.4368	0.4127
6	13	0.7993	0.4916	0.4564
7	8	0.8986	0.7006	0.2895
7	9	0.8501	0.4743	0.6529
7	11	0.5003	0.6346	0.6831
8	9	0.9972	0.8596	0.3429
8	11	0.7995	0.5407	0.5155
8	12	0.5995	0.7212	0.5849
8	15	0.5004	0.6840	0.5325
9	10	0.9495	0.5477	0.9132
9	11	0.9998	0.5799	0.5213
9	12	0.6007	0.4362	0.5353
9	13	0.9999	0.6251	0.4321
9	14	0.5503	0.3715	0.5312
9	15	0.9487	0.4849	0.5119
10	11	0.9501	0.9003	0.6638
10	12	0.5001	0.7270	0.5554
10	13	0.9481	0.8249	0.8962
10	15	0.9487	0.9232	0.6453
10	16	0.8500	0.6730	0.5403
11	13	0.9991	0.6753	0.6211
11	14	0.6505	0.5817	0.4060
11	15	0.7003	0.6174	0.5010
12	13	0.8989	0.5095	0.3615
13	14	0.8996	0.7332	0.5254
13	15	0.9988	0.7105	0.6507
13	16	0.7991	0.7050	0.2994
13	18	0.6998	0.5202	0.5123
14	15	0.9984	0.5548	0.5874
14	16	0.9996	0.5066	0.6613
14	17	0.8500	0.6006	0.5486
14	18	0.8000	0.5299	0.2627
15	16	0.9495	0.6235	0.5786
15	17	0.9501	0.5289	0.6148
15	18	0.8988	0.5176	0.6485
15	19	0.5002	0.5433	0.4044
15	21	0.5513	0.6315	0.5639
16	17	0.8993	0.5185	0.3877
16	18	0.6503	0.5519	0.4624
18	19	0.8996	0.7333	0.3152
18	21	0.9490	0.5802	0.7037
18	22	0.7495	0.4974	0.5174
18	23	0.6507	0.5310	0.4767
19	20	0.9986	0.9925	0.3999
19	21	0.9499	0.5713	0.4995
20	21	0.5009	0.7293	0.3401
21	22	0.9993	0.8016	0.6700
21	23	0.9488	0.8495	0.4936
21	24	0.9988	0.6270	0.5741
21	25	0.8985	0.7889	0.5729
22	23	0.9493	0.6477	0.4358
22	24	0.9987	0.5989	0.5869
22	25	0.5998	0.5575	0.5291
23	24	0.7501	0.4450	0.5260
23	25	0.6004	0.2552	0.5835
24	25	0.8998	0.8334	0.4193
25	26	0.7993	0.7965	0.3203
26	27	0.9500	0.7059	0.3943
27	28	0.6499	0.8050	0.3164
28	29	0.9994	0.8493	0.1864
28	30	0.9497	0.6474	0.9304
29	30	0.9991	0.7023	0.6609
29	31	0.9986	0.2418	0.6285
29	32	0.9991	0.4686	0.3555
29	34	0.8499	0.3453	0.9082
29	35	0.9987	0.5406	0.4988
30	31	0.9478	0.8362	0.5196
30	32	0.8002	0.7628	0.7377
30	33	0.6504	0.4349	0.3805
30	34	0.7489	0.7324	0.4469
30	35	0.8003	0.6221	0.3693
30	37	0.7005	0.4532	0.5706
31	32	0.9972	0.7136	0.1588
31	34	0.9498	0.6173	0.8271
31	35	0.9991	0.6372	0.4169
31	36	0.8994	0.7876	0.7247
31	37	0.9992	0.7500	0.1392
32	33	0.7920	0.9081	0.3556
32	34	0.9995	0.2797	0.8968
32	35	0.9992	0.4442	0.4763
32	36	0.5002	0.3170	0.7988
32	37	0.9998	0.5423	0.3380
32	38	0.6007	0.5190	0.5488
32	39	0.5693	0.2915	0.7452
33	34	0.8976	0.9103	0.3647
33	35	0.5507	0.2485	0.7897
33	37	0.9998	0.3743	0.9850
33	38	0.5011	0.5035	0.5878
34	35	0.9988	0.9650	0.5380
34	36	0.8997	0.8660	0.5194
34	37	0.9984	0.9456	0.2988
34	38	0.9984	0.3951	0.7726
35	36	0.9457	0.5609	0.8912
35	37	0.9995	0.5199	0.3468
35	38	0.8427	0.3220	0.5897
36	37	0.9971	0.7936	0.4693
37	38	0.9994	0.9140	0.4222
37	39	0.6465	0.5343	0.4430
37	40	0.8004	0.5289	0.3735
38	39	0.9974	0.9411	0.4538
38	40	0.9990	0.7049	0.4736
38	41	0.5222	0.4372	0.4193
39	40	0.8518	0.6531	0.2711
40	41	0.9996	0.4420	0.6477
40	42	0.9998	0.5672	0.3186
40	43	0.7238	0.4728	0.4907
40	44	0.9998	0.6200	0.4440
41	42	0.9996	0.6520	0.3421
41	43	0.9500	0.6600	0.5224
41	44	0.9998	0.7314	0.4367
42	43	0.9995	0.5053	0.5595
42	44	0.9993	0.5185	0.4593
42	45	0.7505	0.6282	0.4684
43	44	1.0000	0.6845	0.4936
43	53	0.6004	0.3651	0.6912
44	45	0.9995	0.8392	0.5234
44	46	0.6508	0.6706	0.4134
44	48	0.7997	0.5874	0.5059
44	53	0.5003	0.5038	0.1977
45	46	0.9498	0.6865	0.5057
45	47	0.8942	0.6712	0.4444
45	48	0.9500	0.7149	0.5764
45	49	0.8506	0.5367	0.3645
45	50	0.8002	0.6517	0.3156
45	51	0.9993	0.6326	0.5351
45	52	0.6004	0.6015	0.7512
45	53	0.7017	0.5995	0.7104
46	47	0.9996	0.5076	0.4144
46	48	0.9995	0.5198	0.4946
46	49	0.9996	0.5644	0.6038
46	50	0.9989	0.5537	0.3892
46	51	0.9998	0.5734	0.5436
46	52	0.9994	0.2651	0.8404
46	53	0.9990	0.4806	0.5459
47	48	0.9997	0.5563	0.6001
47	49	0.9995	0.4444	0.6801
47	50	0.9989	0.5668	0.4188
47	51	0.9998	0.4802	0.4446
47	52	0.9994	0.2704	0.8848
47	53	0.9991	0.4211	0.5711
48	49	0.9996	0.5789	0.6033
48	50	0.9495	0.5893	0.6258
48	51	0.9997	0.5657	0.5455
48	52	0.9985	0.6704	0.6097
48	53	0.9997	0.6322	0.5037
49	50	0.9993	0.6958	0.4257
49	51	0.9995	0.4882	0.6218
49	52	0.9989	0.5188	0.6292
49	53	0.9996	0.6006	0.5163
50	51	0.9499	0.5837	0.5570
50	52	0.5507	0.4227	0.6843
50	53	0.9997	0.4142	0.5596
51	52	0.9491	0.7352	0.5294
51	53	0.9002	0.6750	0.5256
