0	2	0.9982	0.5728	0.6809
0	3	1.0000	0.7517	0.2834
0	7	0.9968	0.5841	0.0723
0	9	0.9991	0.5691	0.5117
0	10	0.8978	0.0918	0.2503
0	11	0.8994	0.2694	0.8881
0	12	0.9994	0.9811	0.0000
1	2	0.9972	0.4398	0.0226
1	7	0.9516	0.8314	0.9818
1	12	1.0000	0.4625	0.5695
1	14	0.9005	0.3086	0.9987
2	3	1.0000	0.5090	0.3506
2	6	0.9971	0.1746	0.5775
2	7	0.9999	0.3887	0.4477
2	8	0.5019	0.0057	0.9679
2	9	0.9987	0.4599	0.4203
2	12	0.9996	0.2124	0.2459
3	4	0.9991	0.5292	0.4107
3	6	0.9998	0.3986	0.4288
3	7	0.9998	0.3390	0.3569
3	8	0.9998	0.8535	0.8894
3	9	1.0000	0.5060	0.4654
3	10	0.9490	0.6755	0.8655
3	11	0.8006	0.6943	0.9983
3	12	0.9975	0.5159	0.0006
4	5	0.9960	0.7261	0.6472
4	6	1.0000	0.7946	0.2992
4	7	0.9983	0.6706	0.5085
4	8	0.9501	0.0209	0.8611
4	9	0.9981	0.4230	0.3948
5	6	1.0000	0.7990	0.3048
5	7	1.0000	1.0000	0.6129
6	7	0.9999	0.4760	0.4676
6	8	0.8530	0.0000	0.9965
6	9	1.0000	0.0025	0.2069
7	8	1.0000	1.0000	1.0000
7	9	0.9997	0.6817	0.2991
7	12	0.9989	0.9938	0.5748
8	9	0.9997	0.8969	0.1259
8	12	1.0000	0.5388	0.9151
9	10	0.9987	0.9229	0.7148
9	11	0.9992	0.9866	0.9574
9	12	0.9999	0.1480	0.2475
10	11	0.9488	0.5065	0.7237
12	14	1.0000	0.7241	0.9917
13	14	0.9996	0.4183	0.3960
13	15	0.9994	0.7781	0.8963
13	16	0.8999	0.8943	0.4974
13	18	0.9501	0.8992	0.4796
13	20	1.0000	0.3989	0.4770
13	21	0.9981	0.7157	0.7003
14	15	0.9997	0.5579	0.7296
14	16	0.9989	0.4235	0.7332
14	17	0.6777	0.2631	0.6462
14	18	0.9982	0.2418	0.4554
14	19	0.9985	0.2144	0.5970
14	20	0.9990	0.5725	0.6350
14	21	0.9977	0.3494	0.6123
15	16	0.9967	0.9838	0.5108
15	17	0.9979	0.9479	0.7557
15	18	0.9994	0.9154	0.4583
15	19	0.8951	0.9954	0.4608
15	20	1.0000	0.4765	0.4674
15	21	0.9991	0.8444	0.7375
16	17	0.5493	0.4434	0.5027
16	18	0.9986	0.5955	0.4718
16	20	0.9490	0.2049	0.3798
17	18	0.9992	0.8431	0.3432
17	20	0.9987	0.9690	0.2949
18	20	0.9991	0.6436	0.2063
18	21	0.9999	0.4194	0.7273
19	20	0.5012	0.9410	0.0639
20	21	0.9500	0.4725	0.4013
