0	1	0.9994	0.6802	0.4373
0	2	0.8992	0.4599	0.4179
0	3	0.6508	0.5232	0.5636
0	4	0.5506	0.5467	0.5404
0	6	0.7012	0.3666	0.5138
0	9	0.5502	0.5099	0.3815
0	11	0.6997	0.4653	0.4507
1	2	0.9996	0.4714	0.2580
1	3	0.8497	0.5308	0.3489
1	4	0.9984	0.5197	0.4084
1	6	0.9499	0.5862	0.6499
1	7	0.9995	0.3532	0.6897
2	3	0.9993	0.5146	0.4490
2	4	0.9983	0.4867	0.5311
2	5	0.9980	0.2474	0.6945
2	6	0.5503	0.2894	0.3328
2	7	0.7000	0.2141	0.5093
2	9	0.6509	0.6150	0.3512
2	11	0.8985	0.3318	0.6059
3	4	0.9992	0.5919	0.5539
3	5	0.9980	0.5836	0.7298
3	6	0.8945	0.4039	0.3786
3	7	0.9492	0.1676	0.6488
3	9	0.7502	0.4536	0.3816
4	5	0.9988	0.6164	0.7394
4	6	0.7003	0.2422	0.4611
4	7	0.7002	0.1490	0.7380
4	9	0.9500	0.4214	0.3069
6	7	1.0000	0.6379	0.5005
6	8	0.5510	0.5429	0.3826
6	9	0.9995	0.5675	0.3380
6	10	0.8506	0.6903	0.4812
7	8	0.9979	0.9640	0.1928
7	9	0.9999	0.8554	0.4841
7	10	0.6538	0.6692	0.3644
7	12	0.6496	0.8971	0.3288
7	13	0.6998	0.7851	0.4431
8	9	0.9995	0.5691	0.3442
8	10	0.5507	0.3980	0.4340
9	10	0.9998	0.6356	0.3813
9	13	0.9500	0.6223	0.5888
10	11	0.9498	0.7807	0.5233
11	12	0.9477	0.8615	0.6540
12	13	0.6001	0.3912	0.0990
