0	1	0.9984	0.6740	0.1047
0	2	0.9493	0.2384	0.7019
0	3	0.9994	0.5661	0.6160
0	5	0.9998	0.3384	0.5785
0	12	0.8988	0.3820	0.2173
1	2	0.9470	0.6538	0.1064
1	3	1.0000	0.5766	0.4874
1	5	0.9981	0.8742	0.1196
1	12	0.9994	0.5148	0.5674
1	14	0.8988	0.1625	0.5966
1	15	0.8479	0.3208	0.5711
1	16	0.9993	0.6363	0.6488
1	17	0.8981	0.2461	0.3618
2	3	0.9957	0.7920	0.0599
2	5	0.9991	0.7670	0.7586
2	12	0.8490	0.5046	0.8616
2	14	0.5518	0.8605	0.2805
2	16	0.5698	0.4432	0.4391
3	4	1.0000	0.7443	0.0763
3	5	0.9995	0.2479	0.5205
3	8	0.7004	0.5909	0.0831
3	10	0.9989	0.8604	0.6135
3	12	0.9995	0.4438	0.4920
3	16	0.7502	0.3969	0.7244
4	5	0.9994	0.6152	0.2384
4	6	0.9986	0.4945	0.6327
4	7	0.8502	0.7506	0.4259
4	8	0.9999	0.5013	0.5977
4	9	0.8001	0.8318	0.5148
4	10	0.9990	0.4423	0.6318
5	6	0.9998	0.5697	0.3084
5	8	1.0000	0.2747	0.6666
5	10	0.7526	0.0929	0.9896
5	11	0.7508	0.0439	0.5148
5	12	1.0000	0.2248	0.8715
5	14	0.5498	0.8048	0.1963
6	7	0.9994	0.8480	0.6933
6	8	0.9997	0.6618	0.3396
7	8	0.9991	0.4323	0.4908
7	9	0.9985	0.2593	0.4234
8	9	0.9990	0.9655	0.6168
8	10	0.9002	0.5959	0.4726
9	10	0.9988	0.6093	0.1918
10	11	0.9992	0.8512	0.3860
10	12	0.9998	0.7953	0.3442
11	12	0.8983	0.2336	0.1317
12	13	0.9996	0.9363	0.4822
12	14	0.9987	0.7673	0.5548
12	16	0.9998	0.9577	0.3718
13	14	0.9001	0.8437	0.1553
13	16	0.8001	0.5370	0.2072
14	15	0.9987	0.9155	0.2600
14	16	0.9497	0.3380	0.4554
14	17	0.5082	0.9460	0.2413
14	19	0.5012	0.9203	0.2684
14	22	0.9481	0.9596	0.3851
15	16	0.9990	0.9354	0.4179
15	17	0.9986	0.3707	0.3554
15	18	0.8990	0.4492	0.7117
15	19	0.9989	0.4516	0.3440
15	20	0.5993	0.7771	0.1726
15	22	0.9492	0.3520	0.3818
16	17	1.0000	0.4987	0.6589
16	19	1.0000	0.3249	0.7520
16	22	0.9999	0.3663	0.8379
16	24	0.7510	0.1995	0.9083
17	18	0.9992	0.6098	0.7651
17	19	0.9964	0.3957	0.2177
17	20	0.9990	0.9365	0.4190
17	21	0.6505	0.2726	0.6926
17	22	0.9989	0.5344	0.4059
18	19	1.0000	0.5969	0.5552
18	20	0.9996	0.2501	0.6391
18	21	0.9999	0.7647	0.4520
18	22	1.0000	0.5596	0.6653
18	23	0.5512	0.3676	0.6052
18	24	0.9995	0.3370	0.5205
18	25	0.9498	0.5228	0.6934
18	29	0.5634	0.4550	0.4272
19	20	0.9996	0.9968	0.2260
19	21	0.9994	0.0762	0.7939
19	22	0.9978	0.3831	0.4474
19	23	0.7498	0.7149	0.5576
19	24	0.9997	0.7327	0.2967
19	25	0.8482	0.4849	0.5449
19	27	0.9994	0.9733	0.5912
20	21	0.9997	0.8521	0.1998
20	22	0.9500	0.3665	0.9529
20	23	0.9997	0.6985	0.3395
20	24	0.9992	0.2755	0.5405
20	25	0.9996	0.3342	0.7323
20	26	0.9997	0.8940	0.3886
20	28	0.5509	0.5902	0.6720
20	29	0.9512	0.3560	0.7040
20	30	0.6003	0.4270	0.6508
21	22	0.9498	0.7768	0.2820
21	23	0.9499	0.4790	0.8294
21	24	0.5508	0.7407	0.1564
21	25	0.7992	0.7681	0.6960
21	26	0.5997	0.5264	0.5055
21	27	0.9003	0.4635	0.6778
22	23	0.9980	0.8224	0.7087
22	24	0.9995	0.6206	0.2736
22	25	0.9977	0.5869	0.6341
22	26	0.6499	0.7546	0.6253
22	27	0.7500	0.7059	0.4294
22	28	0.6003	0.3867	0.6072
22	29	0.6004	0.7554	0.1257
22	30	0.6995	0.6488	0.5621
23	24	0.9992	0.6627	0.2402
23	25	0.9494	0.6317	0.7483
23	26	0.9499	0.8291	0.7403
23	27	0.8502	0.6831	0.2776
23	28	0.8307	0.6112	0.9582
23	29	0.9987	0.6677	0.3472
23	30	0.5514	0.5758	0.6051
24	25	0.9992	0.3793	0.4489
24	26	0.9491	0.4494	0.6855
24	27	0.9993	0.3766	0.5274
24	28	0.9994	0.1083	0.9604
24	29	0.9959	0.4064	0.3263
24	30	0.9998	0.4643	0.5548
24	31	0.9986	0.3735	0.2473
24	32	0.8993	0.4755	0.7935
24	34	0.8986	0.3769	0.5402
24	35	0.9988	0.6028	0.2561
25	26	0.9985	0.9774	0.9163
25	27	0.9999	0.8760	0.4574
25	28	0.9496	0.7772	0.8628
25	29	0.9998	0.5344	0.2960
25	30	0.9996	0.6322	0.5586
25	31	0.6489	0.7240	0.2070
25	32	0.9998	0.2814	0.9172
25	35	0.8492	0.3595	0.2956
26	27	0.9984	0.8417	0.6599
26	29	0.8992	0.5257	0.5633
26	30	0.8993	0.7612	0.9857
27	28	0.8994	0.7833	0.7615
27	29	0.9987	0.4020	0.3283
27	30	0.9998	0.4660	0.8682
27	33	0.7000	0.6988	0.8217
28	29	0.9996	0.9845	0.1908
29	30	1.0000	0.5272	0.6034
29	31	0.9483	0.5972	0.5103
29	32	0.5506	0.2330	0.5228
29	34	0.7000	0.2706	0.6888
29	35	0.9995	0.5678	0.4554
29	36	0.9486	0.4740	0.4373
30	31	0.5518	0.6466	0.2805
30	32	0.9996	0.4171	0.8248
30	33	0.5005	0.5454	0.4258
30	34	0.9993	0.5242	0.6547
30	35	0.9985	0.5248	0.4423
30	36	0.5508	0.3871	0.3643
31	32	0.7999	0.7351	0.4294
31	33	0.9001	0.8924	0.4332
31	35	0.5721	0.8661	0.1245
32	33	0.9476	0.6716	0.3946
32	34	0.9486	0.5580	0.2740
32	35	0.9477	0.9090	0.2143
33	34	0.6504	0.7295	0.2284
34	35	0.9477	0.8831	0.1634
35	36	0.9989	0.6916	0.5898
36	37	0.8995	0.6670	0.5902
36	39	0.5997	0.5783	0.7338
36	40	0.7992	0.4837	0.4061
36	41	0.9996	0.6411	0.4141
37	38	0.9990	0.4804	0.7338
37	39	0.9987	0.6306	0.4049
37	40	0.9993	0.4672	0.6128
37	41	0.9999	0.5374	0.5577
37	42	0.8992	0.3748	0.5836
37	43	0.9485	0.9081	0.9329
37	45	0.5506	0.2654	0.3080
38	39	0.9982	0.9408	0.1543
38	40	0.9986	0.7917	0.5810
38	41	0.9996	0.9103	0.6915
38	42	0.9497	0.7827	0.5170
38	43	0.9980	0.5363	0.8235
39	40	0.9998	0.8330	0.3702
39	41	1.0000	0.6832	0.6363
39	42	1.0000	0.6400	0.5437
39	43	0.9987	0.8584	0.7588
39	44	0.9474	0.9668	0.0984
39	45	0.8986	0.7113	0.2448
40	41	0.9999	0.5019	0.5074
40	42	0.9990	0.3626	0.4005
40	43	0.9486	0.5413	0.8749
40	44	0.7992	0.4482	0.4552
40	45	0.9492	0.2404	0.3287
41	42	0.9989	0.6607	0.3927
41	43	0.9987	0.5422	0.8128
41	44	0.9996	0.5324	0.5769
41	45	0.9997	0.6305	0.3763
42	43	0.9996	0.9686	0.6713
42	44	0.9986	0.4250	0.2164
42	45	0.8505	0.2797	0.2756
43	44	0.7992	0.9537	0.0720
44	45	0.9997	0.6615	0.4222
