0	1	0.9993	0.5478	0.2587
0	2	0.8480	0.2234	0.8611
0	3	0.9975	0.3189	0.0274
0	4	0.9491	0.4838	0.3080
0	5	0.9988	0.1748	0.3050
0	7	0.8004	0.4783	0.7395
0	9	0.7152	0.0876	0.0278
1	2	0.9984	0.6829	0.5390
1	3	0.9986	0.1429	0.2070
1	4	0.9993	0.3189	0.4587
1	5	0.9997	0.0877	0.6683
1	6	0.8856	0.2304	0.6143
1	7	0.9972	0.5081	0.9517
1	8	0.9991	0.8148	0.9736
1	9	0.9966	0.3625	0.0775
1	10	0.9988	0.9573	0.9737
1	13	0.8999	0.8107	0.2925
1	20	0.7002	0.3762	0.7697
2	3	0.9998	0.9425	0.0000
2	4	0.9993	0.9155	0.6386
2	5	0.9946	0.9980	0.0015
2	7	0.9998	0.9942	0.8859
2	8	0.9981	0.7695	0.5327
2	9	0.9991	0.9195	0.0000
2	10	1.0000	0.1985	0.9288
2	13	1.0000	0.0027	0.0000
3	4	0.9996	0.3878	0.2919
3	5	0.8998	0.2792	0.6991
3	6	0.9995	0.4721	0.9054
3	7	0.9968	0.0281	0.7157
3	8	0.9501	0.0068	0.7872
3	9	0.9991	0.2581	0.5080
3	10	1.0000	0.0019	0.2334
4	5	1.0000	0.3439	0.7734
4	6	0.9997	0.4735	0.6344
4	7	0.9996	0.5114	0.7531
4	8	0.6493	0.8668	0.8999
4	9	0.9998	0.3204	0.4884
5	6	0.9996	0.7059	0.6003
5	7	0.9984	0.3383	0.6773
5	9	0.9999	0.6919	0.6134
5	15	0.6497	0.7538	0.9335
6	9	0.9997	0.9388	0.4172
7	8	0.9973	0.9912	0.6060
7	9	1.0000	0.5741	0.4254
7	10	1.0000	0.9092	0.8092
7	11	0.7583	0.9720	0.6705
7	15	0.9993	0.4948	0.9372
7	17	0.9974	0.0113	0.8838
7	19	0.9483	0.2423	0.4620
8	9	0.9959	0.7730	0.0003
8	10	0.9494	0.9439	0.7640
9	10	1.0000	0.0001	0.3399
9	15	0.9993	0.3075	0.8594
9	19	0.8489	0.4298	0.6629
9	20	0.7005	0.0652	0.9792
10	11	0.9998	0.9995	0.7641
10	12	0.9589	0.9789	0.6918
10	13	0.9997	0.7562	0.5199
10	14	0.9995	0.1079	0.0370
10	15	1.0000	0.4963	0.6028
10	16	0.9994	0.8227	0.2360
10	18	0.9997	0.2931	0.9998
10	19	1.0000	0.3484	0.7573
10	20	1.0000	0.4995	0.8494
10	21	1.0000	0.7789	0.4791
10	22	0.9992	0.1691	0.2746
10	23	0.5005	0.3658	0.8772
13	15	0.9995	0.9447	0.7953
13	20	0.9499	0.7750	0.8206
13	21	0.9495	0.1433	0.3784
13	22	0.9001	0.9435	0.0981
14	15	0.9991	0.6954	0.1539
14	19	0.9974	0.9250	1.0000
14	20	0.9999	0.4527	0.8462
14	22	0.9998	0.9056	0.7787
15	16	0.9994	0.9046	0.6895
15	17	0.9994	0.9292	0.3725
15	18	0.9994	0.7184	0.9996
15	19	0.9998	0.5410	0.6386
15	20	1.0000	0.4838	0.6605
15	21	0.9427	0.4131	0.3287
15	22	0.9994	0.1077	0.2002
16	17	0.9988	0.7569	0.0740
16	18	0.9986	0.7677	0.7790
16	19	1.0000	0.8235	0.6086
16	20	0.9995	0.7950	0.8194
16	21	0.9982	0.2910	0.1853
16	22	0.9963	0.9980	0.0697
17	18	0.9998	0.2665	0.7351
17	19	0.9981	0.2908	0.2524
18	19	0.9994	0.9099	0.5063
19	20	1.0000	0.8064	0.5349
19	22	1.0000	0.8576	0.3170
20	21	0.9998	0.9763	0.4615
20	22	0.9994	0.4699	0.3836
21	22	0.9983	0.7920	0.0146
22	23	0.8498	0.9234	0.3266
