0	1	0.9963	0.8217	0.0155
0	29	0.5618	0.4469	0.5361
0	30	0.9500	0.6713	0.8289
1	27	0.9006	0.2514	0.6526
1	30	1.0000	0.1993	0.7334
2	3	0.9998	0.6262	0.7424
2	4	0.9993	0.4037	0.4342
2	5	1.0000	0.4891	0.4854
2	6	0.9973	0.2792	0.1622
2	8	0.9998	0.4830	0.6285
2	9	0.8997	0.7158	0.2641
2	12	0.9990	0.4904	0.6856
2	23	0.9487	0.4873	0.6611
3	4	1.0000	0.8941	0.3005
3	5	0.9995	0.7689	0.5369
3	6	0.7505	0.6067	0.3766
3	8	0.9992	0.8911	0.5944
3	23	0.7500	0.6763	0.8853
4	5	0.9999	0.4737	0.4741
4	6	0.9987	0.2738	0.3472
4	8	0.9994	0.5249	0.6008
4	23	0.8987	0.4019	0.6986
4	40	0.9985	0.3780	0.6406
4	55	0.9990	0.3353	0.4402
5	6	0.9994	0.9410	0.3949
5	7	0.9986	0.0858	0.6388
5	8	1.0000	0.5159	0.4646
5	12	0.9982	0.6796	0.6366
6	7	0.9974	0.9832	0.5959
6	8	0.9983	0.3180	0.1285
6	12	0.8500	0.3004	0.0547
7	8	0.9482	0.6951	0.0018
7	12	0.9987	0.8165	0.0149
7	46	0.9003	0.6843	0.4078
7	47	0.9995	0.8790	0.1395
8	23	0.5001	0.7651	0.6753
9	10	0.9994	0.6343	0.3117
9	11	0.9494	0.0263	0.7287
9	12	0.9988	0.1196	0.8623
9	22	0.9983	0.8205	0.7757
9	23	0.9997	0.4493	0.3238
9	24	0.9971	0.0717	0.5085
9	25	1.0000	0.4689	0.4991
9	26	0.9994	0.4291	0.0000
9	35	0.9485	0.6614	0.6461
10	11	0.9998	0.9968	0.4359
10	12	0.8498	0.5760	0.8412
10	13	0.9963	0.3261	0.2599
10	18	0.9960	0.4237	0.1672
10	20	0.5020	0.0643	0.0105
10	22	0.9999	0.1284	0.6737
10	23	0.9959	0.3119	0.0554
10	24	1.0000	0.8250	0.9529
10	47	0.9998	0.0969	0.0106
11	12	0.9474	0.4900	0.0039
11	47	0.9986	0.3548	0.0246
12	23	0.6013	0.6767	0.6867
13	14	0.9493	0.9853	0.4723
13	15	0.9968	0.4136	0.1195
13	17	0.9985	0.2530	0.3818
13	18	0.9988	0.7607	0.8551
13	19	0.9981	0.9515	0.9915
13	20	0.9970	0.9461	0.1073
13	47	0.9998	0.5792	0.4901
13	48	0.9475	0.9951	0.5258
14	15	0.9983	0.9123	0.0056
14	16	0.7006	0.3977	0.9002
14	17	1.0000	0.6379	0.7535
14	18	0.9991	0.8602	0.3571
14	19	0.8501	0.5834	0.6661
14	20	0.9980	0.6008	0.4052
14	45	0.7998	0.2857	0.8083
14	47	1.0000	0.4213	0.7449
14	48	0.8501	0.2960	0.9918
14	50	0.9486	0.4714	0.2476
15	16	0.9991	0.3361	0.4552
15	17	0.9999	0.7356	0.7038
15	18	0.9984	0.2991	0.2139
15	19	0.9970	0.2162	0.2174
15	20	0.8501	0.0945	0.3205
15	45	0.9500	0.0964	0.9761
15	46	0.7498	0.1721	0.6438
15	47	0.9999	0.4347	0.4989
15	50	0.9989	0.0992	0.5889
16	17	0.9994	0.8917	0.4600
16	19	0.8490	0.9961	0.5260
16	47	0.9493	0.8307	0.5772
17	18	0.9996	0.9418	0.1536
17	19	0.9950	0.6094	0.0039
17	20	0.9993	0.3132	0.8998
17	21	0.9993	0.6122	0.9942
17	47	0.9995	0.8850	0.3485
18	19	0.9978	0.9775	0.2126
18	20	0.5501	0.6933	0.5046
18	47	1.0000	0.7605	0.4500
18	50	0.6504	0.5910	0.3762
19	20	0.9982	0.4748	0.3234
19	47	0.9998	0.4811	0.7703
20	21	0.9982	0.2399	0.5307
20	47	0.8497	0.4757	0.6315
21	22	0.9992	0.9260	0.0268
21	23	0.5011	0.3787	0.0006
21	25	0.7500	0.5875	0.7008
21	47	0.6493	0.9277	0.1252
22	23	0.9499	0.9769	0.1408
22	24	0.9987	0.9280	0.8827
22	25	0.9490	0.9012	0.7906
22	35	0.7008	0.7857	0.5009
23	24	0.9999	0.9168	0.3721
23	25	0.9999	0.3811	0.7189
23	26	0.8990	0.6514	0.0072
23	34	0.7993	0.6320	0.3188
23	35	0.9981	0.4006	0.7164
23	36	0.5053	0.1891	0.4022
24	25	1.0000	0.7012	0.5574
24	26	0.8533	0.0620	0.0166
25	26	1.0000	1.0000	0.0000
25	33	0.9998	0.9798	0.3496
25	34	0.7502	0.4975	0.5397
25	35	0.9994	0.9097	0.4158
25	36	0.9994	0.9349	0.6893
26	27	0.9998	0.8304	0.3686
26	28	1.0000	0.7615	0.1753
26	31	1.0000	0.9486	0.3067
26	33	0.9999	0.0270	0.0610
26	61	0.5007	0.7292	0.1451
26	62	0.9996	0.7856	0.4216
26	63	0.9463	0.5983	0.0590
27	28	0.9998	0.5101	0.4647
27	29	0.6513	0.6074	0.3943
27	30	1.0000	0.5347	0.5658
27	62	0.6541	0.4588	0.5524
28	29	0.9996	0.5259	0.3463
28	30	0.9998	0.4354	0.4284
28	61	0.6996	0.3131	0.3777
28	62	0.9990	0.3519	0.5815
28	63	0.8999	0.2599	0.2262
29	30	0.9996	0.4135	0.4706
29	60	0.8994	0.4910	0.3357
29	61	0.9994	0.4509	0.3491
29	62	0.9994	0.4532	0.5311
29	63	0.8010	0.2182	0.2235
30	61	0.9495	0.2638	0.2318
30	62	0.8497	0.3278	0.3659
30	63	0.9001	0.1073	0.0965
31	32	0.9992	0.9806	0.0130
31	59	0.9496	0.8058	0.7368
31	60	0.7500	0.7868	0.3359
31	61	0.9500	0.7040	0.3725
31	62	0.9996	0.7480	0.5152
31	63	0.9999	0.7851	0.3982
32	59	0.9998	0.8791	0.4938
32	60	0.9997	0.8058	0.5509
32	61	0.9501	0.7368	0.4801
32	62	0.8492	0.4104	0.4757
32	63	0.9997	0.4131	0.6814
33	34	0.9999	0.5999	0.4799
33	35	0.9987	0.4393	0.4948
33	36	1.0000	0.4821	0.6929
33	37	0.8005	0.1506	0.0422
33	38	0.9994	0.1180	0.4694
33	39	0.9987	0.4618	0.5104
33	40	0.9488	0.2602	0.5118
34	35	0.9998	0.5481	0.4371
34	36	0.9994	0.4847	0.3384
34	38	1.0000	0.8302	0.6205
34	39	0.9997	0.5715	0.4717
35	36	0.9990	0.4561	0.6324
35	38	0.9498	0.1055	0.4370
36	37	0.8497	0.9848	0.2068
36	38	0.9986	0.9763	0.2719
36	39	0.9994	0.5201	0.5431
37	38	0.8992	0.4492	0.0627
38	39	0.9997	0.6493	0.2291
39	40	0.9991	0.8427	0.5984
40	41	0.9984	0.7731	0.3579
40	42	0.8495	0.4271	0.4331
40	54	0.5003	0.4224	0.9188
40	55	0.9998	0.4310	0.4577
40	56	0.9990	0.5005	0.3180
40	58	0.9975	0.5334	0.6356
40	59	0.8005	0.0842	0.0242
41	42	1.0000	0.6155	0.5847
41	54	0.9999	0.3706	0.7006
41	55	0.9981	0.4069	0.3399
41	56	0.9997	0.7694	0.9563
41	58	0.5998	0.5698	0.3273
42	54	0.9493	0.7872	0.9089
42	55	0.9988	0.5679	0.4894
42	56	0.9995	0.5007	0.6659
42	57	0.5507	0.5820	0.6328
42	58	0.5011	0.4386	0.6082
43	44	0.9997	1.0000	0.0909
43	45	0.9982	0.9722	0.5696
43	49	0.9986	0.7217	0.2268
43	51	0.6999	0.6736	0.0114
43	52	0.9994	0.9694	0.2611
43	53	0.9989	0.9485	0.5924
43	54	0.9985	0.1072	0.2605
43	56	0.9993	0.1516	0.7891
43	57	0.7497	0.1024	0.4834
44	45	0.9978	0.1550	0.0300
44	50	0.9980	0.5653	0.4470
44	51	0.9997	0.2009	0.7425
44	52	0.9963	0.4268	0.0515
44	53	0.9996	0.0211	0.0584
45	46	0.9997	0.9808	0.4349
45	47	0.9999	0.8351	0.8583
45	48	0.9999	0.7160	0.9997
45	49	0.9997	0.5970	0.5097
45	50	1.0000	0.3742	0.7273
45	51	0.9990	0.6093	0.5116
45	52	0.9963	0.2660	0.0319
45	53	0.9992	0.4257	0.2310
46	47	0.9997	0.8681	0.2322
47	48	0.9481	0.9669	0.9261
47	49	0.9491	0.7641	0.4748
47	50	0.7001	0.7846	0.4395
48	49	0.9993	0.9979	0.8111
48	52	0.7307	0.9653	0.2398
49	50	0.9998	0.6864	0.6628
49	51	0.9993	0.8416	0.0302
49	52	0.9499	0.7338	0.4483
49	53	0.9999	0.5758	0.5105
50	51	0.9982	0.8899	0.5579
50	52	0.8506	0.8313	0.3057
50	53	0.8199	0.9599	0.2765
51	52	0.9477	0.4053	0.5359
51	53	0.9996	0.1022	0.2802
52	53	0.9995	0.3857	0.3917
53	54	0.5505	0.8233	0.0197
53	56	1.0000	0.8897	0.7064
54	55	0.9998	0.9950	0.4157
54	56	0.9975	0.9813	0.5449
54	57	0.8490	0.2345	0.7214
54	58	0.9496	0.9527	0.5163
54	59	0.9995	0.9716	0.0734
55	56	1.0000	0.6811	0.4938
55	58	0.9993	0.5562	0.5974
56	57	0.9979	0.9617	0.2160
56	58	0.9995	0.8890	0.7907
56	59	0.9987	0.5126	0.1549
57	58	0.9491	0.8034	0.3362
58	59	0.9977	0.9723	0.0212
59	60	0.9500	0.8886	0.3154
59	61	0.9494	0.8776	0.4000
59	62	0.5496	0.8090	0.1863
59	63	0.9495	0.8040	0.2118
60	61	0.9474	0.5201	0.5116
60	62	0.9490	0.5702	0.3347
60	63	0.9997	0.4970	0.6056
61	62	0.9996	0.5297	0.4433
61	63	0.9999	0.5048	0.4732
62	63	0.9997	0.4972	0.3525
