0	1	0.9985	0.5677	0.6232
0	2	0.7006	0.6248	0.4738
0	3	0.6005	0.8522	0.5332
0	4	0.6509	0.7160	0.5284
0	5	0.7002	0.5125	0.4230
0	6	0.6004	0.5783	0.5346
0	8	0.5715	0.3879	0.3906
1	2	0.9990	0.8363	0.4138
1	4	0.5501	0.4773	0.4203
1	5	0.6484	0.4850	0.4200
1	6	0.5508	0.5251	0.4076
2	3	0.9000	0.7102	0.5046
2	4	0.6014	0.5990	0.4659
2	5	0.9993	0.4177	0.5276
2	7	0.7515	0.5234	0.5016
2	8	0.7005	0.4319	0.3149
2	9	0.7512	0.4458	0.4169
3	4	0.9994	0.6629	0.2986
3	7	0.5505	0.4846	0.4951
3	9	0.5510	0.5757	0.3850
4	5	0.9994	0.6378	0.4115
4	6	0.6995	0.5841	0.4819
4	8	0.8500	0.5513	0.4233
4	9	0.9499	0.5092	0.6459
4	10	0.8501	0.6324	0.5361
4	11	0.7502	0.5278	0.4840
4	12	0.6388	0.6031	0.2626
5	6	0.9499	0.8348	0.4790
5	7	0.9994	0.5644	0.5639
5	8	0.8995	0.5104	0.5475
5	9	0.8496	0.5365	0.5430
5	10	0.6503	0.6274	0.4699
5	11	0.7497	0.4125	0.4212
6	7	0.8502	0.7091	0.3603
6	8	0.6004	0.5090	0.7587
6	9	0.5101	0.3605	0.2301
7	8	0.9495	0.5248	0.4878
7	9	0.9999	0.5459	0.6698
7	10	0.9496	0.5862	0.6442
8	9	0.8997	0.5600	0.5031
8	10	0.7003	0.4355	0.4611
8	11	0.8004	0.3767	0.4279
9	10	0.8997	0.6424	0.6105
9	11	0.8002	0.6426	0.4998
10	11	0.9497	0.6769	0.5007
10	12	0.5502	0.6462	0.4736
10	14	0.5006	0.4502	0.3050
10	15	0.5998	0.4793	0.3916
11	12	0.9996	0.5691	0.5001
12	13	0.8004	0.7797	0.3730
12	14	0.8999	0.4563	0.6756
12	15	0.5003	0.4630	0.3353
13	14	0.7510	0.6401	0.3267
13	15	0.7003	0.4263	0.4621
13	16	0.6938	0.4317	0.4246
14	15	0.8502	0.7018	0.3143
15	16	0.6999	0.4850	0.5202
16	18	0.7992	0.4932	0.4609
17	18	0.8488	0.4184	0.4619
17	19	0.5503	0.6090	0.3144
18	19	0.7013	0.5364	0.5329
19	20	0.7501	0.5080	0.4925
19	21	0.6003	0.6068	0.5542
19	22	0.6997	0.7683	0.6521
20	21	0.9499	0.6438	0.5245
20	22	0.8485	0.4726	0.5762
20	23	0.6504	0.6073	0.3269
20	35	0.6007	0.4673	0.5654
21	22	0.9989	0.5644	0.6529
22	23	0.9985	0.8819	0.3097
22	28	0.5508	0.6106	0.5333
22	31	0.9996	0.6266	0.4334
22	32	0.6999	0.6465	0.4236
22	35	0.9977	0.5542	0.4377
22	36	0.5001	0.5207	0.6312
23	24	0.7501	0.8442	0.4551
23	25	0.8003	0.5926	0.4989
23	28	0.5008	0.6868	0.3803
23	29	0.5508	0.4330	0.6064
23	30	0.5503	0.4952	0.2918
23	31	0.9500	0.5686	0.6129
24	25	0.8003	0.5034	0.4297
24	28	0.7504	0.6159	0.6191
24	29	0.6503	0.4238	0.3424
24	30	0.6504	0.4541	0.6434
24	31	0.8496	0.6036	0.5757
24	32	0.7491	0.4966	0.6690
25	26	0.8503	0.7394	0.3519
25	28	0.7003	0.4577	0.5043
25	29	0.7477	0.4104	0.5062
25	30	0.8501	0.5720	0.4582
25	31	0.9484	0.5117	0.5037
25	32	0.5500	0.3275	0.4774
26	27	0.8501	0.5032	0.4946
26	29	0.8989	0.3307	0.7455
26	31	0.8990	0.4164	0.5038
27	28	0.7005	0.7845	0.3536
28	29	0.9998	0.6530	0.3527
28	30	0.7505	0.4642	0.5772
28	31	0.9500	0.6015	0.5768
29	30	0.9999	0.6429	0.4741
29	31	0.9989	0.4930	0.4801
29	32	0.8999	0.6580	0.4103
29	35	0.6001	0.4193	0.4570
30	31	0.9999	0.4545	0.6830
30	33	0.5001	0.5844	0.4651
30	35	0.7998	0.6163	0.4334
31	32	0.9986	0.7255	0.5802
31	33	0.8004	0.7805	0.5800
31	34	0.8501	0.5568	0.6345
31	35	0.9987	0.4937	0.5911
31	36	0.9981	0.4986	0.5748
32	33	1.0000	0.5467	0.6986
32	34	0.5002	0.5820	0.3154
32	35	0.9993	0.6704	0.5173
32	36	0.8695	0.3826	0.4450
33	34	0.7494	0.8394	0.2436
33	35	0.5416	0.5324	0.4541
33	36	0.8003	0.6857	0.6069
34	35	0.5010	0.7322	0.3541
34	36	0.7001	0.6572	0.2561
35	36	0.9991	0.5760	0.5677
