0	1	0.9489	0.6254	0.1373
0	3	0.8486	0.6259	0.4204
0	4	0.8490	0.5686	0.3388
0	5	0.9497	0.5189	0.8990
0	13	0.7006	0.4627	0.4799
1	2	0.9994	0.9037	0.3509
1	3	0.9994	0.3936	0.5811
1	4	0.9999	0.4334	0.4983
1	5	0.9998	0.6459	0.5977
1	6	0.9999	0.5980	0.4910
1	7	0.9986	0.9434	0.4540
1	8	0.9996	0.8224	0.4728
1	13	0.6507	0.3790	0.5843
2	3	0.9989	0.9000	0.3579
2	4	1.0000	0.5027	0.9275
2	6	1.0000	0.4045	0.8781
2	8	1.0000	0.2995	0.8783
2	11	0.8002	0.2993	0.9473
2	12	0.7495	0.3273	0.3115
2	13	0.9989	0.5114	0.2582
3	4	1.0000	0.5227	0.5095
3	5	0.9993	0.3607	0.7725
3	6	0.7503	0.5353	0.2499
3	13	0.5504	0.5346	0.3767
4	5	0.9993	0.6737	0.6892
4	6	1.0000	0.6639	0.3802
4	13	0.8998	0.2613	0.6383
5	6	0.9999	0.7035	0.3523
5	7	0.9987	0.2327	0.5599
6	7	0.9992	0.7777	0.4325
6	8	0.9995	0.5407	0.3968
6	10	0.9990	0.8793	0.7487
6	11	0.9996	0.7222	0.3623
6	13	0.8498	0.4110	0.5854
7	8	0.9979	0.6012	0.1289
7	10	0.9999	0.3830	0.8533
7	11	0.6496	0.5929	0.0920
8	9	0.8005	0.9937	0.1275
8	10	1.0000	0.5302	0.6387
8	11	0.9996	0.4857	0.4494
8	12	0.7496	0.9331	0.2842
8	13	0.9993	0.5236	0.4144
9	10	0.8995	0.4583	0.3505
9	11	0.9500	0.0593	0.9840
9	13	0.5512	0.1818	0.5006
10	11	1.0000	0.7435	0.2724
10	13	0.7004	0.4535	0.5479
11	12	0.9499	0.9774	0.3678
11	13	0.9994	0.7432	0.3236
12	13	0.9494	0.6292	0.3205
