0	1	0.9999	0.5944	0.3887
0	2	0.9990	0.6301	0.4104
0	6	0.9500	0.4158	0.6121
0	8	0.9999	0.5852	0.7289
0	9	0.5007	0.4929	0.7561
1	2	0.9982	0.6765	0.2087
1	6	0.8501	0.6683	0.4737
1	8	0.9993	0.7352	0.4125
2	3	0.8997	0.7387	0.4260
2	4	0.7501	0.4874	0.3247
2	5	0.5008	0.5136	0.7198
2	6	0.6560	0.6038	0.3761
2	7	0.6993	0.6804	0.6561
2	8	0.9497	0.6890	0.3354
3	4	0.6009	0.8697	0.2394
3	6	0.9492	0.6045	0.4597
4	5	1.0000	0.7185	0.2990
4	6	0.8010	0.3299	0.1822
6	7	1.0000	0.6760	0.7023
6	8	0.9990	0.5264	0.1761
6	9	0.9988	0.7261	0.1691
7	8	1.0000	0.7998	0.4733
7	9	0.9998	0.5693	0.4721
8	9	0.9995	0.9474	0.3259
