0	1	0.9990	0.6168	0.4229
0	2	0.9991	0.5531	0.4425
0	3	0.5007	0.7095	0.5735
0	4	0.9490	0.6250	0.5171
0	5	0.5905	0.4402	0.4906
0	6	0.9969	0.6246	0.7105
0	8	0.9006	0.5481	0.5786
0	9	0.5007	0.3787	0.5571
0	11	0.9485	0.5639	0.5239
1	2	0.9986	0.7423	0.4735
1	4	0.7482	0.2250	0.5887
1	6	0.8502	0.5957	0.9109
2	3	0.9479	0.9838	0.3817
2	4	0.9500	0.5992	0.7161
2	6	0.9505	0.7530	0.8989
2	7	0.9004	0.7340	0.4513
2	8	0.5508	0.5299	0.3684
2	9	0.5006	0.8495	0.4587
2	10	0.8240	0.5158	0.4828
2	11	0.7000	0.5687	0.5167
2	12	0.8498	0.5246	0.6742
3	4	0.9479	0.8236	0.2036
3	5	0.8994	0.7854	0.6653
3	6	0.9976	0.7019	0.4197
3	8	0.8995	0.3073	0.7689
3	10	0.5500	0.6027	0.2197
4	5	0.9991	0.4771	0.7155
4	6	0.8488	0.4267	0.4064
4	8	0.8497	0.5174	0.6160
4	9	0.7466	0.2740	0.8566
4	10	0.7504	0.5419	0.4271
4	11	0.8002	0.5754	0.4917
5	6	0.9991	0.8210	0.2213
5	10	0.8497	0.7177	0.5321
5	12	0.5206	0.6687	0.4900
6	7	0.9976	0.9894	0.2220
6	8	0.9500	0.8050	0.5833
6	9	0.9497	0.6988	0.9039
6	10	0.9499	0.6269	0.4765
6	11	0.9003	0.5247	0.4880
6	12	0.7995	0.5294	0.4879
7	8	0.9990	0.5048	0.3102
7	10	0.9997	0.2629	0.5643
7	11	0.9500	0.2145	0.8255
8	9	0.9999	0.9217	0.5614
8	10	0.9994	0.7406	0.4022
8	11	1.0000	0.6330	0.7786
8	12	0.9990	0.7431	0.6222
8	13	0.8001	0.6024	0.6324
8	14	0.8501	0.7588	0.4702
9	10	0.9994	0.9102	0.0801
9	11	0.8998	0.6058	0.8948
9	13	0.5001	0.7771	0.7647
10	11	0.9983	0.5874	0.6375
10	12	0.9491	0.3937	0.5148
10	13	0.9992	0.7775	0.6046
10	14	0.9992	0.5862	0.3425
10	15	0.6005	0.4402	0.3829
10	16	0.6996	0.4884	0.7814
10	17	0.8498	0.6105	0.4292
10	18	0.6996	0.4169	0.5237
10	20	0.6499	0.7140	0.4593
11	12	0.9491	0.7258	0.5033
11	13	0.9980	0.7153	0.5218
11	14	0.7003	0.5412	0.4524
12	13	0.9965	0.9531	0.4366
12	14	0.8516	0.5730	0.5899
12	17	0.7498	0.5737	0.6023
12	20	0.5504	0.6695	0.5613
13	14	0.9996	0.7379	0.4648
13	15	0.9993	0.2986	0.7254
13	16	0.8502	0.6646	0.8706
13	17	0.9999	0.6277	0.7197
13	19	0.9993	0.7440	0.4598
13	20	0.9495	0.6064	0.5908
14	15	0.9498	0.8542	0.6880
14	16	0.9994	0.4875	0.9030
14	17	0.9998	0.5480	0.4489
14	18	0.9501	0.5654	0.7163
14	19	0.5005	0.3073	0.3501
14	20	0.7002	0.6322	0.4749
15	16	0.5506	0.6607	0.5108
15	17	0.6497	0.4769	0.6674
16	17	0.9979	0.7197	0.4269
16	18	0.6497	0.7516	0.7331
16	20	0.5999	0.7503	0.4763
17	18	0.9980	0.9019	0.4354
17	19	0.8490	0.6126	0.5140
17	20	0.9001	0.6720	0.4831
17	24	0.6024	0.3745	0.4331
18	19	0.9997	0.6510	0.3933
18	20	1.0000	0.4812	0.8075
18	21	0.6507	0.6341	0.5744
18	22	0.5485	0.4999	0.6537
18	24	0.6579	0.5631	0.4447
19	20	0.9991	0.6516	0.7347
19	21	0.9981	0.4608	0.6861
19	22	0.9978	0.5290	0.8672
19	23	0.5006	0.5250	0.2946
19	24	0.9998	0.3295	0.6751
20	21	0.9487	0.6243	0.5972
20	22	0.9983	0.6366	0.6412
20	23	0.5498	0.6520	0.3476
20	24	0.7503	0.5998	0.4735
21	22	0.9992	0.6973	0.6823
21	24	0.9995	0.7233	0.4777
21	27	0.8995	0.6967	0.5330
21	38	0.5498	0.2389	0.8112
22	23	0.8982	0.8278	0.4126
22	24	0.9993	0.7672	0.6351
22	27	0.6493	0.9028	0.4493
22	40	0.5515	0.9285	0.4903
23	24	0.9482	0.5405	0.3708
24	25	0.9993	0.9081	0.3788
24	26	0.9493	0.7084	0.3306
24	27	0.9998	0.5498	0.6684
24	28	0.6501	0.4512	0.1801
24	39	0.8002	0.6238	0.4701
26	27	0.9999	0.7334	0.3476
26	31	0.5515	0.3787	0.4495
26	32	0.9999	0.4724	0.9464
26	33	0.9987	0.5537	0.6426
26	34	0.9993	0.7434	0.6416
26	35	0.9996	0.8046	0.5118
26	36	0.9990	0.8743	0.7221
26	38	0.9994	0.7598	0.7783
26	39	0.9993	0.4870	0.5893
27	28	0.9985	0.6138	0.2226
27	29	0.5007	0.3167	0.3845
27	31	0.9985	0.6066	0.1449
27	33	0.9991	0.4687	0.4490
27	35	0.6508	0.3620	0.5178
27	36	0.8001	0.2073	0.6388
27	38	0.7008	0.2485	0.6863
27	39	0.9998	0.3907	0.7955
28	29	0.9487	0.9580	0.5209
28	30	0.9995	0.6949	0.5769
28	31	0.9460	0.4754	0.5866
28	32	0.9989	0.8051	0.7206
28	33	0.9972	0.4096	0.7051
28	35	0.5540	0.4618	0.5914
29	30	0.7005	0.3047	0.1172
29	31	0.9002	0.3006	0.9789
29	32	0.9485	0.4244	0.1462
30	31	0.9999	0.6185	0.5057
30	32	0.9001	0.3876	0.5053
31	32	0.9983	0.8023	0.6725
31	33	0.9986	0.4607	0.5384
31	35	0.6010	0.5133	0.4754
32	33	0.9998	0.8340	0.8188
32	34	0.9999	0.3753	0.6246
32	35	0.8496	0.8375	0.2195
32	36	0.6496	0.7290	0.3676
33	34	0.8500	0.9700	0.5059
33	35	0.8490	0.6952	0.3794
33	36	1.0000	0.8582	0.5482
33	39	0.9976	0.4458	0.5120
34	35	1.0000	0.7100	0.4249
34	36	0.9996	0.7795	0.5216
34	38	0.8008	0.6723	0.6021
34	39	0.7495	0.8189	0.2818
35	36	0.9984	0.5275	0.6637
35	38	0.9992	0.4053	0.6776
35	39	0.9986	0.3853	0.5917
35	41	0.7503	0.1985	0.5595
36	37	0.9483	0.9860	0.4140
36	38	0.9988	0.8146	0.5945
36	39	0.9981	0.5374	0.6507
36	41	0.6520	0.3406	0.3171
37	38	0.9995	0.1061	0.1453
37	39	0.7000	0.1586	0.8858
37	40	0.5012	0.3009	0.2499
38	39	0.9989	0.9186	0.5924
38	40	0.9000	0.5642	0.4425
38	41	0.7001	0.7773	0.3002
38	42	0.5013	0.7438	0.2766
39	40	0.5511	0.7206	0.5234
39	41	0.6504	0.2821	0.3741
40	41	0.9994	0.8285	0.3339
40	42	0.7506	0.7910	0.2996
41	43	0.5009	0.5578	0.3824
