0	1	0.7003	0.2878	0.5337
0	2	0.7008	0.6785	0.5530
0	6	0.8980	0.4767	0.6261
0	8	0.5007	0.3652	0.4412
0	10	0.7002	0.4709	0.5554
0	11	0.5507	0.5852	0.4632
1	2	0.9997	0.4976	0.5315
1	3	0.7500	0.6116	0.3170
1	4	0.7489	0.6583	0.5790
1	5	0.9995	0.5341	0.4947
1	6	0.9994	0.5649	0.4457
1	8	0.7500	0.3857	0.4112
1	10	0.7996	0.3912	0.5541
1	11	0.8002	0.5788	0.4323
2	3	0.8958	0.9893	0.5613
2	5	0.9497	0.7394	0.3708
2	6	0.9485	0.7801	0.7264
2	10	0.8986	0.5884	0.6679
2	11	0.7997	0.7360	0.5501
3	4	0.8003	0.5670	0.5958
3	5	0.8489	0.5834	0.2685
4	5	0.9983	0.6298	0.1798
4	6	0.8999	0.5257	0.9195
4	7	0.5004	0.5478	0.6945
5	6	0.9993	0.5419	0.5713
5	7	0.9992	0.5465	0.5867
5	8	0.7995	0.5197	0.4688
5	10	0.9312	0.5425	0.4833
5	11	0.9494	0.4611	0.4088
6	7	0.9997	0.7763	0.6376
6	8	0.9987	0.6190	0.5780
6	10	0.9486	0.6019	0.6445
6	11	0.9988	0.5999	0.5944
7	8	0.9499	0.6367	0.6322
7	10	0.9497	0.6396	0.6090
7	11	0.9501	0.5565	0.7001
7	12	0.5977	0.6712	0.4705
8	9	0.8504	0.7635	0.4205
8	10	0.9997	0.5921	0.4607
8	11	0.9488	0.5646	0.6713
8	12	0.7012	0.6874	0.4576
8	15	0.5504	0.2931	0.3412
9	10	0.8495	0.6399	0.5828
10	11	0.9996	0.6252	0.6120
10	12	0.8502	0.5000	0.5719
10	13	0.5522	0.5283	0.3912
10	14	0.6012	0.5159	0.4945
10	15	0.7498	0.5220	0.5591
11	12	0.9000	0.8862	0.4414
12	14	0.5006	0.6046	0.4532
12	15	0.7003	0.4763	0.5977
12	16	0.6505	0.3763	0.2964
13	14	0.8501	0.5392	0.5823
13	15	0.8001	0.4968	0.5702
13	16	0.7501	0.4634	0.4727
13	18	0.7006	0.4252	0.4751
14	15	0.9999	0.5548	0.5399
14	16	0.9995	0.4901	0.4775
14	18	0.5564	0.5510	0.5029
14	23	0.8000	0.4001	0.4743
15	16	0.9496	0.5679	0.4577
15	17	0.7002	0.4544	0.5559
15	20	0.8502	0.4685	0.4274
15	22	0.5506	0.3474	0.4274
15	23	0.7504	0.4824	0.4352
16	17	0.5513	0.5389	0.3859
16	18	0.8994	0.5267	0.4173
16	22	0.6497	0.3674	0.4800
16	23	0.7004	0.4926	0.4454
17	18	0.8888	0.6759	0.4208
17	20	0.9496	0.6883	0.5296
17	22	0.9988	0.6413	0.2702
17	23	0.9996	0.6834	0.7181
18	19	0.6997	0.6818	0.7582
18	20	0.9993	0.5288	0.4849
18	21	0.9498	0.7850	0.5450
18	22	0.9985	0.5279	0.5824
18	23	0.9990	0.5018	0.5244
19	20	0.5499	0.3354	0.4990
19	22	0.7001	0.5406	0.4783
19	23	0.7495	0.6609	0.3676
20	21	0.8995	0.6995	0.6491
20	22	0.9491	0.5583	0.5027
20	23	0.8994	0.5992	0.6463
21	22	0.9486	0.7344	0.5078
21	23	0.7004	0.5948	0.5064
22	23	0.9995	0.6335	0.5916
