0	1	0.9002	0.8582	0.5271
0	22	0.5507	0.4604	0.3609
1	2	0.8992	0.7390	0.2211
2	3	0.9997	0.6530	0.3915
2	4	0.9996	0.7492	0.9323
2	5	0.9987	0.7091	0.5923
2	6	0.9991	0.6461	0.2265
2	7	0.9995	0.6211	0.7922
2	8	0.7495	0.4353	0.5589
2	9	0.9998	0.3971	0.5396
2	10	0.9998	0.5097	0.3105
2	11	0.6995	0.6719	0.3158
2	12	0.9985	0.5830	0.5261
2	13	0.7998	0.5622	0.2617
2	22	0.8004	0.2064	0.2865
3	4	0.9979	0.9350	0.7053
3	5	0.9487	0.4855	0.3235
3	6	0.9982	0.3821	0.3846
3	7	0.6503	0.3774	0.5573
3	9	0.7504	0.4743	0.5005
3	12	0.5502	0.3264	0.3470
4	5	0.9981	0.8653	0.1796
4	6	0.8995	0.6752	0.4195
4	7	0.9497	0.5489	0.4769
4	9	0.6013	0.7469	0.4382
4	12	0.6514	0.7558	0.4179
5	6	0.9979	0.5364	0.2213
5	7	0.9984	0.5133	0.7063
5	8	0.5003	0.3489	0.5060
5	9	0.7509	0.5400	0.4643
5	10	0.7002	0.3909	0.2994
6	7	1.0000	0.6785	0.4956
6	8	0.5499	0.5028	0.2736
6	9	0.8507	0.2041	0.2969
6	11	0.7001	0.4138	0.2871
6	22	0.9480	0.7819	0.6904
7	8	0.8990	0.5433	0.2117
7	10	0.6002	0.6540	0.5599
7	11	0.5518	0.5089	0.3760
8	9	0.6500	0.6782	0.3984
8	10	0.9995	0.4284	0.9297
8	11	0.8995	0.4808	0.5389
8	13	0.6993	0.6394	0.8992
8	22	0.5996	0.9290	0.4646
9	10	0.9998	0.6050	0.4422
9	11	0.6583	0.4586	0.5003
9	12	0.9493	0.6226	0.6435
9	13	0.9999	0.7007	0.3832
10	11	0.8509	0.6663	0.4206
10	12	0.9993	0.6709	0.6817
10	13	0.8500	0.5855	0.3774
10	22	0.6994	0.8830	0.2612
11	12	0.9996	0.5089	0.3806
11	13	0.8496	0.5254	0.5120
11	15	0.5004	0.3546	0.4384
11	21	0.9500	0.4005	0.4941
11	22	0.9986	0.3845	0.1684
12	13	0.9994	0.5796	0.3109
13	14	0.8999	0.9756	0.3757
13	15	0.9488	0.8399	0.4344
13	17	0.6008	0.6072	0.3236
13	22	0.9973	0.9221	0.2351
13	23	0.6498	0.5527	0.5079
14	15	0.9998	0.8201	0.1800
14	16	0.5508	0.3843	0.6253
14	22	0.7994	0.6771	0.4758
15	16	0.9997	0.7217	0.4113
15	17	0.9999	0.5764	0.4799
15	18	0.9997	0.7205	0.4810
15	20	0.9997	0.5964	0.4874
15	22	0.9992	0.6920	0.5846
15	23	0.9499	0.7162	0.2576
15	24	0.6009	0.7748	0.5684
15	32	0.5006	0.6768	0.3918
16	17	0.9999	0.7323	0.3726
16	18	0.9979	0.5112	0.5863
16	19	0.9990	0.7996	0.6367
16	20	0.9990	0.5025	0.5002
16	22	0.9982	0.3152	0.3562
16	23	0.8506	0.4476	0.5394
16	24	0.8989	0.4105	0.4810
17	18	1.0000	0.4284	0.6320
17	20	0.9995	0.4398	0.5279
17	23	0.8503	0.5327	0.4171
18	19	0.9991	0.6058	0.6350
18	20	0.9992	0.5228	0.5494
18	22	0.8985	0.4731	0.5058
18	23	0.9489	0.5644	0.6042
19	20	0.9997	0.6464	0.5282
19	23	0.8502	0.7020	0.5406
20	22	0.9979	0.6736	0.3863
20	23	0.9485	0.4740	0.5087
20	24	0.8492	0.5405	0.4878
21	22	0.9965	0.9153	0.5471
22	23	0.9985	0.6619	0.2087
23	24	0.9492	0.5830	0.5693
24	25	0.7501	0.5394	0.3909
24	26	0.8492	0.5038	0.4108
24	32	0.6996	0.4324	0.5680
25	26	0.9494	0.5129	0.4354
25	28	0.8991	0.4606	0.4337
25	30	0.5006	0.8750	0.5338
25	31	0.8992	0.6932	0.6241
25	32	0.7978	0.4939	0.5743
26	27	0.8499	0.4657	0.6918
26	28	0.9987	0.5240	0.4332
26	29	0.6502	0.5557	0.3625
26	30	0.8998	0.6495	0.6060
26	31	0.9978	0.4865	0.5717
26	32	0.7498	0.4582	0.4216
27	28	0.9995	0.5875	0.6340
27	30	0.7999	0.4878	0.7388
27	31	0.7001	0.5704	0.3059
28	29	0.8483	0.7808	0.3452
28	30	0.7004	0.6575	0.6946
28	31	0.9979	0.4484	0.5033
28	32	0.9993	0.6375	0.4419
29	30	0.9483	0.7047	0.5925
29	31	0.8499	0.5715	0.4140
29	32	0.9492	0.2481	0.4239
30	31	0.9999	0.6726	0.3726
30	32	0.5156	0.6241	0.2987
31	32	1.0000	0.6106	0.3836
