0	1	0.9985	0.7817	0.6337
0	2	0.8146	0.1171	0.0517
0	7	0.9983	0.2469	0.3632
0	8	0.7503	0.4227	0.0923
1	2	0.7505	0.9001	0.0009
1	5	0.9996	0.8774	1.0000
1	7	0.8504	0.0147	0.9428
1	8	0.9972	0.8351	0.0005
1	9	0.9001	0.8459	0.9998
1	11	0.9998	0.9991	0.8574
1	12	0.9991	0.9970	0.1075
2	3	0.9998	0.4875	0.3900
2	5	0.9993	0.0109	0.7461
2	8	0.9977	0.2287	0.4463
2	9	1.0000	0.8868	0.3356
2	10	1.0000	0.8102	0.9987
2	11	0.9996	0.4376	0.4756
2	12	1.0000	0.4340	0.5509
2	13	0.9999	0.5565	0.3643
2	14	0.9489	0.4607	0.6811
2	15	0.9492	0.2788	0.6671
2	16	0.9988	0.3998	0.4627
3	4	0.9978	0.6486	0.0171
3	5	1.0000	0.6596	0.4438
3	8	0.9976	0.3624	0.6375
3	9	0.9990	0.1056	0.2797
3	11	0.9498	0.7114	0.7889
3	13	1.0000	0.6390	0.4692
3	14	0.8504	0.9739	0.4947
3	15	1.0000	0.9670	0.7928
3	16	1.0000	0.6274	0.3844
3	17	0.9500	0.8508	0.3746
4	5	1.0000	0.5693	0.3340
4	6	0.9944	0.7286	0.4775
4	7	0.8998	0.9313	0.3178
4	8	1.0000	0.7585	0.4847
4	16	0.9977	0.1467	0.4441
5	6	0.9998	0.7328	0.1948
5	7	1.0000	0.0490	0.0603
5	8	0.9992	0.4515	0.3875
5	9	0.9502	0.4213	0.8975
5	11	0.9964	0.9609	1.0000
5	16	0.9999	0.2861	0.9367
6	7	0.9986	0.5473	0.4727
6	8	0.9972	0.2357	0.1504
6	9	0.9986	0.2905	0.9994
7	8	0.9977	0.1737	0.5465
7	9	0.9999	0.0674	0.7777
7	10	0.9993	0.1315	0.0029
8	9	1.0000	0.5895	0.6660
8	10	0.9988	0.5528	0.2878
8	11	0.9978	0.3252	0.9557
8	16	1.0000	0.7069	0.9623
9	10	0.9999	0.7700	0.4590
9	11	0.9976	0.7057	0.6484
9	13	0.7502	0.7294	0.1626
9	16	0.9998	0.3973	0.9231
10	11	0.9999	0.9946	0.3739
10	12	0.9999	0.9953	0.4270
11	12	0.9997	0.4352	0.3774
11	13	0.9991	0.6996	0.5123
12	13	1.0000	0.4581	0.8435
12	14	0.8996	0.6053	0.8684
13	14	0.9995	0.9897	0.1754
13	15	0.9993	0.8124	0.5961
13	17	1.0000	0.6540	0.4971
14	15	0.9980	0.2525	0.7721
14	17	0.9995	0.3323	0.9334
15	16	0.9485	0.4663	0.2009
15	17	1.0000	0.4928	0.8020
16	17	0.9998	0.1124	0.1528
