0	21	0.9976	0.2873	0.4537
0	22	0.9977	0.1056	0.8107
0	23	1.0000	0.5023	0.7741
0	24	0.9988	0.2713	0.2111
1	2	0.9987	0.6381	0.5817
1	3	0.7995	0.5322	0.1264
1	17	0.9999	0.5480	0.5818
2	3	0.9981	0.6030	0.0649
2	17	0.9965	0.1262	0.3397
3	4	0.9998	0.8034	0.2181
3	11	0.9994	0.8144	0.3548
3	13	1.0000	0.5780	0.5828
3	16	0.7505	0.3452	0.5145
3	17	0.9305	0.1375	0.3568
3	18	0.9988	0.6444	0.2081
4	5	0.9975	0.6924	0.5962
4	8	0.6005	0.3546	0.1892
4	11	0.7002	0.4918	0.3538
4	13	0.9977	0.5803	0.6862
4	14	0.9495	0.0281	0.5327
4	16	0.9989	0.4673	0.4177
5	6	1.0000	0.7203	0.1882
5	7	0.9500	0.4489	0.7252
5	8	0.9992	0.7801	0.0028
5	10	1.0000	0.4665	0.5357
5	11	0.9997	0.2866	0.5030
5	12	0.9980	0.0758	0.6288
5	13	0.9996	0.3355	0.4131
5	14	1.0000	0.7948	0.2763
5	15	0.6498	0.2441	0.6340
5	16	0.9980	0.5580	0.0867
6	7	0.9991	0.6981	0.5016
6	8	0.9998	0.6314	0.5161
6	9	0.9978	0.9558	0.3972
6	10	0.9985	0.4730	0.4430
6	11	0.7999	0.4236	0.4512
7	8	1.0000	0.5509	0.3558
7	10	0.9999	0.2869	0.6677
7	11	0.9987	0.3879	0.3044
8	9	0.9971	0.9674	0.3739
8	10	0.9996	0.4620	0.4223
8	11	0.9490	0.2286	0.3516
9	10	1.0000	0.0467	0.0815
9	11	0.5509	0.0867	0.3472
10	12	0.8986	0.6116	0.6874
10	13	0.6001	0.4377	0.4248
10	14	1.0000	0.0093	0.1497
11	12	0.9997	0.5560	0.7783
11	13	0.9983	0.3571	0.4150
11	14	1.0000	0.0013	0.1701
11	16	0.6019	0.3134	0.1109
11	17	0.5014	0.7498	0.1400
12	13	0.9970	0.7411	0.4192
13	14	1.0000	0.6865	0.3302
13	15	0.6005	0.3284	0.8120
13	16	0.9997	0.5278	0.2177
13	17	0.9493	0.1504	0.1024
14	16	0.9968	0.7124	0.0599
15	16	0.9988	0.5547	0.8421
16	17	0.9499	0.8538	0.1968
17	18	0.9993	0.9488	0.0513
18	19	0.9980	0.9640	0.5021
18	20	0.9977	0.9924	0.9397
18	21	0.9998	0.9409	0.3846
18	23	1.0000	0.8710	0.9148
18	24	0.9998	0.7649	0.1725
19	20	0.9487	0.7358	0.8936
19	21	0.9988	0.5937	0.8223
19	23	0.8484	0.4801	0.6189
19	24	0.5009	0.1396	0.6631
20	21	0.7003	0.2819	0.1750
21	22	0.9994	0.6899	0.6295
21	23	0.9996	0.4697	0.2624
21	24	1.0000	0.7125	0.7979
22	23	0.9993	0.6656	0.1820
22	24	1.0000	0.6039	0.8227
23	24	0.9999	0.5670	0.5773
