0	1	0.9987	0.7864	0.1331
0	3	0.8996	0.7043	0.2881
0	4	0.8493	0.8554	0.4749
0	5	0.7497	0.6831	0.7770
1	2	0.9998	0.8183	0.4065
1	3	0.9989	0.4150	0.4545
1	4	0.9995	0.5213	0.5609
1	5	1.0000	0.6605	0.5869
1	6	1.0000	0.6090	0.4384
1	7	0.5007	0.8630	0.4115
1	20	0.8501	0.1212	0.7542
2	3	1.0000	0.7017	0.3413
2	4	1.0000	0.5143	0.7371
2	6	0.7508	0.4255	0.7331
2	20	0.7239	0.6767	0.2882
3	4	0.9993	0.5178	0.5130
3	5	0.9981	0.6266	0.5735
4	5	0.9986	0.7494	0.4399
4	6	0.5509	0.5365	0.4618
5	6	0.9987	0.4807	0.2648
5	7	0.8999	0.2504	0.6225
6	7	0.9992	0.9451	0.2919
6	8	0.9493	0.5793	0.3765
6	9	0.7496	0.6396	0.5002
6	10	0.9978	0.6786	0.2051
6	20	0.9994	0.5511	0.6242
7	8	0.9986	0.3614	0.2683
7	9	0.9499	0.3954	0.5868
7	10	0.8961	0.4992	0.2830
8	9	0.9981	0.4847	0.4767
8	10	0.9988	0.5034	0.2067
8	17	0.6499	0.7705	0.3518
8	18	0.8490	0.5801	0.6590
8	19	0.8985	0.6575	0.6222
8	20	0.9493	0.4802	0.4692
9	10	0.9996	0.6683	0.2916
9	17	0.6489	0.6987	0.4506
9	18	0.9985	0.7247	0.6786
9	19	0.6497	0.5578	0.5396
9	20	0.9993	0.7073	0.3243
10	11	0.9998	0.6432	0.1688
10	12	0.8005	0.3835	0.5957
10	13	0.9989	0.5282	0.3050
10	16	0.9982	0.6060	0.2533
10	18	0.9996	0.4099	0.4256
10	19	0.9995	0.2694	0.8368
10	20	0.9496	0.4819	0.4207
11	12	0.9995	0.8823	0.4839
11	13	0.9997	0.4734	0.4685
11	14	0.9989	0.9211	0.5737
11	15	0.8998	0.8375	0.6954
11	16	0.9992	0.4981	0.3297
11	17	0.8489	0.7357	0.5258
12	13	1.0000	0.4753	0.8098
12	14	0.9995	0.1867	0.7187
12	15	0.6007	0.6564	0.4776
12	16	0.9998	0.3913	0.6602
13	14	0.9988	0.9157	0.6984
13	15	0.8993	0.6512	0.5904
13	16	0.9991	0.5395	0.3295
13	17	0.8498	0.7234	0.4061
14	15	0.9984	0.8454	0.1231
14	16	0.8995	0.4914	0.8827
14	17	0.5507	0.4551	0.2807
15	16	0.9992	0.6050	0.2529
15	17	0.9498	0.4820	0.4221
16	17	0.9983	0.8060	0.5460
16	18	0.6007	0.4591	0.2492
17	18	0.9999	0.4878	0.5960
17	19	0.9491	0.5068	0.5723
18	19	0.9997	0.6722	0.5375
18	20	0.9990	0.7377	0.3419
19	20	0.9996	0.8197	0.3377
