0	1	1.0000	0.7060	0.3494
0	2	0.6501	0.4832	0.3207
0	6	0.6508	0.4185	0.3246
0	7	0.9500	0.5428	0.4233
0	9	0.8499	0.6780	0.5358
0	10	0.6997	0.6007	0.4218
1	2	0.9994	0.6920	0.1466
1	3	0.9501	0.1853	0.8549
1	6	0.8002	0.6529	0.4517
1	7	0.9499	0.3077	0.5576
2	3	0.9995	0.8641	0.4326
2	4	0.9994	0.6441	0.3251
2	5	0.9997	0.6737	0.5056
2	6	0.9990	0.4857	0.4124
2	7	0.8495	0.5633	0.4945
3	4	0.9997	0.4993	0.4374
3	5	0.9188	0.5168	0.4968
3	6	0.9001	0.4335	0.8341
3	7	0.7004	0.4359	0.6860
3	9	0.5993	0.5060	0.2876
4	5	0.9989	0.8288	0.4260
4	6	0.7498	0.4677	0.4316
5	6	0.9996	0.5820	0.4536
5	7	0.6021	0.5745	0.5030
5	9	1.0000	0.6198	0.7864
6	7	0.8994	0.5817	0.5042
6	9	0.9990	0.6580	0.6639
7	9	0.9994	0.6538	0.5988
8	9	0.9982	0.6292	0.6749
8	11	0.6007	0.2501	0.7259
9	10	0.9491	0.8144	0.4167
9	11	0.6000	0.4413	0.6556
10	11	0.8999	0.8898	0.2611
10	16	0.8493	0.4792	0.5191
10	17	0.5501	0.6848	0.3638
11	12	0.9487	0.8832	0.7531
11	13	0.7994	0.6496	0.6549
11	14	0.6193	0.5241	0.5459
11	16	1.0000	0.4187	0.9373
11	18	0.9999	0.2227	0.9433
11	20	0.5499	0.2831	0.7461
11	23	0.8507	0.3176	0.6864
12	13	0.6496	0.5421	0.4169
12	14	0.6989	0.7908	0.8487
14	15	0.8491	0.6617	0.3892
14	16	0.7002	0.3195	0.3720
15	16	0.5011	0.2577	0.1279
16	17	0.8502	0.8970	0.4993
16	18	0.6499	0.5897	0.4782
16	19	0.5001	0.7227	0.3891
17	18	0.9992	0.8547	0.8158
17	19	0.6007	0.5493	0.2574
17	23	0.7003	0.5767	0.4959
18	19	0.9492	0.8222	0.4678
18	23	0.6521	0.6616	0.4264
19	20	0.8993	0.4776	0.7719
19	21	0.5006	0.7249	0.3604
19	22	0.6004	0.4254	0.5486
19	23	0.7000	0.4165	0.6627
20	21	0.7002	0.8817	0.3988
20	22	0.7674	0.5536	0.5583
20	23	0.6027	0.2643	0.5182
21	22	0.7504	0.4435	0.3637
21	27	0.6004	0.6289	0.4896
22	23	0.5504	0.6719	0.2006
22	27	0.7003	0.3894	0.4508
23	24	0.7499	0.7418	0.5979
23	25	0.6517	0.5474	0.3555
24	25	0.9500	0.9068	0.1298
24	59	0.6936	0.6083	0.6845
24	60	0.8003	0.6808	0.5473
24	61	0.6016	0.6446	0.2487
26	27	0.7001	0.5370	0.3316
26	28	0.8504	0.5801	0.3994
27	28	0.9996	0.4550	0.4197
27	29	0.5504	0.5081	0.4008
28	29	0.9001	0.5304	0.3840
29	31	0.6316	0.7521	0.3689
30	31	0.9975	0.9047	0.1739
31	32	0.9994	0.5180	0.4530
31	33	0.6004	0.5534	0.4674
31	34	0.7498	0.5906	0.7074
31	41	0.8994	0.2811	0.6547
31	43	0.9990	0.6808	0.2800
31	44	1.0000	0.5392	0.7862
32	33	0.9996	0.9708	0.1392
32	40	0.9995	0.4426	0.5572
32	41	0.9985	0.4746	0.5131
32	42	0.9986	0.7855	0.3432
32	43	0.8001	0.6475	0.2349
32	44	1.0000	0.3459	0.8543
32	53	0.6502	0.5940	0.7828
33	34	0.9992	0.9182	0.2827
33	35	0.6500	0.7188	0.2069
33	39	0.5512	0.6761	0.3248
33	40	0.6017	0.6743	0.2988
33	42	0.7003	0.5621	0.3893
33	43	0.9996	0.8078	0.2668
33	44	1.0000	0.5750	0.6171
34	37	0.7999	0.7315	0.6041
34	39	0.8004	0.7512	0.4010
34	43	0.8996	0.6905	0.5268
35	39	0.5511	0.5784	0.3403
35	43	0.5006	0.6829	0.2543
36	37	0.8005	0.6588	0.4183
36	38	0.7502	0.5187	0.6648
36	39	0.9001	0.6916	0.3988
36	40	0.6008	0.6181	0.3301
37	38	0.8998	0.4336	0.7240
37	39	0.9501	0.6645	0.4249
37	40	0.5007	0.3858	0.3014
38	39	0.9483	0.9461	0.3106
38	40	0.5010	0.6886	0.2706
39	40	0.9001	0.7382	0.2348
39	43	0.6018	0.1801	0.4566
39	44	0.5005	0.4944	0.2666
40	43	0.5005	0.4588	0.3734
40	44	0.6010	0.4173	0.6805
41	42	0.8496	0.8509	0.3493
41	44	0.6010	0.3351	0.8651
41	45	0.9992	0.5640	0.4747
41	46	0.7001	0.8308	0.4065
41	47	0.6004	0.6112	0.4575
41	53	0.5513	0.7741	0.7101
41	56	0.5990	0.5764	0.4114
42	43	0.6505	0.6354	0.2819
42	44	0.7003	0.5794	0.6807
42	48	0.7006	0.2192	0.3882
42	50	0.5009	0.3961	0.5729
42	52	0.5006	0.4088	0.4716
43	44	0.9990	0.6373	0.3197
44	45	0.5504	0.7706	0.1933
44	46	0.5008	0.6061	0.4896
44	52	0.5999	0.5064	0.7154
45	46	0.9997	0.7125	0.4708
45	47	0.9998	0.6802	0.4863
45	53	0.8508	0.4111	0.7745
45	54	0.9998	0.4950	0.3938
45	55	0.6501	0.6218	0.4307
45	56	0.9000	0.6055	0.3603
45	57	0.5997	0.6843	0.6140
45	58	0.5502	0.6917	0.6130
45	59	0.9992	0.4671	0.2539
45	71	0.5661	0.4020	0.2912
46	47	0.9498	0.5506	0.5264
46	48	0.9003	0.3045	0.2703
46	52	0.5053	0.3491	0.6968
46	53	0.8505	0.6434	0.5867
46	54	0.8509	0.6033	0.5518
46	56	0.6395	0.6390	0.4581
46	59	0.5998	0.5602	0.4183
47	48	0.8501	0.9575	0.2324
47	49	0.6505	0.8151	0.7384
47	53	0.9995	0.4592	0.7367
47	54	0.9979	0.5271	0.6578
47	55	0.9990	0.7817	0.4472
47	56	0.9952	0.5764	0.5864
47	57	0.9493	0.7928	0.6170
47	58	0.9990	0.8308	0.7208
47	59	0.9492	0.3661	0.3043
48	49	0.9991	0.7495	0.1904
48	51	0.5018	0.5305	0.3366
48	52	0.9983	0.6357	0.1493
48	53	0.8498	0.4036	0.2272
49	50	0.9497	0.6856	0.5199
49	51	0.9998	0.5393	0.7621
49	52	0.8006	0.6072	0.4827
49	53	0.8503	0.7747	0.3122
50	51	0.9000	0.5821	0.3683
50	52	0.9496	0.3699	0.4509
50	53	0.5504	0.5256	0.3715
51	53	0.6002	0.7105	0.3813
52	53	0.9500	0.6623	0.1564
53	54	0.7001	0.7980	0.4049
53	55	0.9998	0.6351	0.5720
53	56	0.9997	0.7297	0.2686
53	58	0.5503	0.7035	0.6149
53	59	0.6513	0.8156	0.2179
54	55	0.7006	0.4411	0.3730
54	56	0.9499	0.6712	0.4616
54	57	0.9493	0.6581	0.6195
54	59	0.5015	0.4367	0.2049
55	56	0.9994	0.6004	0.4613
55	57	0.9492	0.4319	0.6223
55	58	0.7501	0.5373	0.5471
56	57	0.9995	0.6254	0.5214
56	58	0.8995	0.6572	0.5878
57	58	0.9987	0.7208	0.6046
58	59	0.9990	0.6398	0.4607
59	60	0.7499	0.5428	0.6058
60	61	0.8996	0.8052	0.1346
61	62	0.9502	0.7857	0.3407
61	63	0.8497	0.7430	0.4038
61	64	0.5408	0.7362	0.5783
61	65	0.7006	0.7269	0.5173
62	63	0.9502	0.6076	0.5062
62	64	0.6005	0.4664	0.5205
62	65	0.5995	0.5647	0.3547
62	66	0.8502	0.5485	0.4930
63	64	0.9002	0.6234	0.5221
63	65	0.6502	0.6162	0.5496
64	65	0.7001	0.5514	0.4453
65	66	0.8007	0.4915	0.5068
66	67	0.6521	0.8294	0.3666
66	69	0.6011	0.7749	0.5059
66	73	0.7997	0.6646	0.4393
67	68	0.8498	0.5027	0.2598
67	69	0.5504	0.5548	0.6077
67	71	0.8495	0.5199	0.3828
67	73	0.6004	0.5274	0.6866
68	69	0.9979	0.6281	0.7438
68	70	0.5503	0.3016	0.4490
68	71	0.8494	0.5132	0.5840
68	72	0.9986	0.7577	0.6081
68	73	0.9988	0.6621	0.4464
68	74	0.5003	0.3713	0.0496
69	70	0.6003	0.5728	0.8054
69	71	0.9485	0.5720	0.6406
69	72	0.9496	0.6326	0.5616
69	73	0.7505	0.6396	0.5243
70	71	0.9991	0.7215	0.1204
71	72	0.9994	0.6649	0.4629
71	73	0.9987	0.6695	0.4632
71	74	0.5236	0.4428	0.3755
72	73	0.9981	0.5942	0.6121
73	74	0.9016	0.6675	0.4455
