0	1	0.6309	0.9135	0.1577
0	3	0.9480	0.9408	0.6545
0	5	0.9992	0.7876	0.7482
0	10	0.9996	0.7031	0.2574
0	11	0.9999	0.4503	0.3469
1	11	0.9995	0.0447	0.5440
2	3	0.9984	0.1085	0.6234
2	7	0.8001	0.5664	0.8414
3	4	0.9989	0.9513	0.0000
3	5	0.9968	0.6438	0.5631
3	6	0.9996	0.2724	0.8745
3	7	0.9997	0.0869	0.8298
3	8	0.9987	0.0796	0.7477
3	9	0.8020	0.1315	0.0778
3	10	0.9991	0.8975	0.7786
3	12	1.0000	0.2462	0.8178
3	13	0.9981	0.4225	0.1736
4	5	0.9963	0.1165	0.2642
4	10	0.9956	0.0784	0.9998
4	11	0.9996	0.8684	0.1782
5	6	1.0000	0.9133	0.4415
5	8	0.8998	0.9587	0.7961
5	9	0.9999	0.7904	0.7602
5	10	0.9984	0.7342	0.5324
5	11	0.9999	0.1306	0.1772
5	12	1.0000	0.4998	0.4381
5	13	0.7997	0.2504	0.6066
6	7	0.9999	0.5837	0.5061
6	8	0.9975	0.1814	0.3656
6	9	0.9975	0.3147	0.4371
7	8	1.0000	1.0000	0.3612
7	9	1.0000	0.9996	0.2437
8	9	0.9983	0.4890	0.1689
8	12	0.6000	0.6669	0.8249
9	10	0.9998	0.9264	0.3754
9	11	0.9003	0.7428	0.9544
9	12	1.0000	0.5695	0.4734
10	11	0.9997	0.5540	0.5894
10	12	0.9999	0.5693	0.3615
11	12	0.9990	0.7515	0.1128
12	13	1.0000	0.5947	0.7582
