0	2	0.9995	0.9058	0.6149
0	3	0.7505	0.4440	0.5732
0	8	1.0000	0.6812	0.3990
0	9	0.9986	0.9679	0.9189
0	10	0.9997	0.6979	0.4226
0	28	0.9998	0.4426	0.8980
0	29	0.9999	0.1042	0.3799
0	30	0.5005	0.2987	0.7600
1	2	0.9989	0.7975	0.5698
1	3	0.9954	0.5638	0.8219
1	5	0.9999	0.8744	0.4609
1	6	0.9982	0.6627	0.8350
2	3	1.0000	0.7877	0.4629
2	5	0.9998	0.8186	0.4564
2	6	0.9972	0.8280	0.1662
2	8	0.5009	0.5421	0.6777
2	28	1.0000	0.6807	0.4449
3	4	0.9995	0.9979	0.3037
3	5	1.0000	0.6728	0.5661
3	6	0.9997	0.7871	0.5060
3	7	0.9981	0.9018	0.7085
3	8	0.6299	0.4521	0.2733
3	28	0.7506	0.0718	0.6534
4	5	0.8496	0.8707	0.0717
5	6	0.9987	0.6531	0.1801
6	7	0.9976	0.8479	0.7280
7	8	0.6500	0.8125	0.2483
7	9	0.9498	0.3154	0.7422
8	9	0.9987	0.7705	0.6873
8	10	0.9980	0.4689	0.5177
8	28	0.9996	0.3021	0.7175
8	29	0.5982	0.1111	0.2419
8	30	0.8497	0.0580	0.7803
8	32	0.5510	0.0227	0.5838
9	10	0.8989	0.5806	0.4735
9	11	0.8999	0.5439	0.5982
10	11	0.9981	0.9849	0.1669
10	15	0.8995	0.3705	0.2652
10	17	0.9480	0.8355	0.2290
10	28	1.0000	0.6438	0.7321
10	29	0.6195	0.6210	0.4208
10	30	0.9991	0.4409	0.9799
10	32	0.8980	0.5958	0.5671
11	12	0.9986	0.5670	0.5876
11	13	0.9981	0.5965	0.4963
11	14	0.9993	0.3635	0.3497
11	15	0.8998	0.7884	0.2628
11	28	0.6001	0.3817	0.2007
11	30	0.8976	0.8756	0.9730
11	31	0.5006	0.6857	0.1150
11	32	0.9988	0.9199	0.8669
12	13	0.8496	0.4962	0.5170
12	14	0.9996	0.5030	0.4618
12	15	0.8991	0.7729	0.1743
12	17	0.5988	0.7402	0.5409
12	28	0.9499	0.7924	0.3695
12	30	0.6486	0.8302	0.9133
12	31	0.7499	0.8997	0.6457
12	32	0.9968	0.9144	0.7789
13	14	0.8002	0.4754	0.5271
13	15	0.7498	0.8195	0.1577
13	17	0.7977	0.6727	0.3299
13	28	0.9988	0.7042	0.3760
13	31	0.7003	0.8410	0.4773
13	32	0.5493	0.8039	0.7331
14	17	0.5504	0.4783	0.2581
14	28	0.9497	0.6697	0.3797
15	16	0.9997	0.8784	0.0698
15	17	0.9998	0.3481	0.4608
15	20	0.9000	0.8889	0.0159
15	22	0.9005	0.8823	0.0825
15	24	0.8504	0.8316	0.2320
15	28	0.8002	0.3655	0.4858
15	30	0.9974	0.9807	0.7260
15	31	0.9981	0.9092	0.6469
15	32	0.9984	0.9431	0.4226
16	17	0.9980	0.8032	0.4911
16	18	0.9998	0.5228	0.3879
16	20	0.9998	0.4822	0.4832
16	21	0.8997	0.8264	0.6596
16	22	1.0000	0.6035	0.4390
17	18	0.9998	0.6315	0.1873
17	19	0.5010	0.4325	0.8322
17	20	1.0000	0.5886	0.4379
17	22	1.0000	0.4138	0.7173
17	28	0.9980	0.3537	0.1989
17	30	0.5496	0.2413	0.8447
17	31	0.5502	0.3106	0.4822
17	32	0.5500	0.4508	0.4194
18	19	0.9996	0.8155	0.5568
18	20	0.9987	0.4071	0.4936
18	21	0.9995	0.9140	0.6782
18	22	0.9490	0.3725	0.3264
19	20	0.9995	0.7749	0.5856
19	21	0.9001	0.3097	0.7315
20	21	0.9984	0.8255	0.6977
21	22	0.9492	0.7305	0.5899
21	23	0.8003	0.6461	0.5803
22	23	0.9492	0.8686	0.6180
22	24	0.9404	0.4500	0.4388
22	25	0.9000	0.7132	0.4396
22	26	0.6993	0.4530	0.5449
23	24	0.9993	0.8133	0.0672
23	25	0.9989	0.9215	0.9236
23	26	0.9973	0.7453	0.2680
24	25	0.9996	0.4772	0.3809
24	26	0.9982	0.4434	0.6663
25	26	0.9961	0.5356	0.7309
25	27	0.6982	0.4187	0.6319
26	27	0.9989	0.9914	0.5199
28	29	0.9992	0.9864	0.3237
28	30	0.8996	0.8516	0.6848
28	31	0.8500	0.7273	0.5185
28	32	0.9003	0.8775	0.3708
29	30	0.9491	0.5259	0.6999
30	31	0.6998	0.6202	0.5918
30	32	0.9991	0.8202	0.4108
31	32	0.9992	0.8264	0.5775
