0	1	1.0000	0.4776	0.7225
0	2	0.9491	0.5109	0.3133
0	3	0.9998	0.5512	0.6455
0	19	0.9995	0.4080	0.4956
0	20	0.7998	0.3898	0.4961
0	21	0.9991	0.7291	0.3891
0	22	0.9968	0.6031	0.3352
0	23	0.9987	0.5175	0.3022
0	24	0.9990	0.6023	0.6934
1	2	0.9973	0.6485	0.1681
1	3	0.9999	0.5906	0.6033
1	5	0.9490	0.3492	0.3749
1	19	0.9977	0.7796	0.5090
1	20	0.9490	0.8771	0.7032
1	21	0.9983	0.6758	0.3594
1	22	0.8991	0.6927	0.2602
1	23	0.9982	0.6940	0.3444
1	24	0.9991	0.7581	0.8803
2	3	0.9998	0.8306	0.2307
2	19	0.9982	0.2852	0.6393
2	20	0.9979	0.7808	0.3921
2	21	0.9998	0.5272	0.4285
2	22	0.9990	0.9150	0.3908
2	23	0.9998	0.7615	0.2389
2	24	0.9995	0.8834	0.7941
3	4	0.9967	0.9906	0.0270
3	5	1.0000	0.8354	0.4183
3	6	0.9998	0.8498	0.0776
3	7	0.9981	0.8597	0.4628
3	9	0.9999	0.8040	0.3530
3	10	0.9973	0.6524	0.3431
3	13	0.7501	0.7505	0.7950
3	15	0.6986	0.5335	0.3499
3	19	0.9999	0.4582	0.7446
3	20	0.6002	0.5139	0.3618
3	21	0.9990	0.3326	0.4039
3	22	0.9973	0.5152	0.2862
3	23	0.9986	0.3752	0.2128
3	24	0.9976	0.3947	0.2409
4	5	0.9974	0.8120	0.0678
4	6	0.9993	0.6701	0.6184
4	7	0.6504	0.6327	0.2356
4	19	0.8990	0.5358	0.2737
5	6	1.0000	0.4922	0.5773
5	7	0.9993	0.4420	0.4921
5	8	0.7497	0.5537	0.2368
5	19	0.9980	0.6647	0.4223
5	21	0.7992	0.5726	0.3778
6	7	0.9999	0.4922	0.4791
6	8	0.9988	0.5012	0.2475
6	9	0.8001	0.4446	0.5338
7	8	0.9990	0.8695	0.1436
7	9	0.9985	0.9276	0.5363
8	9	0.9990	0.7938	0.2897
9	13	0.6503	0.7538	0.2936
9	19	0.8506	0.2517	0.2113
10	15	0.7009	0.8000	0.3516
10	19	0.9982	0.8158	0.5078
10	20	0.5515	0.7374	0.3329
10	21	0.9983	0.6393	0.4463
10	23	0.8501	0.2768	0.1918
11	12	0.9973	0.7241	0.0384
11	13	1.0000	0.6977	0.5604
11	14	0.5001	0.4050	0.7826
11	15	0.9501	0.4928	0.8238
11	16	0.7502	0.4052	0.4874
11	18	0.6496	0.5022	0.4332
12	13	1.0000	0.7832	0.3410
12	15	0.5005	0.5527	0.4911
13	14	0.9996	0.8830	0.7073
13	15	0.9998	0.7926	0.4356
13	16	0.8994	0.4931	0.6368
13	17	1.0000	0.4696	0.9050
13	18	1.0000	0.4474	0.6692
13	19	0.8991	0.8681	0.1654
13	21	0.5503	0.9546	0.1913
15	16	0.9484	0.9998	0.3456
15	18	0.9992	0.8470	0.7012
15	19	0.7006	0.5345	0.5045
16	17	0.8490	0.6170	0.4316
16	18	0.7492	0.5476	0.0765
17	18	0.9479	0.7021	0.2025
18	19	0.9990	0.8065	0.1412
18	20	1.0000	0.8780	0.5562
18	21	0.8493	0.7857	0.1859
18	22	0.5218	0.6079	0.3969
19	20	0.9986	0.6918	0.5722
19	22	0.8489	0.5773	0.5045
20	21	0.9995	0.6726	0.3220
20	22	0.8500	0.4390	0.6439
20	23	0.7502	0.6582	0.2101
21	22	1.0000	0.3869	0.8082
21	23	0.8492	0.3824	0.3049
21	24	0.9489	0.4140	0.5177
22	23	0.9965	0.7600	0.0539
22	24	0.8992	0.8698	0.5162
23	24	1.0000	0.5267	0.4598
