0	1	1.0000	0.4906	0.5150
0	2	0.9992	0.4422	0.5515
0	3	0.6008	0.4901	0.2406
0	6	0.9968	0.9297	0.3121
0	44	0.8994	0.8043	0.2315
1	2	0.9998	0.5602	0.5238
1	3	0.9999	0.0246	0.2167
1	6	0.8995	0.8503	0.2919
1	44	0.6004	0.4153	0.4873
2	3	0.8983	0.7955	0.0631
4	5	0.9991	0.6252	0.9045
4	6	0.8314	0.4704	0.1008
5	6	0.9968	0.4220	0.3896
5	7	0.9991	0.0369	0.9083
5	8	0.8494	0.0486	0.5586
5	32	0.6492	0.4894	0.5799
6	7	0.9992	0.8319	0.2706
6	8	0.8981	0.4483	0.3653
6	42	0.8991	0.7328	0.5014
6	43	0.5498	0.2706	0.3120
7	8	0.9996	0.4639	0.4056
7	10	0.9996	0.0834	0.6346
7	12	0.9972	0.6406	0.3523
7	32	0.9991	0.6328	0.6310
7	41	0.9986	0.5397	0.5849
7	42	0.9971	0.3069	0.5276
7	43	0.9990	0.6240	0.5530
7	44	0.9986	0.8008	0.1272
8	9	0.7161	0.5466	0.4930
8	10	0.9986	0.6111	0.2811
8	11	0.9500	0.5738	0.4732
8	12	0.9992	0.9404	0.2194
8	32	0.9989	0.4899	0.6059
8	41	0.9989	0.6531	0.6276
8	42	0.9978	0.5711	0.6512
8	43	0.9993	0.3911	0.8060
8	44	0.7510	0.4489	0.3439
9	10	0.9980	0.9499	0.0103
9	12	0.7008	0.4291	0.2072
10	11	0.9993	0.8283	0.0842
10	12	0.9999	0.4623	0.8318
10	14	0.5999	0.8016	0.3352
10	32	0.7011	0.6285	0.4326
10	42	0.9986	0.8812	0.6025
10	43	0.6999	0.3990	0.7834
11	12	0.9996	0.8650	0.3580
11	32	0.9996	0.6383	0.4734
11	41	0.9992	0.5974	0.7715
11	42	0.9990	0.4395	0.5248
11	43	0.9988	0.6506	0.6911
12	13	0.9982	0.7271	0.4107
12	14	0.9998	0.2918	0.7858
12	15	0.9987	0.1194	0.6519
12	31	0.5511	0.2119	0.9759
12	32	0.9000	0.2458	0.6718
12	42	0.9993	0.3193	0.7256
13	14	0.9994	0.8164	0.1070
13	15	0.9996	0.7967	0.8095
13	31	0.9984	0.8504	0.2845
14	15	1.0000	0.5674	0.5154
14	31	0.9964	0.4360	0.7461
14	32	1.0000	0.6649	0.4610
14	41	0.9988	0.6999	0.5985
14	42	0.6498	0.5075	0.2603
14	43	0.7495	0.8401	0.2915
15	16	0.9963	0.9949	0.6903
15	17	0.6987	0.8354	0.0568
15	30	0.7000	0.5544	0.9730
15	31	0.9959	0.7938	0.8706
15	32	0.9987	0.2583	0.3129
15	41	0.9999	0.5774	0.6320
15	42	0.9985	0.1912	0.4967
15	43	0.9973	0.2380	0.6024
16	17	0.7983	0.9776	0.0666
16	31	0.9994	0.9004	0.8749
16	32	0.7990	0.2992	0.0466
16	35	0.5492	0.9894	0.5672
16	41	0.9462	0.5172	0.3303
17	18	0.9991	0.8010	0.3177
17	19	0.9497	0.1095	0.2760
17	21	0.8998	0.4236	0.5906
17	22	1.0000	0.9207	0.5382
17	23	0.9995	0.9173	0.3671
17	27	0.8998	0.8407	0.5168
17	30	0.9992	0.6717	0.5533
18	21	0.9994	0.7331	0.4542
18	22	0.9990	0.4600	0.4448
18	23	0.9995	0.4279	0.5336
18	26	0.7998	0.6352	0.5710
18	27	0.6993	0.4199	0.3967
19	20	0.9993	0.8665	0.2900
19	21	0.8995	0.3848	0.3288
19	23	0.9492	0.1407	0.9038
19	26	0.5011	0.1671	0.1960
19	27	0.8499	0.0603	0.8761
19	30	0.8994	0.2081	0.6531
20	21	0.9492	0.4890	0.1726
20	23	0.5732	0.5094	0.9355
20	25	0.9489	0.5734	0.5206
20	29	0.9445	0.1166	0.5313
21	22	0.9993	0.6797	0.3665
21	23	0.9996	0.6600	0.8063
21	24	0.9994	0.1308	0.2278
21	27	0.5008	0.4957	0.2417
21	30	0.6423	0.2748	0.3096
21	40	0.5997	0.7197	0.4475
22	23	1.0000	0.6412	0.3447
22	26	0.9999	0.5958	0.7848
22	27	0.9994	0.4363	0.5657
22	30	0.9998	0.7642	0.6045
23	26	1.0000	0.6240	0.8864
23	27	0.9997	0.6582	0.5930
23	30	0.9001	0.6833	0.5049
24	25	0.9996	0.5740	0.5081
24	26	0.6107	0.0002	0.1587
24	27	0.5039	0.0743	0.7795
24	29	0.9492	0.4425	0.4050
24	30	1.0000	0.0011	0.3438
25	26	0.7001	0.4308	0.1547
25	27	0.5032	0.5985	0.5695
25	28	0.6502	0.6903	0.6890
25	29	0.9976	0.3507	0.4513
25	30	0.9988	0.3039	0.6651
26	27	1.0000	0.7562	0.6699
26	28	0.9983	0.5253	0.3223
26	29	0.8006	0.0084	0.1690
26	30	1.0000	0.6996	0.6982
27	28	0.9492	0.9098	0.0674
27	30	0.9998	0.5906	0.3270
28	29	0.9979	0.8340	0.0641
28	30	1.0000	0.5944	0.5889
28	34	0.7004	0.3088	0.3056
29	30	0.9998	0.1640	0.2166
30	31	0.7030	0.9116	0.4968
30	34	0.9986	0.5668	0.2082
30	35	0.9497	0.4174	0.4476
30	39	0.9500	0.3540	0.5557
30	40	1.0000	0.6539	0.7310
30	41	0.5007	0.6616	0.0434
31	32	0.9984	0.9921	0.2132
31	41	0.9992	0.9896	0.7545
32	33	1.0000	0.4910	0.5988
32	35	0.9496	0.3010	0.6342
32	36	0.9982	0.3076	0.2707
32	37	0.9999	0.3851	0.8577
32	38	0.9495	0.5374	0.4769
32	41	0.9999	0.6543	0.4774
32	42	1.0000	0.6773	0.5661
32	43	0.9989	0.8818	0.7530
32	44	0.9983	0.6827	0.4799
33	34	0.9982	0.9947	0.0079
33	35	0.9993	0.8172	0.6956
33	36	1.0000	0.7709	0.3684
33	37	0.9995	0.8662	0.7129
33	41	1.0000	0.8278	0.4688
34	35	0.9994	0.5826	0.2540
34	39	0.9993	0.4752	0.7003
34	40	0.9990	0.7069	0.5162
35	36	0.9993	0.8175	0.2878
35	38	0.9364	0.4087	0.5295
35	39	0.9500	0.4296	0.8742
35	40	0.9493	0.2702	0.5875
36	37	0.9995	0.4283	0.3631
36	38	0.9989	0.1793	0.1090
36	41	0.9989	0.5305	0.7407
37	38	0.9989	0.9955	0.1256
39	40	0.9986	0.8511	0.5807
41	42	0.9998	0.7803	0.5280
41	43	0.6487	0.6185	0.4867
42	43	0.9987	0.9287	0.5047
43	44	0.9496	0.9434	0.1719
