0	1	0.9993	0.6996	0.5402
0	2	0.9992	0.1780	0.1647
0	3	0.9979	0.3330	0.3107
0	4	0.9992	0.1046	0.5250
0	5	0.6994	0.2562	0.5129
0	6	0.9973	0.4750	0.9528
0	7	0.9996	0.7153	0.9724
0	8	0.9964	0.4076	0.0824
0	9	0.9986	0.9806	0.9699
1	2	1.0000	0.9599	0.0159
1	3	0.9988	0.9172	0.5599
1	4	0.9977	0.9999	0.0175
1	6	1.0000	0.9789	0.8598
1	7	0.9981	0.8984	0.6304
1	8	0.9986	0.8092	0.0011
1	9	1.0000	0.1251	0.9084
1	12	0.7508	0.0317	0.0053
2	3	0.9996	0.3719	0.3755
2	4	0.5497	0.2922	0.5316
2	6	0.9978	0.0728	0.7927
2	7	0.9996	0.0107	0.8099
2	8	0.9974	0.1424	0.3423
2	9	1.0000	0.0059	0.1395
3	4	1.0000	0.3954	0.8018
3	5	0.9999	0.4481	0.5765
3	6	1.0000	0.7023	0.6482
3	8	0.9997	0.3873	0.4545
4	5	0.9999	0.7268	0.5521
4	6	0.9990	0.4562	0.7774
4	8	0.9998	0.6376	0.4400
6	7	0.9998	0.9835	0.6144
6	8	1.0000	0.5910	0.5636
6	9	1.0000	0.7962	0.7303
6	14	0.9991	0.4650	0.9373
6	16	0.9983	0.0257	0.7590
6	18	0.6010	0.2305	0.3859
7	8	0.9972	0.7560	0.0233
7	9	1.0000	0.9121	0.6721
7	14	0.9992	0.9903	0.8159
7	19	0.5505	0.4196	0.9703
8	9	1.0000	0.0156	0.3830
8	14	0.9494	0.3691	0.9303
8	19	0.5048	0.0757	0.9509
9	10	0.9995	0.9984	0.5875
9	11	0.9999	0.9690	0.6543
9	12	1.0000	0.7563	0.4021
9	13	0.9997	0.1086	0.0146
9	14	1.0000	0.4970	0.5668
9	15	0.9997	0.8360	0.2097
9	17	0.9999	0.4487	0.9753
9	18	1.0000	0.3317	0.6680
9	19	1.0000	0.4884	0.8760
9	20	0.9999	0.7140	0.4460
9	21	0.9992	0.2124	0.3449
9	22	0.5501	0.3874	0.9311
10	11	0.7502	0.4951	0.0358
10	12	0.5005	0.6790	0.0003
12	14	0.9987	0.9602	0.7827
12	19	0.9990	0.5750	0.7802
12	20	0.9990	0.0459	0.3925
12	21	0.9995	0.8837	0.0937
13	14	0.9992	0.6237	0.1807
13	18	0.9967	0.9621	1.0000
13	19	1.0000	0.5712	0.7687
13	21	0.9996	0.7838	0.6448
14	15	0.9999	0.8878	0.7016
14	16	0.9998	0.8790	0.2971
14	17	0.9991	0.7553	0.9996
14	18	0.9999	0.4862	0.6696
14	19	1.0000	0.4368	0.7374
14	20	0.8983	0.4578	0.3651
14	21	0.9981	0.1476	0.3488
15	16	0.9976	0.6302	0.0837
15	17	0.9977	0.7993	0.8364
15	18	1.0000	0.8158	0.5020
15	19	0.9990	0.9349	0.9238
15	20	0.9964	0.4791	0.1896
15	21	0.9980	0.9894	0.0995
16	17	0.9996	0.2330	0.6180
16	18	0.9986	0.2947	0.2597
17	18	1.0000	0.8662	0.3729
18	19	1.0000	0.8931	0.5440
18	21	0.9998	0.9686	0.3169
19	20	0.9999	0.9494	0.5185
19	21	0.9996	0.4782	0.4381
20	21	0.9991	0.8536	0.0240
21	22	0.6219	0.7652	0.1319
