0	1	0.9989	0.6287	0.5973
0	2	0.9996	0.4529	0.4646
0	4	0.6010	0.5838	0.3561
0	5	1.0000	0.5248	0.8529
0	6	0.9997	0.5719	0.5411
0	7	0.9994	0.9692	0.3121
0	8	0.9999	0.6406	0.4072
0	9	0.6504	0.9381	0.3761
0	10	0.8984	0.7960	0.6144
0	33	0.9998	0.1097	0.9716
1	2	1.0000	0.7482	0.2289
1	3	0.9999	0.3358	0.5859
1	6	1.0000	0.4673	0.8029
1	8	1.0000	0.4532	0.8730
1	10	0.7999	0.3902	0.8957
1	14	1.0000	0.3444	0.9498
1	15	0.9998	0.0401	0.8554
1	17	1.0000	0.3079	0.9801
1	27	0.9989	0.2357	0.0675
1	29	0.5499	0.1393	0.1422
1	33	0.9995	0.7241	0.5627
2	3	0.9994	0.9361	0.3897
2	4	0.9999	0.6321	0.4439
2	5	1.0000	0.5899	0.7424
2	6	1.0000	0.5316	0.4870
2	7	0.9998	0.9717	0.2509
2	33	0.7019	0.0050	0.9369
3	4	0.9990	0.4303	0.3413
4	5	0.9986	0.7927	0.5621
5	6	0.9992	0.8854	0.5184
5	7	0.9999	0.4848	0.5992
5	8	0.5006	0.7309	0.0200
6	7	0.9978	0.9731	0.4685
6	8	0.9996	0.6202	0.5012
6	9	0.7997	0.9590	0.5301
6	10	0.9985	0.7614	0.5286
6	33	0.9998	0.1373	0.9791
7	8	0.9995	0.4401	0.5179
7	9	0.9500	0.3249	0.6073
7	13	0.6506	0.4053	0.7259
8	9	0.9987	0.8976	0.5976
8	10	0.9990	0.6403	0.6555
8	13	0.9984	0.8826	0.8046
8	14	0.9998	0.6235	0.4907
8	17	0.9996	0.8324	0.5209
8	27	0.8504	0.9932	0.1594
8	33	1.0000	0.3509	0.9749
9	10	0.9999	0.6371	0.4640
9	12	0.9996	0.1136	0.6555
9	13	0.9999	0.4952	0.6117
9	14	0.9491	0.6633	0.4149
10	12	0.9493	0.9651	0.3308
10	13	0.9999	0.4021	0.8161
10	14	0.9995	0.6924	0.3862
10	16	0.9488	0.4475	0.8131
10	17	0.7505	0.8564	0.4654
10	33	0.9986	0.8129	0.9666
11	12	0.9492	0.6889	0.6391
11	13	0.7982	0.7590	0.1009
12	13	0.9974	0.5880	0.0972
13	14	0.9985	0.7931	0.2064
13	16	0.9996	0.7613	0.7082
14	16	0.9991	0.6056	0.7232
14	17	1.0000	0.6149	0.5391
14	27	0.9983	0.9527	0.1726
14	32	0.9001	0.1071	0.9927
14	33	1.0000	0.4538	0.7557
15	16	0.7998	0.4747	0.2167
15	27	0.9975	0.4123	0.0353
15	29	0.9973	0.7615	0.0709
16	17	0.9987	0.8260	0.2155
17	27	0.9976	0.9875	0.1332
17	32	0.7507	0.2626	0.9736
17	33	0.9997	0.5834	0.6280
18	19	0.9989	0.9475	0.3077
18	21	0.9998	0.9227	0.2491
18	24	0.6004	0.8271	0.3727
18	25	0.6502	0.8808	0.4499
18	26	0.7492	0.8520	0.2695
18	27	0.5994	0.6530	0.2067
19	20	0.9990	0.8173	0.5452
19	21	0.9995	0.5558	0.4908
19	24	0.9979	0.6173	0.6638
19	25	0.9996	0.8203	0.7838
19	26	1.0000	0.5068	0.4650
19	27	0.9971	0.7335	0.3467
19	28	0.7495	0.5381	0.3869
19	31	0.8009	0.2863	0.9020
20	21	0.9994	0.6212	0.4430
20	22	1.0000	0.0737	0.9246
20	23	1.0000	0.6263	0.5109
20	24	1.0000	0.6802	0.3790
20	26	1.0000	0.5382	0.8928
20	31	1.0000	0.7661	0.3380
21	22	0.9488	0.9898	0.4195
21	23	0.9004	0.5724	0.2678
21	24	1.0000	0.5345	0.5768
21	25	0.9975	0.9466	0.4224
21	26	0.9990	0.4180	0.3247
21	31	0.9011	0.0218	0.9729
22	23	0.9997	0.8807	0.2053
22	24	0.9994	0.5167	0.8653
23	24	0.9993	0.4709	0.3283
25	26	1.0000	0.9081	0.2001
25	27	0.9999	0.5978	0.5128
25	28	0.9981	0.9881	0.1090
25	29	0.7499	0.4101	0.5767
25	32	0.6994	0.9649	0.1932
26	27	1.0000	0.4386	0.4931
26	28	1.0000	0.6634	0.4401
26	29	0.9982	0.9307	0.5139
26	30	0.9997	0.8560	0.2732
26	31	1.0000	0.4717	0.6611
26	32	0.9984	0.0957	0.4062
27	28	0.9999	0.5560	0.3013
27	29	0.9993	0.2975	0.4501
27	32	0.9997	0.7769	0.3762
28	29	1.0000	0.6489	0.6253
28	30	0.9969	0.5664	0.4016
28	31	0.9999	0.5170	0.5723
28	32	0.9990	0.0438	0.4528
29	30	0.9994	0.7287	0.4802
29	32	0.9981	0.9388	0.3115
30	31	1.0000	0.4693	0.5399
30	32	0.9514	0.0019	0.2550
31	32	0.9997	0.9626	0.2637
32	33	0.9992	0.9919	0.0859
