0	1	0.5007	0.5105	0.1988
0	4	0.9002	0.7536	0.9269
0	5	0.9986	0.5476	0.1321
0	6	0.9495	0.1920	0.7217
0	8	0.9977	0.5194	0.0358
0	9	1.0000	0.2829	0.9659
0	10	0.9490	0.3364	0.0299
0	12	0.9987	0.2958	0.0043
0	13	0.6009	0.1495	0.9109
0	14	0.9972	0.5287	0.0891
0	15	0.5028	0.6059	0.5909
0	16	0.9989	0.7514	0.0511
0	18	0.9000	0.6368	0.5206
1	2	0.9992	0.8906	0.4952
1	3	1.0000	0.5577	0.4134
1	4	0.9492	0.9878	0.5276
1	5	0.9998	0.5361	0.4660
1	8	0.9995	0.6328	0.2102
1	10	0.9993	0.6243	0.4248
1	12	0.9485	0.4818	0.1692
1	14	0.9980	0.3389	0.3666
1	15	0.5510	0.4764	0.5646
1	16	0.9991	0.4057	0.5881
1	17	0.9985	0.8686	0.5579
1	18	0.9999	0.1208	0.7324
2	3	0.9995	0.5773	0.2899
2	4	0.9998	0.1072	0.8081
2	5	0.9984	0.3730	0.2263
2	17	0.9993	0.2846	0.8205
2	18	0.9496	0.8837	0.2633
3	4	0.9983	0.8197	0.6915
3	5	0.9999	0.4468	0.3615
3	6	0.8997	0.8546	0.2834
3	8	0.9989	0.6570	0.1622
3	10	0.9501	0.6304	0.2725
3	12	0.8990	0.5107	0.1210
3	14	0.5497	0.3299	0.3508
3	16	0.9962	0.4421	0.7032
4	5	0.9985	0.5914	0.0963
4	6	0.9993	0.0745	0.4653
4	7	0.9505	0.2087	0.9083
4	8	0.9986	0.4316	0.0179
4	9	0.9501	0.0519	0.9429
5	6	0.9991	0.8310	0.4648
5	7	0.5012	0.3699	0.4866
5	8	1.0000	0.6398	0.3766
5	9	0.9988	0.9681	0.6465
5	10	0.9994	0.7465	0.5109
5	12	0.9994	0.7318	0.4731
5	14	0.9978	0.6586	0.6788
5	16	0.9953	0.6582	0.8206
6	7	0.9984	0.7200	0.4824
6	8	0.9964	0.5712	0.6466
6	9	0.9980	0.6585	0.6229
6	10	0.9985	0.5582	0.5587
6	11	0.5497	0.8099	0.6745
7	8	0.9981	0.5186	0.3972
7	9	1.0000	0.3260	0.9221
8	9	0.9997	0.8115	0.5204
8	10	1.0000	0.5037	0.5209
8	11	0.9992	0.9848	0.7484
8	12	0.9993	0.4103	0.3377
8	14	0.9991	0.2259	0.4536
8	16	0.9481	0.2617	0.6342
9	10	0.9999	0.6360	0.2453
9	11	0.9538	0.3803	0.7865
10	11	0.9984	0.8874	0.6126
10	12	1.0000	0.5626	0.4677
10	14	0.9995	0.5420	0.5016
10	16	0.9481	0.5619	0.5298
11	12	1.0000	0.6752	0.4118
11	13	1.0000	0.2412	0.8247
11	14	0.9964	0.7015	0.0143
12	13	0.9984	0.9608	0.4411
12	14	0.9985	0.4233	0.4833
12	16	0.9982	0.4465	0.5197
13	14	1.0000	0.5455	0.3620
13	15	1.0000	0.2128	0.9385
13	16	0.9970	0.5657	0.0292
14	15	0.9986	0.9540	0.6594
14	16	0.9997	0.6223	0.4357
14	17	0.7996	0.9838	0.3113
15	16	1.0000	0.6155	0.2851
15	17	0.7509	0.0928	0.3682
15	18	1.0000	0.3929	0.7718
16	17	0.9981	0.9773	0.5246
16	18	0.9991	0.6523	0.7010
17	18	0.9988	0.9342	0.1321
18	19	0.9999	0.4710	0.5317
