0	1	0.6998	0.4403	0.2873
1	2	0.9995	0.5223	0.4805
1	3	0.6505	0.4249	0.2693
1	4	0.7502	0.5167	0.3899
1	5	0.9498	0.5382	0.3623
1	6	0.9998	0.5364	0.3960
1	7	0.5513	0.3812	0.3643
1	36	0.8009	0.3323	0.2996
2	3	0.9992	0.5704	0.5190
2	4	0.9481	0.2937	0.6224
2	5	0.9995	0.4750	0.5364
2	6	0.9995	0.5423	0.4874
2	7	0.9495	0.4828	0.4108
3	4	0.9989	0.7051	0.3967
3	5	0.9999	0.6540	0.4942
3	6	0.9491	0.7123	0.4881
3	7	0.5007	0.7403	0.3180
4	5	0.9994	0.6596	0.2245
4	6	0.9988	0.4159	0.6700
4	7	0.6501	0.5311	0.6022
5	6	1.0000	0.5931	0.4858
5	7	0.9997	0.3915	0.5044
5	8	0.9987	0.3624	0.4127
6	7	1.0000	0.6603	0.4841
6	8	1.0000	0.6563	0.5477
6	9	0.6996	0.8190	0.2643
6	10	0.9490	0.8267	0.2939
7	8	1.0000	0.6349	0.4289
7	9	0.7999	0.4653	0.4838
7	10	0.9994	0.5427	0.5404
7	11	0.9490	0.4523	0.6700
7	12	0.9493	0.4400	0.3498
8	9	0.9496	0.5672	0.5337
8	10	0.9993	0.4618	0.5263
8	11	0.8993	0.5402	0.7542
8	12	0.9994	0.5303	0.3505
8	13	0.9497	0.5743	0.3770
9	10	0.8002	0.5613	0.4244
9	11	0.9986	0.5244	0.6289
9	12	0.9991	0.4918	0.4749
9	13	0.9992	0.8175	0.6156
9	14	0.6503	0.6181	0.2836
10	11	0.9977	0.5059	0.6986
10	12	0.9999	0.6121	0.3751
10	13	0.9997	0.7208	0.4335
10	14	0.5513	0.6127	0.4879
11	12	0.9999	0.6707	0.5212
11	13	0.9985	0.6536	0.5976
11	14	0.9998	0.7692	0.3298
11	15	0.6434	0.6535	0.5430
12	13	1.0000	0.5999	0.5446
12	14	0.9997	0.5156	0.5261
12	15	0.9992	0.4818	0.4806
12	16	0.9995	0.5874	0.4818
13	14	0.9999	0.5877	0.4793
13	15	0.9996	0.5441	0.5545
13	16	0.9998	0.5517	0.5282
13	17	0.7509	0.5488	0.4665
14	15	0.9995	0.6069	0.4402
14	16	1.0000	0.6163	0.4675
14	17	0.9495	0.5006	0.5449
14	18	0.6502	0.3439	0.4687
15	16	0.9994	0.5038	0.4868
15	17	0.9991	0.4680	0.5044
15	18	0.9992	0.5244	0.4959
15	19	0.9999	0.6455	0.4126
15	20	0.5702	0.4492	0.4251
16	17	0.9979	0.4104	0.4684
16	18	0.9992	0.4887	0.4716
16	19	0.9495	0.4573	0.3794
16	20	0.6509	0.5837	0.4392
17	18	0.6484	0.4406	0.4072
17	19	0.9997	0.6296	0.4233
17	20	0.8002	0.5815	0.4530
17	23	0.7005	0.7129	0.4307
18	19	0.9996	0.5596	0.5326
18	20	0.9993	0.6906	0.5790
18	22	0.8998	0.3746	0.5139
18	23	0.9996	0.6329	0.3902
19	20	0.9989	0.7078	0.6175
19	21	0.8500	0.6188	0.7342
19	22	0.9001	0.5507	0.5493
19	23	0.9995	0.6908	0.5875
19	24	0.5515	0.5783	0.5787
19	26	0.7506	0.5907	0.3771
20	21	0.7498	0.4845	0.4462
20	22	0.9983	0.3730	0.4896
20	23	0.8996	0.4890	0.5747
20	24	0.7500	0.4279	0.5873
20	25	0.6504	0.4286	0.4282
20	26	0.7499	0.2710	0.4002
21	22	0.7498	0.5400	0.5133
21	23	0.6500	0.6497	0.4272
22	23	0.9990	0.6391	0.4369
22	24	0.5505	0.3410	0.3848
22	25	0.6498	0.5557	0.5829
22	26	0.8997	0.5686	0.4076
23	24	0.9966	0.9355	0.5117
23	25	0.9987	0.5799	0.5759
23	26	0.9996	0.5112	0.3418
23	27	0.6575	0.6145	0.3622
23	28	0.8000	0.5731	0.3525
24	25	0.9493	0.6938	0.5141
24	26	0.9988	0.4769	0.8846
24	27	0.5008	0.4770	0.2475
24	28	0.8483	0.6106	0.4054
25	26	1.0000	0.5539	0.4436
25	27	0.9485	0.4530	0.4720
25	28	0.9993	0.5086	0.4772
26	27	0.9996	0.4628	0.4172
26	28	0.9996	0.5579	0.4777
26	29	0.9998	0.8624	0.5235
26	30	0.6505	0.6102	0.4582
27	28	1.0000	0.5638	0.4350
27	29	0.9998	0.6294	0.6239
27	30	0.9499	0.5284	0.5017
28	29	0.9997	0.7172	0.5602
28	30	0.8507	0.6386	0.4310
28	33	0.5510	0.6555	0.5372
28	37	0.7497	0.5854	0.3819
29	30	0.8997	0.6119	0.6188
29	31	0.7491	0.6744	0.2498
29	32	0.8999	0.5199	0.4705
29	33	0.6508	0.6186	0.4119
29	36	0.6004	0.6183	0.3858
29	37	0.6005	0.6920	0.3449
30	31	0.5189	0.2695	0.5920
30	32	0.9493	0.6905	0.4553
30	33	0.9981	0.5581	0.6308
30	34	0.7501	0.5245	0.2687
30	36	0.5003	0.3196	0.3629
30	37	0.8500	0.5203	0.3022
31	32	0.8496	0.6308	0.2107
31	33	0.5519	0.4026	0.5153
32	33	0.9989	0.4759	0.5439
32	34	0.7003	0.5311	0.8140
32	35	0.9987	0.4400	0.5875
32	36	0.9990	0.6092	0.6586
32	37	0.9995	0.6956	0.5576
33	34	0.9994	0.8319	0.5974
33	35	0.9490	0.7187	0.3893
33	36	0.9992	0.4669	0.5204
33	37	0.9996	0.5556	0.2814
34	37	0.5016	0.3536	0.3578
35	36	1.0000	0.7418	0.4137
35	37	0.9996	0.7037	0.3249
36	37	0.6959	0.4301	0.4047
