0	3	1.0000	0.5979	0.9975
0	4	0.9998	0.5911	0.6647
0	6	1.0000	0.6661	0.9057
1	2	0.9999	0.4415	0.4934
1	5	0.9953	0.4285	0.0000
1	8	1.0000	0.4752	0.5626
1	9	1.0000	0.5080	0.5208
1	10	0.9995	0.2075	0.5642
1	11	1.0000	0.5673	0.2620
1	12	1.0000	0.5197	0.5072
2	5	0.9967	0.5927	0.1069
2	6	0.9999	0.9393	0.4678
2	7	1.0000	0.9743	0.9027
2	8	0.9998	0.7371	0.6905
2	9	1.0000	0.3435	0.6191
2	10	0.9993	0.7432	0.6988
2	11	0.9998	0.1576	0.4429
2	12	1.0000	0.2265	0.6436
3	4	0.9485	0.8329	0.5246
5	8	0.9986	0.3123	0.5611
5	9	0.9962	0.3912	0.5948
5	10	0.9999	0.0000	0.8373
5	12	0.9993	0.0512	0.4011
6	7	1.0000	0.6864	0.6693
6	8	0.9998	0.6041	0.2119
7	8	0.9999	0.9640	0.1029
8	9	0.9995	0.9317	0.7502
9	10	1.0000	0.8865	0.4636
9	11	1.0000	0.4149	0.6482
9	12	0.9999	0.4326	0.4404
10	11	0.9979	0.7916	0.6973
10	12	0.9972	0.5890	0.1103
11	12	0.9995	0.6531	0.4992
