0	1	0.9985	0.4831	0.5403
0	2	0.9996	0.4604	0.6094
1	2	1.0000	0.5689	0.5404
1	32	0.9983	0.4254	0.5778
2	30	0.8986	0.9362	0.3907
2	31	0.9960	0.9158	0.7897
2	32	0.9997	0.5657	0.4937
3	4	0.9978	0.4629	0.4527
3	20	0.9990	0.6091	0.1749
3	28	0.8998	0.5488	0.8052
3	29	0.9988	0.5601	0.5346
4	5	0.9997	0.5455	0.4105
4	6	0.9985	0.5834	0.6359
4	10	0.6007	0.7981	0.0816
4	20	0.8491	0.5012	0.5323
4	28	0.5031	0.2941	0.3548
4	29	0.9983	0.2611	0.5242
4	30	0.5999	0.0953	0.6962
4	31	0.8487	0.2842	0.5841
5	6	0.9977	0.2982	0.4050
5	10	0.6510	0.2484	0.1292
5	16	0.6504	0.5534	0.3854
5	17	0.8501	0.7631	0.2875
5	18	0.6006	0.6217	0.5216
5	19	0.9986	0.7992	0.2800
5	20	0.9987	0.4798	0.5282
5	21	0.5505	0.2583	0.3229
5	26	0.7992	0.7302	0.7403
5	27	1.0000	0.8638	0.2709
5	28	0.9999	0.7911	0.4285
5	29	0.9981	0.3985	0.3514
5	31	0.7004	0.1607	0.2257
6	7	0.9501	0.9006	0.5685
6	9	0.6004	0.6884	0.4521
6	10	0.9995	0.5683	0.5231
6	12	0.9998	0.8160	0.5072
6	13	0.5510	0.6891	0.3717
6	21	0.7501	0.6842	0.3229
6	25	0.5006	0.6125	0.4888
6	26	0.8993	0.4200	0.7457
6	27	0.9987	0.4346	0.7536
7	8	0.6004	0.7504	0.3484
7	10	0.7503	0.5772	0.7199
8	9	0.9999	0.9660	0.3198
8	10	0.7503	0.6053	0.3104
8	32	0.7502	0.4609	0.6689
9	10	0.9991	0.8569	0.0938
10	11	0.9991	0.9643	0.8695
10	12	0.9997	0.8645	0.4638
10	13	0.7003	0.8488	0.3626
11	12	0.9995	0.9997	0.2067
11	25	0.7001	0.9519	0.2443
12	13	0.6023	0.7364	0.1772
12	14	0.8494	0.2254	0.5664
12	22	0.9972	0.3204	0.1932
12	25	0.9986	0.6662	0.3959
13	14	0.9491	0.8872	0.4210
13	22	0.9500	0.8545	0.2602
13	25	0.9999	0.6699	0.4953
14	18	0.5006	0.6477	0.5431
14	21	0.9994	0.7089	0.6496
14	22	0.9992	0.3166	0.6628
14	23	0.5991	0.5947	0.4677
14	25	0.9999	0.5384	0.9552
14	27	0.9474	0.6354	0.3092
15	17	0.7512	0.5112	0.5937
15	22	0.5005	0.1202	0.5052
16	17	0.9487	0.7671	0.3817
16	18	0.6526	0.0291	0.3538
16	20	0.9987	0.7962	0.4748
16	21	0.5525	0.0119	0.2832
17	18	0.9993	0.3435	0.7950
17	19	0.9990	0.5070	0.4292
17	20	0.9491	0.5388	0.5751
17	21	0.8989	0.8963	0.3598
17	27	0.9978	0.3593	0.7343
17	28	0.9977	0.4504	0.3735
17	29	0.5019	0.2661	0.5751
18	19	0.8984	0.7925	0.2787
18	27	1.0000	0.6212	0.7982
18	28	0.9969	0.7728	0.3486
19	20	0.9985	0.6792	0.3100
19	21	0.8496	0.1614	0.4898
20	21	0.9500	0.9830	0.2778
20	31	0.7003	0.7695	0.2472
21	22	1.0000	0.9048	0.3135
21	25	0.9997	0.5264	0.4229
21	27	0.9503	0.1062	0.9694
21	28	0.5507	0.2978	0.0185
21	31	0.9492	0.7562	0.2482
21	32	0.8498	0.6319	0.4382
22	23	0.9983	0.9021	0.2607
22	24	0.9977	0.7460	0.2120
22	25	1.0000	0.4508	0.7330
22	26	0.6484	0.9505	0.0374
22	27	0.9999	0.3154	0.9144
23	24	0.6498	0.7817	0.2561
23	25	0.9999	0.5468	0.9583
23	27	0.5020	0.3324	0.8762
24	25	0.9969	0.5078	0.1447
25	26	0.6979	0.9621	0.4637
25	27	0.7007	0.8648	0.7951
25	31	0.9996	0.0588	0.6693
25	32	0.9997	0.0261	0.8194
26	27	0.5495	0.2380	0.7912
27	28	1.0000	0.6227	0.3710
27	29	0.9994	0.5263	0.5034
28	29	1.0000	0.4626	0.6886
28	30	0.9962	0.0839	0.1391
29	30	0.9994	1.0000	0.1135
30	31	0.9999	0.5888	0.4054
30	32	0.9992	0.4311	0.5051
31	32	0.9971	0.7588	0.5163
