0	1	0.9990	0.6806	0.2395
0	2	0.9998	0.6202	0.5965
0	3	0.9989	0.7068	0.6706
0	4	0.9493	0.6846	0.5179
1	2	0.9998	0.5596	0.4875
1	3	0.9996	0.6806	0.5128
1	4	0.9995	0.5650	0.5503
1	5	0.8497	0.5929	0.4565
2	3	0.9999	0.5541	0.5640
2	4	0.9998	0.6132	0.4957
2	5	0.9994	0.6559	0.5497
2	6	0.6003	0.4181	0.5686
3	4	0.9999	0.6000	0.4843
3	5	0.9996	0.6142	0.5097
3	6	0.8500	0.5910	0.3710
4	5	1.0000	0.6557	0.5609
4	6	0.9500	0.6445	0.4730
4	7	0.8509	0.7881	0.3873
5	7	0.9997	0.6348	0.4840
5	8	0.9497	0.5541	0.4867
6	7	0.9496	0.5859	0.5793
6	8	0.9494	0.6533	0.5259
6	9	0.8510	0.6629	0.5445
7	9	0.9996	0.5506	0.5534
7	11	0.6382	0.5197	0.3978
8	9	0.8981	0.4954	0.4571
8	10	0.8508	0.5455	0.5121
8	11	0.9997	0.5477	0.3811
8	12	0.6018	0.3996	0.4026
9	10	0.9495	0.6043	0.5595
9	11	0.9997	0.5175	0.3942
9	12	0.8006	0.5913	0.4145
9	13	0.5031	0.3043	0.4827
10	11	0.9998	0.6159	0.3442
10	12	0.9992	0.4909	0.4297
10	14	0.7504	0.6359	0.4751
11	12	0.9998	0.7131	0.4747
11	13	0.9490	0.7537	0.6865
11	14	0.9994	0.5749	0.5278
11	15	0.7501	0.5629	0.4975
12	13	0.9993	0.4353	0.4588
12	15	0.8998	0.4897	0.4051
12	16	0.5506	0.4313	0.6058
13	14	0.9996	0.6688	0.6101
13	15	0.9997	0.6517	0.4875
13	16	0.9494	0.6068	0.5822
14	15	0.9998	0.5441	0.4525
14	16	0.9500	0.7177	0.5056
14	18	0.7003	0.6689	0.5324
15	16	0.9992	0.4923	0.5257
15	17	0.6000	0.4247	0.4281
15	18	0.8994	0.5387	0.4948
15	19	0.5011	0.4362	0.4377
15	21	0.7995	0.5581	0.3931
16	17	0.9990	0.4365	0.4482
16	18	0.9001	0.7322	0.4306
16	19	0.6004	0.7071	0.3363
17	18	0.7985	0.5141	0.5680
17	19	0.9999	0.5485	0.5277
17	21	0.9487	0.4330	0.3817
18	19	1.0000	0.6650	0.5211
18	20	0.8960	0.5653	0.4899
18	21	0.9993	0.4898	0.4334
19	20	0.9983	0.7426	0.6413
19	21	0.9992	0.5532	0.5460
20	21	0.6495	0.6577	0.5442
