0	1	0.9990	0.6845	0.3606
0	3	0.9990	0.5220	0.3549
0	4	0.8004	0.4012	0.6300
0	5	0.9983	0.6558	0.1755
0	29	0.6002	0.4248	0.4961
1	2	0.8996	0.4336	0.4088
1	3	0.9991	0.6156	0.3831
1	4	0.9997	0.6643	0.4987
1	5	1.0000	0.6516	0.3844
1	6	0.6026	0.6191	0.3337
1	7	0.5515	0.5518	0.2659
1	22	0.9996	0.1189	0.1509
1	29	0.6995	0.2698	0.3585
2	3	0.8996	0.3762	0.5030
2	4	0.7511	0.6162	0.2705
2	22	0.8011	0.3033	0.1473
2	27	0.5005	0.2724	0.6235
2	29	0.8991	0.4878	0.2555
3	4	0.9991	0.5153	0.4691
3	5	0.9992	0.6717	0.5700
3	6	0.5005	0.6261	0.3857
3	7	0.5009	0.6241	0.4777
4	5	0.9996	0.6452	0.3681
4	6	0.9501	0.2594	0.7637
4	7	0.8998	0.7213	0.3157
5	6	0.9986	0.8594	0.5835
5	7	0.9990	0.5028	0.5350
5	8	0.6506	0.8432	0.4245
5	22	0.5994	0.7371	0.1558
6	7	0.9997	0.7359	0.7242
6	8	0.9997	0.3096	0.6839
6	9	0.9499	0.6812	0.4045
7	8	0.8002	0.8038	0.5444
7	10	0.7059	0.5531	0.2617
8	9	0.9988	0.7719	0.2302
8	10	0.8502	0.4967	0.6973
8	11	0.5003	0.5099	0.3285
8	22	0.8001	0.5708	0.2589
8	29	0.8996	0.4898	0.3499
9	10	0.9979	0.7047	0.1102
9	11	0.9001	0.3241	0.7778
9	12	0.6502	0.4370	0.3474
10	11	0.9999	0.7702	0.7429
10	12	0.9980	0.5209	0.6057
10	13	0.8995	0.6745	0.5451
10	22	0.6987	0.5436	0.5896
10	29	0.6995	0.5268	0.6100
11	12	0.9499	0.7083	0.4571
11	13	0.6008	0.7067	0.2681
11	22	0.5505	0.5385	0.2353
11	29	0.7498	0.6469	0.3372
12	13	0.9000	0.6324	0.5337
12	14	0.5010	0.6055	0.4591
12	29	0.6002	0.4900	0.5412
13	14	0.9496	0.6674	0.5923
13	15	0.8999	0.5042	0.6459
13	16	0.7492	0.5648	0.2786
14	15	0.9497	0.8637	0.5539
14	16	0.9990	0.5523	0.5142
14	18	0.6009	0.6942	0.5412
14	19	0.8497	0.5691	0.4310
14	21	1.0000	0.7145	0.3844
15	16	0.9997	0.6157	0.5094
15	18	0.6510	0.5605	0.4202
15	19	0.8031	0.7247	0.4572
15	29	0.6003	0.4850	0.4328
16	18	0.9997	0.6246	0.5318
16	19	0.8992	0.4977	0.4890
16	20	0.7503	0.8410	0.6664
16	21	0.9496	0.6306	0.4909
16	22	0.5499	0.6548	0.6423
17	18	0.7993	0.6780	0.1453
17	19	0.7500	0.6523	0.8973
17	20	0.6505	0.4969	0.4337
17	21	0.6491	0.8658	0.5884
18	19	0.9997	0.6311	0.5251
18	20	0.7003	0.4844	0.5310
18	21	0.9496	0.4278	0.3888
19	20	0.9992	0.7558	0.5814
19	21	0.9994	0.5149	0.5260
19	22	0.9487	0.3325	0.5228
20	21	0.9994	0.7328	0.7245
20	22	0.7004	0.5648	0.4301
21	22	0.9987	0.3841	0.4054
22	23	0.9994	0.7458	0.2776
22	24	0.8503	0.5687	0.5449
22	25	0.6992	0.6672	0.4043
23	24	0.9998	0.6667	0.3458
23	25	0.9994	0.5934	0.4983
23	27	0.8010	0.6217	0.4277
23	28	0.5505	0.7840	0.4911
24	25	0.9998	0.5741	0.3743
24	27	0.7007	0.2677	0.4669
25	26	0.8994	0.9688	0.6208
25	27	0.9500	0.7170	0.5022
25	28	0.8002	0.6371	0.5493
26	27	0.9487	0.7600	0.3444
27	28	0.8992	0.4346	0.5660
