0	1	0.9993	0.9998	0.1041
0	2	0.9979	0.5897	0.6858
0	3	0.9999	0.4690	0.3562
0	7	0.9985	0.1414	0.3124
0	9	1.0000	0.4831	0.6013
0	10	0.9992	0.0457	0.5290
0	11	0.9993	0.8672	0.0057
1	2	0.9981	0.5158	0.1007
1	7	0.9499	0.7830	0.9994
1	9	0.5008	0.1318	0.0907
1	11	1.0000	0.4661	0.5603
1	14	0.9998	0.6642	0.9940
2	3	0.9993	0.5401	0.3350
2	6	0.9992	0.3541	0.4147
2	7	0.9996	0.5028	0.4873
2	8	0.7016	0.0043	0.9895
2	9	0.9988	0.5519	0.4594
2	10	0.8997	0.8803	1.0000
2	11	0.9998	0.2533	0.1812
3	4	0.9994	0.5045	0.4413
3	5	1.0000	0.0014	0.0000
3	6	0.9988	0.4969	0.2334
3	7	0.9994	0.2937	0.4617
3	8	1.0000	0.7915	0.8782
3	9	0.9988	0.5369	0.4904
3	10	1.0000	0.6389	0.9996
3	11	1.0000	0.4781	0.0516
4	5	0.9964	0.8529	0.4814
4	6	0.9987	0.6478	0.1142
4	7	0.9956	0.6575	0.6178
4	8	0.7505	0.1880	0.8314
4	9	0.9982	0.4815	0.2996
5	6	1.0000	0.9422	0.0961
6	7	0.9996	0.4563	0.5269
6	8	0.9996	0.0002	1.0000
6	9	1.0000	0.0011	0.2271
6	11	0.6195	0.0000	0.6021
7	8	1.0000	0.9500	0.9500
7	9	1.0000	0.7950	0.3637
7	11	0.9990	0.9972	0.5250
8	9	1.0000	0.9503	0.1864
8	11	1.0000	0.6142	0.8707
9	10	0.9997	0.8116	0.7689
9	11	0.9995	0.1647	0.2215
11	14	0.9998	0.9245	0.9776
12	14	1.0000	0.4820	0.5386
12	15	0.9988	0.8398	0.5987
12	17	0.9998	0.5898	0.5213
12	21	1.0000	0.6995	0.3280
13	14	0.9973	0.5716	0.0501
13	20	0.7997	0.8704	0.2741
13	22	0.9989	0.8477	0.5589
14	15	0.9999	0.5502	0.4607
14	17	0.9999	0.5057	0.5741
14	19	0.9981	0.2270	0.5626
14	20	0.9999	0.0268	0.4373
14	21	1.0000	0.5043	0.4778
14	22	0.9994	0.0235	0.5281
15	16	0.9999	0.8130	0.3284
15	17	1.0000	0.6081	0.4869
15	18	0.9996	0.9864	0.7770
15	19	0.9997	0.8594	0.4948
15	20	0.9981	0.9922	0.5082
15	21	1.0000	0.5550	0.3945
15	22	0.9973	0.8246	0.0207
16	17	0.8995	0.6529	0.4626
17	18	0.9985	0.6984	0.9508
17	19	0.7506	0.6810	0.5422
17	20	0.9990	0.9570	0.8929
17	21	0.5975	0.4405	0.4070
17	22	0.9482	0.7212	0.1073
18	21	0.9499	0.9099	0.2900
19	20	0.9988	0.7789	0.7834
19	21	0.9474	0.5467	0.3090
19	22	0.9478	0.4998	0.3403
20	21	0.9999	0.9432	0.2872
20	22	0.9994	0.7857	0.4275
20	23	0.8497	0.8633	0.3581
21	22	0.9978	0.3901	0.1184
21	23	0.9483	0.2550	0.0665
22	23	0.9967	0.3877	0.1865
