0	1	0.9386	0.5209	0.2137
1	2	0.9500	0.8755	0.4816
1	3	0.9977	0.6156	0.6528
1	4	0.5006	0.6806	0.5186
2	3	0.6999	0.5283	0.4037
2	4	0.5009	0.5779	0.6789
3	4	0.5997	0.6601	0.6801
4	5	0.7991	0.7080	0.2438
5	6	0.9492	0.6341	0.3625
5	7	0.6007	0.5543	0.4725
5	8	0.8997	0.7919	0.1914
5	11	0.8002	0.7840	0.0848
5	16	0.5501	0.7307	0.6317
5	25	0.6003	0.5902	0.7482
6	7	0.9491	0.8338	0.3838
6	8	0.8488	0.5166	0.5949
6	10	0.7997	0.3332	0.6749
6	11	0.9979	0.4783	0.4678
6	15	0.5499	0.4699	0.5139
6	16	0.8991	0.5145	0.5928
7	8	0.9978	0.5653	0.1993
7	9	0.5007	0.5594	0.6393
7	10	0.6498	0.5381	0.8031
7	11	0.8998	0.6191	0.2368
7	15	0.7498	0.4770	0.4234
7	16	0.7004	0.5677	0.4087
8	9	0.6999	0.8338	0.4228
8	10	0.9994	0.3780	0.8148
8	11	0.9989	0.5519	0.4985
8	14	0.7997	0.6764	0.6574
8	15	0.8986	0.5078	0.4684
8	16	0.9489	0.4706	0.5044
8	25	0.5498	0.4774	0.4344
9	10	0.9991	0.8580	0.5015
9	11	0.9997	0.5628	0.6970
9	12	0.6504	0.2955	0.6074
9	13	0.6001	0.3416	0.7427
9	14	0.6007	0.3171	0.4593
9	15	0.6896	0.5766	0.2549
9	16	0.6511	0.5295	0.7182
10	11	0.9980	0.9773	0.0296
10	13	0.9998	0.2648	0.9895
10	14	0.8504	0.5906	0.6723
10	15	0.9967	0.9740	0.0237
10	16	0.8994	0.9156	0.8377
10	17	0.8998	0.5959	0.2068
11	12	0.9985	0.9783	0.2266
11	14	0.9998	0.5619	0.7203
11	15	0.9994	0.4532	0.4830
11	16	0.9970	0.4178	0.5077
11	17	0.7208	0.3650	0.1867
12	13	0.9494	0.7706	0.5079
12	14	0.9489	0.4166	0.1461
12	15	0.7994	0.3009	0.6146
12	16	0.9499	0.1907	0.6155
12	17	0.9995	0.8440	0.1894
13	14	0.9981	0.8431	0.1015
13	17	0.8007	0.9074	0.1926
14	15	0.9985	0.7361	0.1136
14	16	0.9998	0.7730	0.5750
14	17	0.9007	0.6406	0.2060
15	16	0.9983	0.3959	0.5056
17	18	0.8500	0.8519	0.9466
17	19	0.9995	0.5749	0.4194
17	20	0.9987	0.7934	0.2553
18	19	0.9961	0.8175	0.1639
19	20	0.9999	0.5557	0.4117
20	21	0.7004	0.8269	0.4603
20	22	0.7971	0.4020	0.6661
20	23	0.9980	0.4759	0.5370
20	24	0.5000	0.4811	0.3098
20	25	0.6022	0.6005	0.5452
21	22	0.9992	0.4129	0.5156
21	25	0.7506	0.2752	0.3475
22	23	0.9487	0.8882	0.2939
22	25	0.7492	0.7518	0.7469
23	24	0.9990	0.4862	0.4604
23	25	0.9496	0.5102	0.3584
23	26	0.9993	0.5734	0.5558
24	25	0.9499	0.7492	0.3393
24	26	0.9992	0.7495	0.3884
25	26	0.9997	0.7453	0.3668
26	27	0.9996	0.7823	0.4987
26	28	0.8998	0.7959	0.6034
27	28	0.9498	0.8277	0.5632
28	29	0.9497	0.3079	0.6216
