0	1	0.9976	0.7421	0.1050
0	2	0.9496	0.8255	0.5419
1	2	0.9996	0.5520	0.5488
1	3	0.9484	0.6317	0.2884
1	8	0.9991	0.7484	0.5287
1	9	0.9491	0.6436	0.4698
2	3	0.9985	0.9608	0.3118
2	4	0.6007	0.4609	0.5448
2	8	0.8202	0.5432	0.3484
2	9	0.9001	0.5057	0.4827
3	4	0.9995	0.5755	0.6050
3	5	0.9986	0.3151	0.6783
3	7	0.9978	0.6315	0.2214
3	8	0.9997	0.6500	0.2302
3	9	0.9999	0.5650	0.5383
4	5	0.9489	0.7588	0.6914
4	8	0.5507	0.6334	0.4235
5	6	0.7498	0.4724	0.3953
5	7	0.6994	0.6629	0.4156
5	8	0.9972	0.7856	0.1143
5	9	0.9985	0.5064	0.5504
5	10	0.5510	0.5741	0.4353
6	7	0.9990	0.5576	0.4455
6	8	0.9984	0.9163	0.7273
6	9	0.5988	0.8226	0.6427
6	10	0.8002	0.6687	0.5636
7	8	0.9989	0.5104	0.5023
7	9	0.8492	0.2300	0.5609
7	10	0.9498	0.4162	0.4351
8	9	0.9992	0.4383	0.4822
8	10	0.9997	0.3534	0.4065
9	10	0.9983	0.3868	0.3116
10	11	0.8995	0.6646	0.4897
10	15	0.6503	0.6038	0.4699
10	16	0.6993	0.7250	0.2148
10	17	0.9497	0.7824	0.5433
10	18	0.9003	0.7217	0.3455
10	19	0.9500	0.8564	0.3235
10	20	0.7004	0.5687	0.6247
10	25	0.5503	0.6663	0.5178
10	26	0.9999	0.7625	0.5939
10	27	0.9500	0.7925	0.6408
10	29	0.8002	0.6054	0.5912
10	30	0.7502	0.7101	0.5817
10	31	0.6507	0.7456	0.4086
11	12	0.8497	0.5351	0.5057
11	13	0.9991	0.6017	0.5550
11	14	0.9499	0.7381	0.7655
11	15	0.9488	0.6300	0.6009
11	16	0.9981	0.5389	0.5466
11	17	0.9969	0.5738	0.4902
11	18	0.9977	0.5306	0.5778
11	19	0.7494	0.2369	0.2515
12	13	0.9993	0.8421	0.5184
12	14	0.9004	0.7636	0.5183
12	15	0.7506	0.7986	0.3801
12	16	0.6001	0.4869	0.5293
12	17	0.9500	0.6291	0.4975
12	19	0.8499	0.6598	0.2867
13	14	0.9497	0.7810	0.5729
13	15	0.7498	0.4856	0.3702
13	16	0.9998	0.4335	0.8007
13	17	0.9994	0.5591	0.3661
13	18	0.9990	0.4801	0.6188
14	15	0.9497	0.8979	0.2345
14	16	0.8004	0.6795	0.6952
14	17	0.8502	0.6451	0.2901
14	18	0.6504	0.5803	0.5207
14	19	0.9498	0.8600	0.2399
15	16	0.9992	0.6171	0.4263
15	17	1.0000	0.5662	0.7816
15	18	0.9999	0.4785	0.8000
15	19	0.8005	0.6896	0.4129
16	17	0.9494	0.5554	0.4706
16	18	0.9991	0.4621	0.5346
16	19	0.9984	0.3804	0.1996
17	18	0.9495	0.5101	0.5155
17	19	0.9992	0.6946	0.2718
18	19	0.9986	0.8962	0.1631
19	20	0.9999	0.6992	0.4193
19	21	0.8999	0.5618	0.5214
19	22	0.6514	0.4505	0.3787
20	21	0.9980	0.8385	0.6476
20	22	0.9995	0.4692	0.2416
20	25	0.6006	0.6573	0.3399
21	22	0.9975	0.5060	0.2695
22	23	0.9492	0.9315	0.0735
22	24	0.9973	0.9075	0.9143
22	25	0.9001	0.5805	0.5791
22	26	0.9493	0.8682	0.3278
23	24	0.9998	0.8007	0.4271
23	25	0.9994	0.3954	0.6530
23	26	0.9990	0.4936	0.5370
23	27	0.7997	0.4939	0.5286
24	25	0.9959	0.9872	0.2107
24	26	0.6495	0.5119	0.6241
25	26	0.9999	0.6635	0.4777
25	27	0.7503	0.4269	0.6421
25	28	0.8502	0.5157	0.8259
25	30	0.6509	0.5229	0.4152
26	27	0.9996	0.5524	0.5344
26	28	0.8985	0.7412	0.4855
26	29	0.5484	0.3646	0.3582
26	31	0.7494	0.3965	0.4559
27	28	0.6505	0.8193	0.5396
27	29	0.6001	0.5895	0.3684
27	30	0.9998	0.6537	0.5121
27	31	0.7997	0.5468	0.5042
28	29	0.9494	0.8327	0.4230
28	30	0.6002	0.5354	0.3776
29	30	0.9515	0.5788	0.4713
29	31	0.8998	0.4459	0.4913
30	31	0.9993	0.5672	0.4919
