0	2	0.9978	0.6566	0.8741
0	3	0.9984	0.1355	0.0338
0	6	0.9976	0.8127	0.0431
0	8	0.9970	0.0879	0.6713
0	9	0.9978	0.0557	0.7373
0	10	0.9999	1.0000	0.0001
1	2	0.9989	0.5081	0.0749
1	6	0.5505	0.7805	0.9992
1	8	0.9502	0.1567	0.0085
1	10	1.0000	0.4317	0.5486
2	3	0.9999	0.6449	0.3264
2	5	0.9995	0.5058	0.5995
2	6	0.9999	0.4263	0.4547
2	7	0.6515	0.0375	0.9949
2	8	0.9994	0.5956	0.4025
2	9	1.0000	0.9762	0.9867
2	10	0.9999	0.3554	0.1910
3	4	0.9998	0.5163	0.4536
3	5	1.0000	0.4446	0.3923
3	6	0.9999	0.3318	0.3994
3	7	1.0000	0.8471	0.9355
3	8	0.9997	0.4961	0.4339
3	9	1.0000	0.5513	0.7959
3	10	0.9995	0.5104	0.0319
4	5	0.9992	0.6922	0.1256
4	6	0.9967	0.6621	0.6340
4	8	0.9993	0.5202	0.2537
5	6	0.9993	0.4774	0.5220
5	7	0.9999	0.0000	1.0000
5	8	1.0000	0.0001	0.2688
5	10	0.9482	0.0024	0.3778
6	7	1.0000	1.0000	0.9500
6	8	1.0000	0.6945	0.2707
6	10	0.9993	0.9916	0.5003
7	8	0.9999	0.9520	0.1159
7	10	0.9999	0.6259	0.8202
7	17	0.5529	0.0816	0.9680
8	9	0.9988	0.7852	0.4811
8	10	0.9983	0.1578	0.2491
10	13	0.6004	0.8688	0.9910
10	17	0.9006	0.8051	0.9993
10	18	0.9990	0.5889	0.0000
11	13	0.9994	0.5431	0.4859
11	14	0.9988	0.8075	0.6156
11	18	1.0000	0.5388	0.4668
11	19	0.9999	1.0000	0.7618
11	20	0.9998	0.4559	0.4173
11	21	0.9995	0.4924	0.5755
12	13	0.9993	0.5336	0.0441
12	18	0.9990	0.4730	0.9699
12	19	0.9993	0.7824	0.3852
13	14	0.9989	0.3688	0.5324
13	16	0.9999	0.5290	0.9685
13	17	0.9998	0.9963	0.3117
13	18	0.9998	0.4958	0.4725
13	19	0.9963	0.0755	0.5135
13	20	0.9994	0.5616	0.5052
13	21	0.9968	0.2992	0.8730
14	15	0.9982	0.7358	0.6578
14	16	0.9987	0.4804	0.3884
14	18	0.9991	0.5205	0.5944
14	19	0.9967	0.9993	0.5803
14	20	0.9989	0.5021	0.3983
14	21	0.9982	0.6118	0.5296
15	16	0.9995	0.9996	0.0051
15	18	1.0000	1.0000	0.8289
15	19	0.7001	0.9893	0.3610
15	20	0.9994	0.9645	0.0532
16	18	0.9989	0.5159	0.6206
17	18	0.9956	0.5491	0.0035
18	19	0.9996	0.9976	0.5160
18	20	0.9995	0.8196	0.0882
19	20	0.9988	0.7343	0.0212
19	21	1.0000	0.7500	0.9801
20	21	0.9984	0.3894	0.4648
