0	1	0.9985	0.8903	0.4470
0	3	0.9988	0.5076	0.5075
0	4	0.9497	0.4720	0.6316
0	5	0.9670	0.5603	0.4185
0	6	0.9484	0.6130	0.6188
0	7	0.5503	0.4692	0.2013
0	8	0.6003	0.3613	0.4093
1	2	0.9991	0.9498	0.4522
1	3	0.9996	0.6660	0.5276
1	4	0.9996	0.5457	0.7123
1	5	0.5496	0.4219	0.3312
1	6	0.6501	0.3665	0.2967
1	7	0.6002	0.7153	0.2692
1	8	0.9986	0.8468	0.4654
2	3	0.9488	0.7711	0.4692
3	4	0.9990	0.4640	0.5192
3	6	0.8993	0.5327	0.7302
3	7	0.7018	0.8258	0.3468
3	8	0.8501	0.8252	0.4562
4	5	0.6497	0.6223	0.3456
4	6	0.7002	0.6689	0.5223
4	7	0.5515	0.6682	0.1200
4	8	0.8499	0.5248	0.4933
5	6	0.9992	0.6661	0.4990
5	37	0.9496	0.5029	0.7384
5	40	0.6002	0.4124	0.5974
6	7	0.5502	0.8370	0.2988
7	8	0.6506	0.0929	0.8351
8	9	0.7500	0.9157	0.5406
8	11	0.9986	0.9392	0.5823
8	12	0.8502	0.8177	0.3138
9	11	0.6005	0.7060	0.6011
9	12	0.7498	0.5694	0.4678
9	14	0.6500	0.6511	0.2825
10	11	0.9992	0.6102	0.6209
10	12	0.7500	0.5000	0.5658
10	14	0.6976	0.6779	0.5083
11	12	0.9995	0.7613	0.4319
11	13	0.7993	0.7510	0.2657
12	14	0.9501	0.7072	0.5028
12	18	0.5011	0.6197	0.2677
12	19	0.5507	0.6471	0.3249
13	14	0.9998	0.5835	0.6024
13	15	0.9000	0.5760	0.9162
13	16	0.8501	0.5963	0.5363
13	18	0.7003	0.5219	0.3730
13	19	0.8006	0.4885	0.5709
13	20	0.8999	0.5801	0.7660
14	15	0.9985	0.8040	0.7760
14	16	0.6009	0.7419	0.6115
14	18	0.7005	0.6074	0.3773
14	19	0.6500	0.5355	0.4054
15	16	0.9992	0.9226	0.6650
15	17	0.6004	0.5810	0.5847
15	18	0.9969	0.9236	0.2205
15	19	0.9991	0.6087	0.6989
15	20	0.8498	0.7758	0.6107
16	17	0.8501	0.7059	0.5646
16	18	1.0000	0.7408	0.4121
16	19	0.9500	0.5916	0.4395
17	18	0.9993	0.8927	0.2333
17	19	0.8503	0.6970	0.4224
18	19	0.9502	0.5713	0.4733
18	20	0.8500	0.4726	0.5380
18	21	0.5503	0.1533	0.5426
19	20	0.9502	0.7671	0.4405
19	21	0.7993	0.5698	0.3192
20	21	0.9496	0.6855	0.4859
20	22	0.5007	0.3886	0.3553
21	22	0.6999	0.7126	0.2352
23	24	0.9998	0.7405	0.4283
23	25	0.9959	0.4745	0.3945
23	26	0.5504	0.6944	0.2058
23	35	0.9983	0.4513	0.5534
23	36	0.8991	0.7365	0.3149
23	37	0.9997	0.4885	0.4680
23	38	0.9993	0.4493	0.4753
23	40	0.9992	0.5125	0.5039
23	43	0.8994	0.5931	0.5427
24	25	0.9492	0.5009	0.6002
24	35	0.9008	0.5215	0.8570
24	38	0.9000	0.7181	0.5481
25	26	0.9494	0.8841	0.2096
25	35	0.9985	0.4641	0.6061
25	36	0.9467	0.8724	0.6391
25	37	0.9999	0.4877	0.4493
25	38	0.9988	0.4814	0.6175
25	39	0.8491	0.7977	0.3975
25	40	0.9993	0.5272	0.6063
25	42	0.6498	0.5690	0.4837
25	43	0.6516	0.5311	0.5057
26	28	0.8503	0.7103	0.5672
26	29	0.5008	0.8291	0.6372
26	31	0.9002	0.8504	0.5866
26	32	0.5015	0.8602	0.5064
26	33	0.7009	0.6515	0.3785
26	35	0.8507	0.3195	0.9713
27	29	0.5505	0.4912	0.6101
27	33	0.6998	0.3240	0.6333
28	29	0.7507	0.7407	0.5059
28	30	0.8507	0.7646	0.3881
28	31	0.9000	0.8337	0.5593
28	33	0.9004	0.5822	0.3316
28	34	0.9001	0.5581	0.5745
29	30	0.5999	0.5743	0.3863
29	31	0.5507	0.5929	0.4067
29	33	0.5510	0.6003	0.4070
30	31	0.5005	0.6294	0.5281
30	33	0.7010	0.6169	0.3851
31	32	0.6002	0.6332	0.4760
31	33	0.9002	0.7052	0.4557
32	33	0.7502	0.7113	0.4777
33	34	0.8999	0.8178	0.5415
34	35	0.7997	0.8657	0.1820
35	37	0.9989	0.8203	0.5294
35	38	0.9995	0.5997	0.4765
35	40	0.9993	0.7018	0.5699
35	43	0.9997	0.8584	0.5430
36	37	0.9483	0.5511	0.2291
36	38	0.7005	0.3510	0.7866
36	39	0.7988	0.6237	0.5499
36	40	0.6500	0.4920	0.7022
36	42	0.5309	0.4053	0.3152
37	38	0.9999	0.7039	0.4309
37	39	0.9007	0.4013	0.6639
37	40	0.9992	0.5961	0.2567
37	43	0.9984	0.6132	0.2447
38	39	0.7507	0.6645	0.5002
38	40	0.9999	0.6221	0.4828
38	42	0.8039	0.6030	0.6937
38	43	0.8493	0.5820	0.4489
38	52	0.7500	0.6178	0.4822
39	40	0.9995	0.5924	0.3863
39	42	0.8998	0.5542	0.4733
39	43	0.9994	0.4222	0.4650
40	42	0.9998	0.2395	0.6083
40	43	0.9499	0.5847	0.5689
40	44	0.7999	0.7760	0.4974
41	42	0.5002	0.7027	0.2067
41	43	0.8490	0.6006	0.6738
41	47	0.7979	0.8470	0.3910
41	48	0.6888	0.5076	0.4460
42	43	0.9995	0.6712	0.2452
42	44	0.5004	0.4395	0.5621
42	45	0.6500	0.5893	0.5671
42	48	0.6002	0.5974	0.4022
43	44	0.9999	0.5806	0.6115
43	45	0.9984	0.3374	0.5945
43	47	0.5998	0.7573	0.6598
43	48	0.9999	0.6258	0.5349
44	45	0.8498	0.7043	0.4162
44	46	0.9995	0.5618	0.6219
44	47	0.8498	0.4978	0.6395
44	48	0.9500	0.5277	0.6682
44	49	0.7005	0.3843	0.4961
44	50	0.8500	0.6122	0.5730
45	46	0.9994	0.6619	0.2656
45	47	0.6005	0.8075	0.6488
45	48	0.9997	0.6628	0.4366
46	47	0.9994	0.8257	0.7494
46	48	0.9993	0.4754	0.5246
46	49	0.9993	0.6621	0.3076
46	51	0.9500	0.4160	0.9134
46	52	0.9999	0.5838	0.3988
46	54	0.6504	0.5117	0.2937
46	55	0.9497	0.5303	0.7188
46	56	0.9487	0.4529	0.3226
47	48	0.9998	0.7213	0.8417
47	49	0.9990	0.3268	0.2987
47	51	0.8499	0.5521	0.7662
47	52	0.9984	0.7680	0.4952
48	49	0.9997	0.6291	0.3967
48	51	0.9998	0.4193	0.8948
48	52	0.8992	0.5519	0.3914
48	55	0.5005	0.4414	0.3922
49	50	1.0000	0.5673	0.5367
49	51	0.9499	0.4594	0.4176
49	52	0.6002	0.3141	0.4751
51	52	0.6991	0.8600	0.3105
52	53	0.9980	0.9320	0.5019
52	54	0.9996	0.5065	0.4451
52	55	0.9993	0.7559	0.5081
52	56	0.9980	0.4235	0.5051
52	57	0.6731	0.7597	0.5406
52	60	0.9994	0.5445	0.8297
53	56	0.5503	0.3817	0.8493
54	55	0.9999	0.7279	0.4008
54	56	0.9969	0.4482	0.5907
54	57	0.8502	0.6185	0.6469
54	60	0.9491	0.5728	0.6407
55	56	0.9999	0.5035	0.7500
55	57	0.8000	0.3206	0.8667
55	58	0.9503	0.3121	0.8542
55	59	0.5014	0.2865	0.5559
55	60	0.8502	0.5045	0.6827
56	57	0.9999	0.9871	0.8247
56	60	0.9490	0.7428	0.7920
57	58	0.9986	0.6916	0.6431
57	59	0.7002	0.6432	0.2762
57	60	0.9497	0.8367	0.3727
58	59	0.9993	0.5802	0.4270
58	60	0.6510	0.6296	0.3462
60	61	0.5998	0.8522	0.4773
60	62	0.5019	0.7555	0.3480
60	63	0.7008	0.8129	0.5013
61	62	0.9997	0.8942	0.3045
61	63	0.6999	0.6008	0.4579
62	63	0.9988	0.8519	0.2244
63	64	0.9995	0.7149	0.6073
63	65	0.5510	0.5794	0.5684
63	66	0.9497	0.6556	0.5334
63	67	0.7505	0.4662	0.6770
63	68	0.6001	0.5551	0.8913
63	70	0.9998	0.5867	0.4114
63	71	0.8000	0.5743	0.5065
64	65	0.5507	0.5316	0.4510
64	66	0.9495	0.6497	0.4747
64	67	0.7001	0.5380	0.4728
64	69	0.6994	0.5801	0.7026
64	70	0.9996	0.6037	0.3892
64	71	0.7999	0.6446	0.5188
65	66	0.9986	0.6143	0.5234
65	67	0.9500	0.7229	0.3495
65	68	0.7494	0.7437	0.1093
65	69	0.8996	0.5452	0.5835
65	70	0.9989	0.5286	0.4604
65	71	0.7002	0.6167	0.4110
66	67	0.9987	0.8188	0.3784
66	68	0.5623	0.6006	0.4538
66	69	0.9484	0.5404	0.6191
66	71	0.9994	0.5463	0.5741
67	68	0.9496	0.8472	0.2468
67	69	0.9997	0.6224	0.2485
67	70	0.9498	0.3961	0.8861
68	69	0.7993	0.6946	0.1117
68	70	0.9989	0.4814	0.5481
68	71	0.8497	0.3211	0.4581
69	70	0.9992	0.5435	0.5361
69	71	0.8997	0.4621	0.4790
70	71	0.9993	0.5697	0.4989
