0	1	0.9496	0.7170	0.5136
0	2	0.9977	0.4154	0.5646
0	3	0.7496	0.5818	0.6963
0	5	0.8991	0.5203	0.4487
0	7	0.5548	0.4974	0.4698
1	2	0.9988	0.6096	0.4127
1	3	0.9996	0.6961	0.7490
1	4	0.5497	0.8305	0.3859
1	5	0.8501	0.8500	0.3531
1	6	0.8994	0.6962	0.4209
1	7	0.6998	0.6417	0.6239
1	13	0.6505	0.6280	0.5688
2	3	0.9994	0.7790	0.4690
2	5	0.5009	0.3960	0.3805
3	4	0.5992	0.7963	0.4365
3	5	0.9990	0.8578	0.5508
3	6	0.8993	0.6729	0.6549
3	7	0.7994	0.5864	0.5998
4	5	0.9979	0.8566	0.3758
4	6	0.7492	0.6699	0.7182
4	7	0.6011	0.3576	0.6816
4	13	0.9981	0.6189	0.8753
5	6	0.9976	0.6062	0.1798
5	7	0.9999	0.4574	0.8811
5	8	0.8502	0.5363	0.3272
5	10	0.6003	0.4610	0.3750
5	13	0.9998	0.5394	0.8352
6	7	0.9495	0.5317	0.4571
6	8	0.9981	0.4960	0.5331
6	10	0.8999	0.5629	0.4194
6	12	0.5505	0.4278	0.2853
6	13	0.9995	0.5014	0.4760
7	8	0.9494	0.5882	0.4883
7	10	0.6997	0.4969	0.6276
7	13	0.9991	0.5945	0.6555
8	9	0.9991	0.6473	0.5926
8	10	0.9998	0.5989	0.5032
8	11	0.6004	0.4337	0.4127
8	12	0.9988	0.6227	0.6114
8	13	0.9492	0.4547	0.5403
9	10	0.9990	0.6345	0.6097
9	12	0.8500	0.4157	0.3660
9	13	0.9496	0.4972	0.3242
10	11	0.9980	0.9867	0.3508
10	12	0.9485	0.8711	0.2219
10	13	0.9996	0.5172	0.5742
11	12	0.9486	0.6341	0.1240
11	13	0.6497	0.3079	0.4947
12	13	0.9989	0.5180	0.4438
