0	1	0.9994	0.7190	0.3795
0	5	0.7005	0.4192	0.3800
0	6	0.9000	0.4281	0.6114
0	7	0.9989	0.6081	0.3293
2	3	0.9488	0.4218	0.2505
2	4	0.9984	0.3534	0.5445
2	19	0.6262	0.6733	0.3854
2	20	0.9494	0.7185	0.8061
3	4	0.9992	0.4699	0.5080
3	5	0.8995	0.3098	0.3792
3	6	0.6001	0.4262	0.5522
3	7	0.9994	0.4764	0.5260
3	8	0.9476	0.4700	0.4033
3	9	0.8996	0.4605	0.1457
4	5	0.9993	0.5902	0.5332
4	6	0.9993	0.5637	0.4622
4	7	0.9994	0.5652	0.3751
4	9	0.7997	0.6409	0.1808
5	6	0.9996	0.6560	0.5216
5	7	0.9999	0.7357	0.3864
5	8	0.9991	0.8116	0.7551
5	9	0.8999	0.8160	0.3156
6	7	0.9999	0.8234	0.4515
6	8	0.9996	0.8380	0.7246
6	9	0.9998	0.5821	0.4087
7	8	0.9997	0.7779	0.4859
7	9	1.0000	0.7046	0.4357
8	9	0.9993	0.8284	0.5613
8	10	0.9491	0.8798	0.8025
9	10	0.9998	0.7045	0.5844
9	11	0.6008	0.6087	0.4580
9	12	0.9490	0.6732	0.7564
10	11	0.9987	0.5411	0.4619
10	12	0.9994	0.6808	0.5295
10	13	0.9995	0.7475	0.5112
11	12	0.9997	0.6287	0.5118
11	13	0.9987	0.4863	0.5251
11	14	0.8503	0.4390	0.3867
12	13	0.9994	0.5813	0.5215
12	14	0.9992	0.5105	0.3688
13	14	0.9498	0.6519	0.5074
14	16	0.7996	0.3904	0.4706
15	16	0.7974	0.3623	0.2863
15	17	0.9998	0.6252	0.3753
15	18	0.8498	0.5217	0.3727
16	17	0.9993	0.4842	0.3484
16	18	0.9995	0.4156	0.3987
16	19	0.5506	0.5070	0.5775
16	21	0.9487	0.5655	0.5922
17	18	0.9997	0.4856	0.4364
17	19	0.9998	0.4664	0.6375
17	20	0.9991	0.5046	0.5071
17	21	0.6499	0.6304	0.2335
18	19	0.9988	0.4228	0.5629
18	20	0.9993	0.5644	0.5154
18	21	0.6500	0.4548	0.2298
19	20	0.9997	0.5225	0.5835
20	21	0.5501	0.7331	0.4859
