0	1	0.9468	0.5447	0.2237
0	2	0.9985	0.5912	0.4585
0	3	0.6996	0.4487	0.2773
0	8	0.7989	0.5013	0.3016
0	20	0.6500	0.6387	0.7434
1	2	0.9986	0.5464	0.6452
1	3	0.9983	0.4841	0.2747
1	4	0.5500	0.4004	0.5891
1	5	0.9986	0.5413	0.4200
1	6	0.8493	0.3359	0.3965
1	7	0.9497	0.6236	0.5809
1	8	0.9993	0.4587	0.3451
1	20	0.9501	0.4300	0.9639
2	3	0.9972	0.9377	0.3790
2	4	0.5013	0.4487	0.4344
2	5	0.9005	0.5932	0.4566
2	6	0.7490	0.6507	0.5308
2	7	0.8993	0.5007	0.5846
2	8	0.8989	0.4292	0.4012
2	20	0.6998	0.2738	0.7884
3	4	0.9475	0.6298	0.3638
3	5	0.6498	0.3564	0.4708
3	6	0.5002	0.7008	0.4688
3	7	0.9490	0.4492	0.4233
3	8	0.9987	0.5500	0.3142
4	5	0.6004	0.5552	0.3150
4	6	0.9998	0.4982	0.5933
4	7	0.9975	0.8187	0.6210
5	6	0.9978	0.7809	0.5021
5	7	0.9983	0.5540	0.5863
5	8	0.9997	0.5209	0.4119
6	7	0.9493	0.5301	0.6306
7	8	0.9990	0.4945	0.2658
8	9	0.9986	0.4905	0.4395
8	10	0.8989	0.7546	0.4902
8	17	0.6499	0.2086	0.6115
8	20	0.9995	0.7155	0.9640
9	10	0.9988	0.9317	0.5142
9	11	0.9995	0.8460	0.3489
9	12	0.6996	0.6252	0.5532
9	17	0.7504	0.7636	0.4264
9	18	0.9992	0.6988	0.7182
9	19	0.8005	0.7177	0.3813
9	20	0.9994	0.8826	0.8170
10	11	1.0000	0.7625	0.3631
10	12	0.7003	0.5852	0.4391
10	13	0.6018	0.5911	0.7068
10	17	0.5516	0.4723	0.6622
10	18	0.9485	0.7035	0.4517
10	19	0.7495	0.7884	0.7029
10	20	0.9002	0.6588	0.7530
11	12	0.9994	0.7128	0.2679
11	13	0.9994	0.6042	0.3696
11	18	0.9999	0.6332	0.5859
11	19	1.0000	0.6110	0.5454
11	20	0.8819	0.5915	0.6060
12	13	0.9999	0.5703	0.4494
12	15	0.9994	0.6876	0.8487
12	17	0.9493	0.5056	0.6942
12	18	0.9997	0.5817	0.5543
12	19	1.0000	0.6062	0.4829
12	20	0.6503	0.4585	0.4963
13	14	0.9963	0.9904	0.7744
13	15	0.9995	0.7233	0.4497
13	16	0.7005	0.4734	0.3165
13	17	0.9992	0.8941	0.4154
13	18	0.9993	0.4643	0.4332
13	19	0.9990	0.4046	0.4470
14	15	0.9496	0.7197	0.1074
14	17	0.8993	0.4540	0.5837
15	16	0.9990	0.4105	0.3151
15	17	0.9999	0.2912	0.5947
15	18	0.9992	0.6146	0.2114
15	19	0.9502	0.7842	0.4226
16	17	0.9994	0.8886	0.4313
16	18	0.9992	0.5211	0.3405
16	19	0.9994	0.5317	0.4084
16	20	0.8502	0.1194	0.6466
17	18	0.9988	0.7889	0.2203
17	19	0.9995	0.7661	0.3343
18	19	1.0000	0.6301	0.5220
18	20	0.9994	0.7346	0.3652
19	20	0.9999	0.8537	0.3612
