0	1	0.9997	0.9223	0.6294
0	6	0.6455	0.6969	0.0676
0	7	0.8988	0.2067	0.3876
0	8	0.8508	0.2611	0.0975
0	11	0.5568	0.2146	0.4099
1	5	0.9972	0.8074	1.0000
1	7	0.9001	0.0148	0.9084
1	8	0.9957	0.8021	0.0016
1	9	0.9505	0.9474	0.9993
1	11	0.9991	0.9825	0.7862
1	12	0.9995	0.9940	0.0618
2	3	0.9992	0.4990	0.4133
2	5	0.9989	0.0361	0.7188
2	8	0.9985	0.2783	0.4466
2	9	1.0000	0.9272	0.3682
2	10	0.9999	0.8512	0.9921
2	11	0.9995	0.4351	0.4784
2	12	0.9997	0.3385	0.5367
2	13	1.0000	0.5884	0.4473
2	14	0.9489	0.8420	0.3244
2	15	0.8997	0.4775	0.3714
2	16	0.9984	0.3423	0.4925
3	4	0.9961	0.5796	0.0166
3	5	1.0000	0.6402	0.3945
3	8	0.9972	0.3534	0.6413
3	9	0.9989	0.1037	0.2573
3	11	0.9993	0.6602	0.7829
3	13	1.0000	0.7753	0.5463
3	15	0.9993	0.9218	0.6963
3	16	0.9999	0.8291	0.3807
3	17	0.9994	0.9313	0.2185
4	5	1.0000	0.6120	0.3040
4	6	0.9946	0.7443	0.5024
4	7	0.9497	0.9467	0.3878
4	8	1.0000	0.7958	0.5056
4	16	0.9475	0.4094	0.4043
5	6	1.0000	0.7905	0.2126
5	7	1.0000	0.0594	0.0671
5	8	0.9992	0.4453	0.4023
5	9	0.9491	0.4234	0.8784
5	11	0.9970	0.9735	1.0000
5	16	0.7991	0.4356	0.7938
6	7	0.9984	0.5618	0.4715
6	8	0.9973	0.2588	0.1468
6	9	0.9991	0.3081	0.9984
7	8	0.9977	0.1677	0.5331
7	9	0.9999	0.0524	0.8051
7	10	0.9997	0.1155	0.0097
8	9	1.0000	0.6032	0.6471
8	10	0.9996	0.5620	0.3085
8	11	0.9481	0.3324	0.9647
8	16	0.9705	0.8249	0.8600
9	10	0.9995	0.7946	0.5181
9	11	0.9978	0.6932	0.6443
9	13	0.5012	0.7977	0.0924
9	16	0.8488	0.6569	0.7620
10	11	0.9998	0.9947	0.3942
10	12	0.9500	0.9997	0.3742
11	12	0.9997	0.4545	0.3894
11	13	0.9999	0.8763	0.5227
12	13	0.9999	0.5511	0.8281
13	14	1.0000	0.6325	0.9628
13	15	1.0000	0.6773	0.5969
13	17	1.0000	0.5585	0.4333
14	15	0.9978	0.9972	0.4641
14	17	0.9485	0.7446	0.3322
15	16	0.9981	0.5838	0.2604
15	17	1.0000	0.5105	0.7132
16	17	0.9500	0.0600	0.1829
