0	1	0.9998	0.5742	0.3552
0	2	0.9997	0.5689	0.5828
0	5	0.7001	0.5663	0.6889
1	2	0.9999	0.3953	0.5136
1	3	0.6003	0.9903	0.0133
1	4	0.9475	0.9198	0.5790
1	5	0.9989	0.5522	0.5438
1	7	0.7985	0.5586	0.3729
1	9	0.9985	0.8838	0.5182
1	32	0.9993	0.5496	0.9287
2	3	0.7490	0.4211	0.2577
2	4	0.9993	0.4946	0.6472
2	5	0.9997	0.5627	0.5115
2	8	0.9492	0.5934	0.1887
2	32	0.8482	0.9019	0.4663
3	4	0.7997	0.5146	0.4923
3	5	0.9019	0.0887	0.0480
4	5	0.7499	0.6909	0.1771
5	6	0.9998	0.6814	0.3969
5	7	0.9971	0.9565	0.2392
5	8	0.9990	0.6412	0.5006
5	9	0.9989	0.7034	0.4793
5	11	0.7007	0.0276	0.2422
5	32	0.6999	0.9270	0.6026
6	7	0.9997	0.5828	0.5469
6	8	0.9996	0.4556	0.3488
6	9	0.9993	0.8001	0.4829
6	10	0.8528	0.5428	0.4017
6	29	0.9998	0.4914	0.8604
6	32	0.9996	0.4317	0.6802
7	8	0.9994	0.7952	0.1014
7	9	0.5005	0.2671	0.4204
7	10	0.9997	0.5379	0.8024
7	27	0.6018	0.2451	0.6945
7	28	0.5003	0.1049	0.4629
7	29	0.9500	0.7079	0.6020
7	32	0.9500	0.6999	0.5451
8	9	0.9979	0.8138	0.5001
8	10	0.9995	0.4670	0.3963
8	11	0.8001	0.9364	0.1677
8	12	0.8491	0.4680	0.3100
8	27	0.5493	0.5197	0.3782
8	29	0.8998	0.2335	0.7563
8	32	1.0000	0.0117	0.5166
9	10	1.0000	0.5381	0.5374
9	11	0.9993	0.5749	0.3796
9	12	0.7998	0.4862	0.4551
9	27	0.7504	0.2261	0.6193
9	30	0.5008	0.1436	0.1624
9	32	0.9990	0.6231	0.3716
10	11	0.9997	0.9023	0.3040
10	12	0.9997	0.7381	0.5322
10	29	0.9997	0.4961	0.9241
10	32	0.9969	0.4733	0.2338
11	12	0.9996	0.4971	0.6510
11	16	0.9971	0.6534	0.2624
11	17	0.9995	0.2677	0.5508
11	19	0.7485	0.6433	0.1100
12	17	0.8996	0.6203	0.4280
12	19	0.7501	0.5200	0.4235
12	24	0.7022	0.8356	0.9608
12	25	0.9973	0.6859	0.7295
12	29	1.0000	0.2982	0.9146
12	30	0.9490	0.7677	0.6547
12	31	0.8491	0.8385	0.6845
12	32	0.9955	0.7308	0.1719
13	14	0.8992	0.5031	0.1906
13	15	0.5505	0.3830	0.4936
13	16	0.7002	0.2735	0.2544
13	18	0.8990	0.3070	0.1032
13	19	0.7997	0.4396	0.8518
14	15	0.9994	0.5362	0.8705
16	17	0.9987	0.7279	0.4521
16	19	0.7700	0.9036	0.1979
16	24	0.5509	0.4857	0.9442
17	18	0.9984	0.9354	0.4919
17	19	0.6981	0.4643	0.3615
17	29	0.7005	0.2227	0.9130
18	19	0.9990	0.8924	0.1402
18	24	0.9999	0.5218	0.7255
19	20	0.9991	0.9968	0.0282
19	24	1.0000	0.5508	0.9097
19	25	1.0000	0.5505	0.5208
19	29	0.9999	0.3654	0.9604
19	30	0.5499	0.4554	0.3147
20	21	0.6993	0.6174	0.2840
20	22	0.8993	0.4916	0.6252
20	23	0.5991	0.6304	0.6534
20	24	0.9997	0.2085	0.5000
20	26	0.6993	0.5282	0.3091
21	22	0.5005	0.3339	0.2408
21	23	0.6022	0.2979	0.6455
21	24	0.9983	0.7714	0.2206
21	26	0.7993	0.3865	0.6012
22	23	1.0000	0.7228	0.7349
22	24	0.9987	0.6014	0.1672
22	26	0.9490	0.6473	0.3339
22	27	0.5003	0.6119	0.4449
23	24	0.9999	0.7206	0.1765
23	26	0.8961	0.9477	0.1315
23	27	0.5511	0.4298	0.3376
24	25	1.0000	0.8381	0.3539
24	26	0.9977	0.6272	0.4249
24	27	0.8499	0.5995	0.5646
24	30	0.9988	0.9127	0.0576
25	26	0.9993	0.9705	0.8850
25	29	0.9994	0.8120	0.7982
25	30	0.9995	0.5062	0.5316
25	31	0.9994	0.8022	0.7130
26	27	0.9994	0.7212	0.4334
26	28	0.6000	0.4483	0.9931
27	28	0.7995	0.6721	0.8057
27	29	0.9995	0.5511	0.2033
28	29	0.9952	0.9972	0.0441
28	32	0.6996	0.9220	0.4052
29	30	0.9995	0.8881	0.3791
29	31	0.9995	0.9529	0.8496
30	31	0.9999	0.5710	0.4801
31	32	0.8509	0.9972	0.0774
