0	2	0.8990	0.7405	0.5059
0	3	0.6003	0.4969	0.5139
0	4	0.7887	0.7197	0.5266
0	5	0.7997	0.5177	0.5642
0	8	0.5004	0.6290	0.2642
0	23	0.7499	0.5229	0.4035
1	2	0.9996	0.5536	0.4648
1	3	0.9988	0.4733	0.4459
1	5	0.7005	0.5315	0.4672
1	6	0.9994	0.5156	0.4176
1	21	0.9496	0.1980	0.6291
1	22	0.9982	0.3638	0.5604
1	23	0.9983	0.3873	0.4465
2	3	0.9995	0.4644	0.4607
2	4	0.7500	0.3853	0.5360
2	5	0.9971	0.4945	0.6883
2	6	0.9998	0.6188	0.4616
2	7	0.9497	0.8480	0.5253
2	9	0.8988	0.6435	0.5908
2	21	0.5498	0.3592	0.6086
2	22	0.9980	0.2977	0.4946
2	23	0.9977	0.3545	0.4104
3	4	0.9977	0.6876	0.2747
3	5	0.9983	0.4152	0.5112
3	6	0.9988	0.5192	0.4885
3	7	0.9998	0.6235	0.5816
3	8	0.5502	0.7816	0.2998
3	9	0.7992	0.5256	0.5221
3	21	0.5198	0.4179	0.3632
3	22	0.9491	0.6241	0.3596
3	23	0.9995	0.7287	0.3590
4	5	0.9495	0.3074	0.2932
4	8	0.5003	0.3122	0.4291
5	6	0.9997	0.5439	0.3793
5	8	0.8498	0.3671	0.3053
6	7	1.0000	0.6513	0.4910
6	8	0.6998	0.4873	0.2368
6	9	0.9992	0.4791	0.5190
6	23	0.5006	0.2072	0.3419
7	8	0.9997	0.8765	0.2772
7	9	0.9986	0.4906	0.6431
7	10	0.9503	0.6775	0.5847
7	11	0.9999	0.7571	0.4226
7	13	0.9496	0.5874	0.4654
8	9	0.9991	0.3240	0.5771
9	11	1.0000	0.7230	0.4480
9	12	0.5514	0.5083	0.3565
10	11	0.9999	0.7545	0.5182
10	12	0.6499	0.6457	0.4295
10	13	0.9993	0.6893	0.6160
10	14	0.9999	0.6612	0.5310
10	15	0.8501	0.6840	0.5203
11	12	0.9978	0.9943	0.3210
11	13	0.9982	0.4837	0.5707
11	14	0.9988	0.7529	0.5217
11	15	0.8493	0.7154	0.4699
12	13	0.9989	0.3625	0.2656
13	14	0.7252	0.5133	0.5523
13	15	0.8995	0.4793	0.5204
14	15	0.9993	0.6045	0.5494
14	16	0.7999	0.6453	0.4517
14	17	0.9999	0.6305	0.5787
14	19	0.8997	0.5842	0.5571
15	16	0.9997	0.9207	0.4728
15	17	0.9999	0.7534	0.3962
15	18	0.9992	0.6030	0.4995
15	19	0.9985	0.6829	0.7117
15	20	0.6001	0.5996	0.2938
15	21	0.9984	0.4761	0.2515
16	17	0.9487	0.5985	0.1833
17	18	0.9977	0.3914	0.5246
17	19	0.9982	0.3712	0.6968
17	20	0.7996	0.1710	0.3395
17	22	0.9492	0.6841	0.3720
18	19	0.9989	0.5149	0.6021
18	20	0.8998	0.6793	0.4661
18	21	0.9987	0.5172	0.2588
18	22	0.9996	0.5898	0.5008
19	20	0.9968	0.8922	0.4129
19	21	0.7505	0.4747	0.2933
19	22	0.9998	0.6269	0.4504
19	23	0.6012	0.6548	0.3629
20	21	0.8492	0.5696	0.1295
20	22	0.5503	0.4094	0.4374
21	22	1.0000	0.5926	0.4462
21	23	1.0000	0.5605	0.4986
22	23	0.9992	0.4453	0.4739
