0	1	0.9982	0.9575	0.4051
0	2	0.9996	0.9159	0.5184
0	3	1.0000	0.7664	0.7005
0	4	1.0000	0.4734	0.6249
0	5	0.8998	0.3990	0.0539
0	6	0.5508	0.3291	0.7761
0	7	0.9970	0.8851	0.7678
0	8	0.9997	0.7293	0.1800
1	2	0.9993	0.8222	0.4390
1	4	1.0000	0.3861	0.8306
1	5	0.5493	0.6437	0.0000
1	6	0.9995	0.6797	0.9687
1	7	0.9495	0.3740	0.8726
1	8	0.9963	0.5997	0.0820
2	4	0.9989	0.4487	0.5693
2	5	0.9981	0.3839	0.0275
2	6	0.9995	0.6489	0.7834
2	7	0.9992	0.7621	0.4240
2	8	0.9974	0.8188	0.1470
3	4	0.9993	0.3728	0.4453
3	5	0.9996	0.1553	0.0651
4	5	0.9988	0.5540	0.1149
4	6	1.0000	0.4617	0.4465
4	7	0.9982	0.8689	0.4549
4	8	0.9963	0.7829	0.0233
5	6	0.9995	0.4415	0.4775
5	7	1.0000	0.0019	0.0316
6	7	0.9493	0.9911	0.0766
6	17	0.7503	0.4544	0.2622
7	8	0.9998	0.9130	0.1775
7	12	0.8491	0.9222	0.6182
7	22	0.5519	0.9477	0.5089
8	9	0.9984	0.9362	0.5166
8	10	0.9985	0.9436	0.6432
8	11	0.9996	0.7159	0.9457
8	12	0.9986	0.3656	0.3190
8	22	0.9999	0.9766	0.8587
9	10	0.7976	0.8985	0.3022
9	11	1.0000	0.7880	0.6894
9	12	0.9991	0.5021	0.3009
9	22	0.9996	0.7901	0.9774
10	11	0.9998	0.7968	0.3907
10	12	0.9974	0.5812	0.2010
10	22	1.0000	0.3275	0.9908
11	12	1.0000	0.7377	0.2664
11	19	0.9989	0.2893	0.9946
11	22	1.0000	0.3257	0.9431
12	13	0.9996	0.7986	0.8737
12	14	0.9975	0.8115	0.4250
12	15	0.9495	0.7762	0.7197
12	16	0.9989	0.3586	0.2473
12	18	0.9997	0.9996	0.9856
12	21	0.9992	0.9918	0.8870
12	22	1.0000	0.5496	0.6860
12	25	0.9997	0.8977	0.1176
13	14	0.9991	0.5854	0.2606
13	15	0.9996	0.4426	0.4202
13	17	0.9998	0.3350	0.6179
13	18	0.9996	0.3996	0.3638
13	19	0.9989	0.9929	0.0019
13	20	0.9971	0.9015	0.5897
13	21	0.9974	0.4775	0.1489
14	15	0.9980	0.4794	0.1772
14	16	1.0000	0.1947	0.8469
14	17	0.9963	0.2740	0.1238
14	18	0.9999	0.2848	0.7925
14	21	0.7505	0.1322	0.8892
15	16	1.0000	0.8305	0.3475
15	17	0.9999	0.4602	0.4741
15	18	0.8504	0.0414	0.2067
16	17	1.0000	0.4392	0.5378
18	19	0.9997	0.9651	0.0000
18	20	0.9986	0.6882	0.5267
18	21	0.9998	0.5732	0.5032
18	25	0.9992	0.5703	0.2607
19	20	0.9972	0.1373	0.3232
19	21	0.9999	0.0121	0.9243
19	22	0.7989	0.7387	0.8053
19	23	0.9995	0.0522	0.4649
19	25	0.6610	0.0002	0.1584
20	21	1.0000	0.7687	0.1794
20	23	0.9997	0.2059	0.9524
20	25	0.9999	0.6692	0.8331
21	22	0.9490	0.9997	0.0651
21	23	0.9992	0.7387	0.7584
21	24	0.9993	0.5015	0.4308
21	25	0.9992	0.4101	0.4825
22	23	0.9967	0.4461	0.1281
22	25	1.0000	0.0659	0.0802
23	24	0.9979	0.6871	0.1470
23	25	1.0000	0.6252	0.5009
24	25	0.9991	0.3569	0.4821
