0	1	0.9984	0.7736	0.4087
0	2	0.9996	0.4731	0.4772
0	3	0.9497	0.9514	0.7500
0	4	0.9997	0.5834	0.3778
0	6	0.9985	0.8760	0.6698
0	7	1.0000	0.3701	0.8900
0	8	0.9999	0.5115	0.4299
0	9	1.0000	0.9629	0.2862
0	10	0.9996	0.6730	0.5279
0	15	0.9999	0.3528	0.7254
1	2	1.0000	0.6397	0.2241
1	3	0.9998	0.4039	0.7889
1	4	0.8983	0.6336	0.0436
1	8	0.9999	0.3637	0.8265
1	9	0.5031	0.0991	0.0778
1	10	1.0000	0.1694	0.9488
1	15	0.9995	0.4977	0.3484
2	3	0.9974	0.9659	0.5027
2	4	0.9999	0.6781	0.4209
2	6	0.9978	0.9346	0.7691
2	7	0.9987	0.7627	0.8040
2	8	0.9979	0.3168	0.3105
2	9	0.5511	0.8685	0.1762
2	15	0.5505	0.1267	0.7125
3	4	1.0000	0.6333	0.6918
3	5	0.5493	0.4112	0.6371
4	5	0.8489	0.9961	0.2998
4	6	0.9981	0.9847	0.5945
4	7	0.9987	0.8280	0.6095
5	6	0.9971	0.6132	0.3913
6	7	1.0000	0.8650	0.2470
6	8	0.9982	0.7642	0.3423
6	9	1.0000	0.4540	0.4815
7	8	0.9996	0.9192	0.0541
7	9	0.9500	0.4835	0.8326
8	9	0.9997	0.6515	0.4659
8	10	0.9997	0.5206	0.4608
8	15	1.0000	0.6083	0.6664
8	17	1.0000	0.7007	0.3642
8	19	0.6004	0.5935	0.4639
8	22	0.9998	0.5321	0.9032
9	10	1.0000	0.7176	0.3551
10	11	0.9983	0.9980	0.1979
10	15	0.9999	0.6456	0.6535
10	16	0.6011	0.1188	0.5879
10	17	1.0000	0.7618	0.3148
10	19	0.9496	0.7874	0.3799
10	22	0.9992	0.4731	0.5910
11	12	0.9992	0.6723	0.2850
11	14	0.9979	0.7551	0.4924
11	15	0.9483	0.8640	0.0757
11	17	0.6006	0.5446	0.9936
11	22	0.7500	0.3212	0.0143
12	13	1.0000	0.6310	0.4642
12	14	0.9996	0.6309	0.3191
12	15	0.8994	0.5524	0.3205
13	14	0.9999	0.6961	0.4269
14	15	0.9977	0.4893	0.0457
15	16	0.9999	0.9577	0.2667
15	17	1.0000	0.8040	0.3555
15	19	0.8494	0.8118	0.4068
15	22	0.9500	0.9067	0.3503
16	17	0.9986	0.8238	0.0855
16	18	0.9001	0.5953	0.8152
16	19	0.7492	0.8224	0.1666
16	22	1.0000	0.8212	0.9180
17	18	0.9980	0.9409	0.4171
17	19	0.9990	0.4142	0.4306
17	20	0.7001	0.8393	0.5218
17	21	0.7002	0.3383	0.4623
17	22	0.9986	0.3133	0.4671
18	19	0.9997	0.5401	0.7470
18	20	1.0000	0.6478	0.4559
18	21	0.9972	0.5380	0.2993
18	22	0.9989	0.5904	0.2344
19	20	0.9997	0.8076	0.5209
19	21	0.9495	0.4475	0.4661
19	22	0.9987	0.3438	0.4641
20	21	0.9996	0.7215	0.4691
20	22	0.9989	0.7635	0.1619
21	22	0.9999	0.4246	0.4686
