0	1	0.9991	0.8294	0.5326
0	2	0.9999	0.5156	0.4655
0	3	1.0000	0.8884	0.5083
0	4	1.0000	0.6501	0.4858
0	5	0.9994	0.9926	0.6388
0	6	0.9989	0.8528	0.3804
0	7	0.9994	0.7906	0.7970
0	8	0.9998	0.5927	0.4313
0	16	1.0000	0.0754	0.9595
1	2	0.9995	0.8023	0.3949
1	3	0.9501	0.5320	0.7401
1	4	0.8987	0.6502	0.2295
1	5	0.6005	0.1146	0.8552
1	8	0.8008	0.3508	0.9482
1	14	0.9000	0.3552	0.5612
1	15	0.6001	0.3054	0.3383
1	16	0.9986	0.6399	0.2560
2	3	1.0000	0.5977	0.4732
2	4	0.9999	0.6100	0.4427
2	5	0.9992	0.9803	0.5775
2	6	0.9488	0.8097	0.4309
2	7	0.8991	0.8404	0.6409
3	4	0.9991	0.5367	0.3439
3	5	1.0000	0.1150	0.8614
3	14	0.8999	0.6243	0.7539
4	5	0.9986	0.9702	0.5090
4	6	0.8996	0.7872	0.7577
4	7	0.9493	0.9509	0.7733
5	6	0.9989	0.7240	0.7341
6	7	0.9969	0.9493	0.6185
7	8	0.9994	0.6740	0.1524
7	9	0.9998	0.3820	0.7459
7	10	0.8498	0.5055	0.0464
7	12	1.0000	0.1236	0.9171
8	9	1.0000	0.5561	0.4231
8	10	0.9994	0.5597	0.5101
8	12	0.9988	0.8114	0.6365
8	13	0.9996	0.5926	0.5695
8	16	0.9999	0.5023	0.8873
9	10	0.9974	0.5425	0.1459
9	12	1.0000	0.4700	0.6936
9	13	0.9981	0.5667	0.1024
10	12	1.0000	0.5131	0.6930
10	13	0.9984	0.4890	0.5921
10	15	0.6495	0.8816	0.1669
10	16	0.9989	0.4926	0.7375
11	12	0.9972	0.4947	0.0418
12	13	1.0000	0.6753	0.2528
13	16	0.9990	0.8529	0.6675
14	15	0.9990	0.7950	0.5178
14	16	0.9500	0.6739	0.1694
15	16	0.9481	0.6613	0.0410
