0	1	0.9979	0.6545	0.2423
0	2	0.9991	0.2101	0.8486
0	3	0.9994	0.6184	0.7134
0	4	0.9983	0.4153	0.3426
0	8	0.7499	0.2505	0.7218
1	2	0.9990	0.8647	0.9826
1	3	0.9988	0.6985	0.7950
1	8	0.9484	0.2743	0.6857
2	3	0.9973	0.8987	0.8233
2	4	0.9979	0.6224	0.1901
2	6	0.8991	0.4988	0.6718
2	8	0.6531	0.0010	0.3934
3	4	1.0000	0.4780	0.4576
3	8	0.9991	0.4065	0.4569
3	29	0.7001	0.0478	0.7319
4	5	0.9000	0.9583	0.2558
4	6	0.9979	0.1843	0.2852
4	8	0.9993	0.4169	0.4753
4	29	0.9003	0.7873	0.5543
5	6	0.9985	0.6222	0.0615
5	7	0.6023	0.3845	0.2055
5	8	1.0000	0.4853	0.4185
5	11	0.9983	0.9599	0.9933
5	12	0.9993	0.8657	0.0290
5	29	0.9993	0.5122	0.6873
6	7	0.8494	0.5800	0.3690
6	8	0.9998	0.4256	0.5000
6	29	0.9995	0.6462	0.9222
7	8	1.0000	0.0092	0.1514
7	29	0.9992	0.0953	0.8861
8	15	0.9488	0.9999	0.6400
8	29	0.9997	0.0521	0.9281
9	10	0.6992	0.8591	0.2554
9	11	0.9982	0.1042	0.2226
9	13	0.9985	0.7920	0.5813
9	14	0.9988	0.9940	0.9010
9	15	0.9996	0.0162	0.0273
9	18	0.9968	0.6450	0.8823
10	11	0.9980	0.4168	0.1979
10	13	0.9999	0.0770	0.5711
10	14	0.9998	0.1911	0.5871
10	15	0.9504	0.0197	0.0045
10	18	0.9973	0.4891	0.9127
11	12	0.9985	0.9149	0.4662
11	13	0.9994	0.7629	0.7974
11	14	1.0000	0.3284	0.9720
11	15	1.0000	0.5519	0.3124
11	18	1.0000	0.4621	0.5922
11	23	1.0000	0.3087	0.7284
11	25	0.9999	0.6118	0.4336
11	26	1.0000	0.3769	0.5657
11	27	1.0000	0.5683	0.9241
11	28	0.9499	0.8330	0.7660
12	15	0.8500	0.1949	0.9878
12	16	0.5495	0.9428	0.5685
12	18	1.0000	0.9547	0.1143
13	14	0.9994	0.7910	0.9841
13	15	0.9500	0.8178	0.4549
13	18	1.0000	0.0007	0.8272
14	15	1.0000	0.9672	0.2573
15	18	0.9001	0.0144	0.6198
16	17	0.9993	0.1013	0.8741
16	18	0.9997	0.9883	0.3464
16	19	0.8002	0.1745	0.2360
17	18	0.9980	0.3469	0.1904
17	19	0.9991	0.7809	0.3193
17	20	0.9996	0.1742	0.8475
17	21	0.9998	0.9843	0.4927
18	19	1.0000	0.3513	0.8144
18	22	0.9981	0.9927	0.6581
18	23	0.9997	0.6455	0.8512
18	24	0.9998	0.2575	0.4692
18	25	1.0000	0.5166	0.2759
18	26	0.9997	0.7267	0.3633
19	20	1.0000	0.6231	0.7250
19	21	1.0000	0.4536	0.6298
19	22	0.9997	0.9917	0.0514
19	23	1.0000	0.9457	0.8705
19	24	0.9996	0.9883	0.9867
20	21	1.0000	0.9071	0.7911
22	23	0.9997	0.0011	0.6668
23	24	0.9997	0.9042	0.7218
23	25	0.9999	0.5160	0.3746
23	26	0.9709	0.1626	0.3555
24	25	0.9959	0.9994	0.0148
24	26	0.9495	0.9954	0.9084
24	27	0.9976	0.8627	0.8678
25	26	0.9998	0.8625	0.6237
25	27	0.9998	0.3447	0.7854
26	27	0.8494	0.6878	0.5506
