0	1	0.7999	0.6904	0.4000
1	2	0.9003	0.7533	0.6399
1	3	0.8006	0.5902	0.3802
1	18	0.6002	0.5882	0.6921
1	19	0.9993	0.8361	0.4946
1	23	0.5003	0.3793	0.8069
2	3	0.8003	0.6601	0.2179
2	18	0.7004	0.5248	0.5366
2	19	0.7499	0.7610	0.2603
3	4	0.9498	0.5126	0.4088
3	5	0.9496	0.5246	0.4036
3	18	0.9995	0.3764	0.7318
3	19	0.9994	0.5150	0.5393
3	20	0.7994	0.5093	0.4732
4	5	0.8993	0.4677	0.2773
4	6	0.5513	0.4483	0.4893
4	18	0.6006	0.3835	0.5809
4	19	0.8499	0.5787	0.4898
4	24	0.5504	0.4269	0.5684
5	6	0.9990	0.8692	0.4820
5	7	0.9489	0.5439	0.5410
5	8	0.9491	0.7686	0.4989
5	9	0.8502	0.5240	0.3413
5	10	0.5501	0.4477	0.6022
5	18	0.9989	0.5385	0.6640
5	19	0.9978	0.4519	0.4431
6	7	0.9999	0.4599	0.5976
6	8	0.9993	0.2970	0.5514
6	9	0.9994	0.5164	0.3034
6	18	0.5005	0.5043	0.6385
6	19	0.9983	0.5403	0.4687
6	23	0.5499	0.2749	0.6929
6	24	0.5005	0.4222	0.4667
7	8	0.9984	0.7926	0.5935
7	9	0.8499	0.5776	0.4325
7	18	0.6998	0.6203	0.5063
7	19	0.8497	0.5677	0.3361
8	9	0.7500	0.6653	0.4601
9	10	0.6998	0.4306	0.4816
9	11	0.7003	0.5906	0.4682
9	12	0.6001	0.4120	0.3754
9	18	0.6010	0.4312	0.5202
10	18	0.5497	0.5727	0.5160
11	12	0.9499	0.5717	0.4355
11	15	0.8002	0.6388	0.5849
11	18	0.5013	0.6198	0.2892
12	13	0.8999	0.5308	0.4999
12	14	0.6003	0.6917	0.4912
12	15	0.9502	0.5535	0.5895
12	16	0.7005	0.6851	0.3218
13	14	0.9999	0.7467	0.4582
13	15	0.9498	0.5461	0.5206
13	16	0.7004	0.5628	0.4474
13	17	0.6002	0.4077	0.3364
14	15	0.9995	0.5774	0.4018
15	16	0.9996	0.7883	0.5680
15	17	0.7002	0.5788	0.4334
16	17	0.7501	0.5872	0.4087
17	18	0.9008	0.4901	0.3843
18	19	0.9988	0.8095	0.1406
19	20	0.9487	0.6027	0.4247
20	23	0.5005	0.5037	0.2524
21	22	0.8502	0.7196	0.4938
21	23	0.8503	0.5141	0.5328
21	24	0.7010	0.3732	0.5552
21	25	0.7899	0.6576	0.5092
22	23	0.8502	0.5887	0.5019
22	24	0.9002	0.4359	0.5190
22	25	0.9501	0.6433	0.5325
23	24	0.9996	0.6031	0.3458
23	26	0.8498	0.3939	0.4172
24	25	0.8002	0.5938	0.3605
25	26	0.9993	0.8145	0.4061
