0	1	0.9996	0.8381	0.2910
0	2	0.9996	0.6452	0.6857
0	10	0.6002	0.7726	0.4341
0	11	0.9491	0.8051	0.4849
0	12	0.7001	0.5109	0.6652
0	13	0.6006	0.1645	0.5454
0	14	0.5504	0.1841	0.4954
1	2	1.0000	0.6973	0.3966
1	3	0.9997	0.4863	0.4355
1	7	0.9989	0.4120	0.5298
1	8	0.9966	0.8925	0.2469
1	9	0.8495	0.2656	0.6359
1	10	0.9981	0.4445	0.6236
1	11	0.9983	0.4752	0.5481
1	12	0.9495	0.6811	0.3912
2	3	1.0000	0.6750	0.2326
2	5	0.6994	0.3267	0.4906
2	7	1.0000	0.6311	0.4383
2	10	1.0000	0.5057	0.8642
2	11	0.9500	0.4960	0.7312
2	12	0.9995	0.5215	0.4492
2	13	0.7001	0.3320	0.3857
2	14	0.8999	0.2621	0.5595
3	4	0.7000	0.9567	0.2128
3	5	0.9483	0.9615	0.5147
3	6	0.9479	0.7993	0.3405
3	7	0.9996	0.5503	0.4483
4	5	0.8993	0.6880	0.3357
4	6	0.5709	0.5355	0.2928
5	6	0.7996	0.7099	0.2087
5	7	0.5991	0.3358	0.6621
7	8	0.8979	0.9833	0.2829
7	9	0.9991	0.7018	0.6629
7	10	0.9492	0.5145	0.4983
8	9	0.9987	0.7890	0.2725
8	10	0.9501	0.1666	0.8071
8	11	0.5509	0.0945	0.5263
9	10	0.9982	0.7201	0.0458
9	11	0.6146	0.5604	0.3846
10	11	0.9488	0.4547	0.4257
11	12	0.7502	0.9151	0.5224
12	13	0.9995	0.4870	0.6679
12	14	0.9495	0.5316	0.5328
13	14	0.9990	0.6836	0.3347
13	15	0.9994	0.7657	0.5250
13	16	0.5007	0.5375	0.3419
14	15	0.9989	0.7385	0.2174
14	16	0.6000	0.4694	0.4872
14	27	0.7506	0.6058	0.5019
15	16	0.8998	0.7641	0.3040
16	17	0.9973	0.9479	0.2422
16	18	0.9986	0.9318	0.4471
16	19	0.7498	0.9004	0.7980
16	20	0.6993	0.8028	0.3670
16	21	0.8007	0.7229	0.5132
16	22	0.9003	0.8448	0.3943
16	26	0.5999	0.8264	0.4579
16	27	0.6015	0.6716	0.5719
17	18	0.9987	0.4688	0.4755
17	19	0.5507	0.4462	0.4949
17	20	0.6000	0.0907	0.3474
17	21	0.9500	0.3426	0.5824
17	26	0.9488	0.3275	0.4751
17	27	0.9982	0.4839	0.4762
18	19	0.9981	0.9220	0.5657
18	20	0.7981	0.8545	0.2744
18	21	0.9994	0.7360	0.6521
18	22	0.9989	0.5498	0.5742
18	24	0.7000	0.7832	0.3660
18	26	0.9997	0.4919	0.4210
18	27	0.9999	0.4391	0.3794
19	22	0.9000	0.4907	0.4326
19	23	0.6500	0.5563	0.5547
19	26	0.9995	0.2561	0.4471
19	27	0.9499	0.7469	0.7067
20	21	0.8477	0.7880	0.3079
20	22	0.6018	0.4331	0.4105
21	22	0.8271	0.5880	0.4016
21	26	0.7966	0.6179	0.3301
21	27	0.7504	0.6455	0.6352
22	23	0.9490	0.5496	0.4179
22	26	0.9981	0.5416	0.5544
22	27	0.9998	0.7632	0.4562
23	24	0.9988	0.8578	0.5096
23	25	0.9993	0.5309	0.4242
23	26	0.9985	0.4315	0.5232
23	27	0.9990	0.4138	0.4984
24	25	0.9997	0.7923	0.5191
24	26	0.9983	0.3190	0.2988
24	27	0.5506	0.3324	0.4002
25	26	0.9498	0.5322	0.2153
26	27	1.0000	0.8669	0.2864
