0	1	0.5013	0.6771	0.4820
4	5	0.9962	0.9887	0.1416
4	29	0.6007	0.5366	0.5206
4	33	0.8990	0.5454	0.7863
4	34	0.9489	0.8482	0.6143
4	40	0.8978	0.9438	0.8840
4	41	0.8001	0.8644	0.7637
5	6	0.9990	0.9147	0.6982
5	7	0.5528	0.6471	0.1630
5	23	0.7997	0.7758	0.4021
5	27	0.8991	0.6483	0.4075
5	29	0.9495	0.6280	0.8174
5	32	0.9989	0.4963	0.5424
5	33	0.7502	0.3800	0.4666
5	34	0.9988	0.5769	0.7375
5	40	0.9998	0.4921	0.7162
5	41	0.6511	0.1782	0.5239
6	7	0.9989	0.6438	0.4144
6	8	0.9999	0.4329	0.7561
6	20	0.9981	0.5972	0.2774
6	40	0.5467	0.5742	0.3176
7	8	0.9991	0.9345	0.3736
7	20	0.7501	0.6597	0.3930
7	27	0.9993	0.4851	0.3428
7	29	0.9987	0.7225	0.7412
7	34	0.7496	0.4772	0.9718
8	9	0.9971	0.7375	0.0520
8	11	0.9980	0.3846	0.4531
8	12	0.6500	0.2924	0.4144
8	15	0.7502	0.2544	0.2499
9	10	0.7335	0.4955	0.4055
9	11	0.9969	0.7333	0.1047
10	11	0.9980	0.7716	0.1343
10	15	0.9992	0.5332	0.3290
10	18	0.6005	0.3379	0.4253
11	12	1.0000	0.4533	0.7223
11	13	0.9963	0.8766	0.5270
11	14	0.9997	0.1911	0.6913
11	15	0.9984	0.2763	0.5653
11	16	0.9965	0.6110	0.7837
11	17	0.9983	0.0734	0.8341
11	18	0.9984	0.3137	0.6473
11	19	0.9975	0.3905	0.4251
12	13	0.9962	0.9911	0.3017
12	15	0.9996	0.6658	0.5309
12	16	0.9957	0.9487	0.6796
12	17	0.9991	0.6704	0.8828
12	18	0.9998	0.8364	0.4295
12	19	0.9981	0.7203	0.2187
13	14	0.9988	0.8212	0.2282
13	15	0.8002	0.1027	0.8574
13	16	0.8992	0.6611	0.7492
13	17	0.9477	0.7123	0.4885
13	18	0.9993	0.2670	0.3400
14	15	0.8497	0.5831	0.2720
14	16	0.9000	0.3956	0.9450
14	17	0.5016	0.7142	0.3753
14	18	0.7007	0.4903	0.4066
15	16	0.8471	0.8971	0.3611
15	17	0.9990	0.2357	0.8531
15	18	0.8499	0.4934	0.3908
15	19	0.5507	0.3530	0.4506
16	17	0.7998	0.9234	0.3375
16	18	0.9985	0.3733	0.3365
17	18	0.9482	0.6897	0.3278
17	19	0.5995	0.7390	0.8539
18	19	0.9982	0.5521	0.2887
19	20	0.9989	0.7221	0.3838
19	21	0.9500	0.2428	0.8166
19	22	0.6499	0.7152	0.4393
20	21	0.9493	0.9435	0.6512
20	22	0.5512	0.1946	0.4832
20	23	0.9489	0.6113	0.4849
20	25	0.7510	0.5348	0.3131
20	27	0.9002	0.6633	0.3270
20	29	0.9992	0.6876	0.5998
21	22	0.7994	0.9482	0.2112
21	23	0.8504	0.4676	0.9763
21	25	0.9990	0.5999	0.6215
21	26	0.8005	0.6291	0.5946
21	27	0.8994	0.5741	0.7329
22	23	0.9986	0.6367	0.1302
22	24	0.9998	0.3883	0.9238
22	25	0.9477	0.5589	0.0366
22	26	0.9999	0.4710	0.9200
22	27	0.9480	0.6282	0.0370
23	24	0.9996	0.7027	0.5844
23	25	0.9996	0.5771	0.4814
23	26	0.9963	0.8641	0.5902
23	27	0.9999	0.5751	0.4550
23	28	0.9997	0.9915	0.4939
23	29	0.9993	0.7373	0.5492
23	32	0.9996	0.7428	0.4778
23	34	0.9985	0.7182	0.6596
23	40	0.9496	0.6097	0.8549
24	25	0.9999	0.5573	0.3823
24	26	0.9999	0.5263	0.6690
24	27	0.9996	0.5777	0.2923
24	29	0.8990	0.4094	0.2323
24	31	0.6999	0.2570	0.5451
25	26	0.9989	0.7018	0.5303
25	27	0.9997	0.5494	0.5006
25	28	0.9987	0.9518	0.5193
25	29	0.9993	0.5932	0.5985
25	32	0.9999	0.5122	0.4934
25	34	0.9993	0.4997	0.8209
26	27	1.0000	0.6834	0.3505
26	28	0.9999	0.2781	0.7710
26	29	0.6025	0.5073	0.3062
27	28	0.9980	0.9284	0.5295
27	29	0.9987	0.6445	0.5556
27	31	0.6003	0.9513	0.2487
27	32	0.9996	0.6236	0.5758
27	34	0.9481	0.7367	0.7566
28	29	0.9994	0.4738	0.3395
28	31	1.0000	0.5455	0.9055
29	30	0.8489	0.9926	0.1698
29	31	0.9996	0.7356	0.3673
29	32	0.9997	0.5392	0.5669
29	34	0.9972	0.7157	0.6998
30	31	0.9486	0.7922	0.0422
30	33	0.6998	0.4327	0.0558
31	32	1.0000	0.6636	0.4444
31	33	1.0000	0.2497	0.8129
31	34	0.9970	0.4651	0.1001
31	35	0.5026	0.0730	0.4657
32	33	0.9986	0.8753	0.7581
32	34	0.9998	0.6385	0.4456
33	34	0.9995	0.7646	0.5377
33	35	0.9984	0.2207	0.1824
33	40	0.9495	0.4689	0.5942
34	35	0.9975	0.9798	0.5864
34	36	0.5507	0.8619	0.2351
34	37	0.9999	0.6676	0.3860
34	40	1.0000	0.9666	0.3693
35	36	0.8989	0.2268	0.2416
35	37	0.9495	0.5519	0.8794
35	40	0.7996	0.2136	0.1465
36	37	0.9984	0.6865	0.7189
37	38	0.9990	0.8757	0.3195
37	39	0.9993	0.5244	0.6350
37	41	0.8998	0.0706	0.7914
38	39	0.9999	0.3732	0.5797
39	40	0.9993	0.9379	0.3437
39	41	0.8984	0.2259	0.6430
39	42	0.9001	0.8949	0.5546
40	41	0.9981	0.9389	0.5031
41	42	0.5010	0.7908	0.0964
