0	1	0.9989	1.0000	0.0629
0	2	0.9992	0.5566	0.6698
0	3	0.9997	0.4254	0.3010
0	7	0.9990	0.0803	0.2626
0	9	1.0000	0.4031	0.6141
0	10	0.9988	0.0283	0.5523
0	11	0.9986	0.8276	0.0019
1	2	0.9985	0.4962	0.1045
1	7	0.9977	0.8479	1.0000
1	11	0.9998	0.4541	0.5478
1	14	0.9998	0.6794	0.9993
2	3	0.9991	0.5570	0.3334
2	6	0.9992	0.3677	0.4686
2	7	0.9997	0.4923	0.4746
2	8	0.5051	0.0085	0.9901
2	9	0.9985	0.5743	0.4606
2	10	0.9999	0.9093	0.9998
2	11	0.9999	0.2844	0.2005
3	4	0.9989	0.5111	0.4835
3	5	1.0000	0.0003	0.0000
3	6	0.9996	0.5044	0.2666
3	7	0.9994	0.2880	0.4389
3	8	0.9999	0.7943	0.8618
3	9	0.9993	0.5368	0.4944
3	10	1.0000	0.6201	0.9990
3	11	1.0000	0.4943	0.0303
4	5	0.9947	0.8871	0.5382
4	6	0.9989	0.6759	0.1223
4	7	0.9954	0.6800	0.6455
4	8	0.8004	0.1652	0.8821
4	9	0.9984	0.5182	0.3265
5	6	1.0000	0.9471	0.0963
6	7	0.9996	0.4472	0.5265
6	8	0.9998	0.0000	1.0000
6	9	1.0000	0.0007	0.2438
6	11	0.9004	0.0000	0.6688
7	8	1.0000	1.0000	1.0000
7	9	0.9999	0.7780	0.3522
7	11	0.9993	0.9990	0.4989
8	9	0.9955	0.9404	0.1556
8	11	1.0000	0.6432	0.8533
9	10	0.9973	0.8054	0.6421
9	11	0.9996	0.1297	0.2280
11	14	1.0000	0.8621	1.0000
12	14	0.9999	0.4919	0.5322
12	15	0.9982	0.8460	0.6141
12	17	1.0000	0.8302	0.5758
12	21	0.9999	0.5197	0.4947
12	22	1.0000	0.7414	0.5481
13	14	0.9980	0.5998	0.0258
13	20	1.0000	0.9362	0.4957
14	15	0.9992	0.4735	0.4121
14	16	0.7505	0.1241	0.9937
14	17	0.9999	0.4714	0.7008
14	18	0.8987	0.4318	0.8680
14	19	0.9989	0.2345	0.5573
14	20	0.9976	0.0849	0.5626
14	21	0.9998	0.5329	0.5117
14	22	0.9998	0.3698	0.6439
15	16	0.9997	0.9157	0.6048
15	17	1.0000	0.6470	0.4315
15	18	0.9989	0.8973	0.7075
15	19	0.9999	0.8820	0.4622
15	20	0.9995	0.9944	0.4321
15	21	0.9995	0.5193	0.4814
15	22	0.9999	0.7231	0.4806
16	17	0.9982	0.9279	0.7901
16	18	0.6002	0.8569	0.1592
16	19	0.9996	0.7503	0.4828
16	20	0.8999	0.9889	0.5725
16	21	0.7007	0.5177	0.1438
17	18	0.9982	0.4925	0.9652
17	19	0.7982	0.4936	0.5446
17	20	0.9985	0.7919	0.8481
17	21	0.9990	0.3988	0.3548
17	22	0.7522	0.4965	0.6975
18	21	0.6505	0.9699	0.1068
19	20	1.0000	0.8362	0.8322
19	21	0.9991	0.5144	0.2801
19	22	1.0000	0.4926	0.5647
20	21	0.9995	0.8470	0.0486
20	22	1.0000	0.7924	0.9860
21	22	0.9996	0.4566	0.4437
