0	1	0.9000	0.5270	0.4107
0	2	1.0000	0.6447	0.3454
0	5	0.6521	0.5809	0.2410
0	8	0.5499	0.5090	0.7261
0	9	0.9003	0.6370	0.4120
0	42	0.8499	0.4862	0.4049
1	2	0.9988	0.5740	0.3590
1	4	0.8997	0.4694	0.5152
1	5	0.9993	0.8222	0.3025
1	8	0.9995	0.6525	0.8455
1	9	0.9500	0.6336	0.4185
1	42	0.6393	0.7296	0.4250
2	3	0.9984	0.8171	0.8388
2	4	0.9988	0.4682	0.3470
2	5	0.9994	0.5241	0.4688
3	5	0.9486	0.5877	0.3884
4	5	0.9987	0.8128	0.1777
4	8	0.5002	0.6839	0.6773
5	6	0.9968	0.9822	0.3975
5	7	0.6496	0.7642	0.6089
5	8	0.9501	0.5396	0.6636
5	9	0.9990	0.3902	0.5083
5	10	0.5511	0.3829	0.5056
5	11	0.8501	0.7593	0.5686
5	12	0.5497	0.8565	0.6376
6	7	0.8000	0.5070	0.5480
6	8	0.5015	0.4956	0.2114
7	8	0.8999	0.6213	0.1739
8	9	0.9999	0.5884	0.5861
8	10	0.9997	0.5807	0.6173
8	11	0.8997	0.3183	0.4595
8	12	0.9493	0.3524	0.6682
9	10	0.9999	0.6222	0.4684
9	11	0.9003	0.5935	0.3206
9	12	0.8998	0.4905	0.7361
10	11	0.9999	0.6027	0.3374
10	12	0.9996	0.7708	0.7014
10	13	0.7498	0.6448	0.2241
10	14	0.8496	0.6501	0.7428
10	15	0.8496	0.5425	0.3819
11	12	0.9998	0.5260	0.4224
11	13	0.9999	0.4690	0.5068
11	14	0.9997	0.5213	0.4107
11	15	0.9991	0.3779	0.4786
11	16	0.8997	0.4549	0.3779
12	13	0.9999	0.5266	0.4838
12	14	0.9506	0.4991	0.4072
12	15	0.8998	0.3452	0.5887
12	16	0.7496	0.3487	0.2930
13	14	0.9991	0.5721	0.3685
14	15	0.9994	0.6247	0.4012
14	16	0.9993	0.6217	0.4422
14	17	0.8705	0.4823	0.4894
15	16	0.9997	0.4874	0.5071
15	17	1.0000	0.5025	0.4793
15	18	0.6342	0.1095	0.3240
15	19	0.9495	0.5322	0.5640
15	20	0.9994	0.5679	0.4891
15	21	0.9991	0.5760	0.3212
15	22	0.9988	0.5061	0.3764
16	17	0.9996	0.5433	0.5186
16	19	0.9996	0.4520	0.5723
16	20	0.9997	0.6571	0.5749
16	22	0.9991	0.5598	0.5744
17	18	0.8483	0.4490	0.7087
17	19	0.9998	0.5428	0.5924
17	20	0.9999	0.5533	0.4806
17	21	0.9995	0.4689	0.4281
17	22	0.9495	0.4371	0.5273
17	23	0.9969	0.6465	0.5019
17	24	0.6001	0.3765	0.5127
18	19	0.6995	0.3638	0.2260
18	20	0.5001	0.7740	0.6525
19	20	0.9993	0.6446	0.5088
19	21	0.9998	0.7098	0.4745
19	22	1.0000	0.6716	0.5418
19	24	0.8490	0.4942	0.3410
19	25	0.5503	0.5948	0.4657
20	21	0.9994	0.6771	0.4578
20	22	1.0000	0.5739	0.5587
20	23	0.5002	0.5365	0.6128
20	24	0.8001	0.5798	0.4480
20	25	0.8499	0.4536	0.6485
21	22	0.9999	0.4776	0.4986
21	23	0.7497	0.6942	0.4634
21	24	0.9000	0.6933	0.5457
21	25	0.9493	0.4963	0.6473
21	27	0.5007	0.4526	0.4431
21	29	0.5502	0.4025	0.3127
22	23	0.9947	0.9661	0.8429
22	24	0.9991	0.5024	0.5957
22	25	0.9996	0.3545	0.7236
22	27	0.8498	0.4590	0.4682
23	24	0.6504	0.6158	0.3734
24	25	0.7015	0.5322	0.4690
24	26	0.5004	0.3099	0.5404
25	26	0.9493	0.7289	0.3596
25	27	0.8504	0.5179	0.4264
25	28	0.8547	0.6500	0.3998
25	29	0.6503	0.6263	0.5086
26	27	0.9498	0.3435	0.3666
26	28	0.6510	0.4145	0.4442
26	31	0.9497	0.3552	0.5027
27	28	0.9498	0.6591	0.2551
27	29	0.9998	0.6591	0.5002
27	30	0.8496	0.6840	0.2418
27	31	0.7503	0.5762	0.3954
28	29	0.9997	0.5377	0.4691
28	30	0.9994	0.5477	0.5087
28	31	0.9995	0.4823	0.5119
28	32	0.7500	0.5102	0.5441
28	33	0.7999	0.5265	0.6524
28	34	0.9990	0.4411	0.7595
28	36	0.5007	0.5745	0.3425
29	30	0.9999	0.4741	0.4562
29	31	0.9999	0.5224	0.5550
29	32	0.9996	0.5766	0.4581
29	33	0.9997	0.6462	0.5857
29	34	0.9985	0.5938	0.7473
29	36	0.9496	0.5490	0.3977
29	38	0.5503	0.5411	0.4601
30	31	0.9997	0.4455	0.4993
30	32	0.9012	0.5089	0.4932
30	33	0.9494	0.4449	0.6686
30	34	0.9996	0.4255	0.7309
30	36	0.7997	0.4328	0.2842
31	32	0.9992	0.6093	0.5274
31	33	0.9494	0.4065	0.7629
31	34	0.9995	0.5653	0.8149
31	35	0.5002	0.2937	0.4226
31	36	0.6996	0.6908	0.2630
32	33	0.8496	0.6047	0.5431
32	34	0.9993	0.5231	0.6816
32	36	0.9495	0.5397	0.3726
33	34	0.7000	0.6238	0.6092
33	35	0.6501	0.4704	0.5848
33	36	0.8000	0.5849	0.4460
33	38	0.5519	0.5604	0.4171
34	35	0.8985	0.6075	0.6183
34	36	0.6476	0.5741	0.3383
34	37	0.9471	0.5119	0.6132
34	38	0.5006	0.4989	0.4691
35	36	0.9484	0.7721	0.2963
35	37	0.6001	0.5504	0.4725
36	37	0.9957	0.3670	0.5951
36	38	0.8497	0.4468	0.4157
36	39	0.5002	0.5536	0.7956
37	38	0.5507	0.6712	0.3874
37	39	0.5996	0.7238	0.3139
38	39	0.8497	0.4303	0.5565
38	40	0.6501	0.5363	0.5106
38	41	0.6019	0.5430	0.3651
38	42	0.6466	0.4352	0.4891
39	40	0.8495	0.8131	0.4876
39	42	0.7007	0.6961	0.5643
40	41	0.9491	0.6882	0.5438
40	42	0.9993	0.8311	0.5185
41	42	0.9994	0.6121	0.5325
42	43	0.8501	0.5430	0.6121
43	44	0.7999	0.8300	0.4064
44	45	0.6000	0.7342	0.3283
