0	1	0.9997	0.5070	0.4758
0	2	0.6511	0.1283	0.0089
0	3	0.9985	0.1063	0.7437
0	6	0.9990	0.2910	0.3997
0	7	1.0000	0.9287	0.2598
0	8	0.9499	0.6290	0.9639
0	9	0.9984	0.3299	0.4328
0	10	0.9999	0.3274	0.5031
0	11	0.9993	0.6504	0.4446
0	12	0.9996	0.9384	0.6523
1	2	0.9968	0.6470	0.0236
1	3	1.0000	0.6198	0.3329
1	6	0.9962	0.2781	0.7428
1	7	0.9996	0.1632	0.1698
1	9	0.9995	0.7359	0.7279
1	11	0.9998	0.4927	0.4126
1	12	0.9999	0.5307	0.5382
1	13	0.6500	0.6651	0.0673
2	3	1.0000	0.5517	0.3426
2	4	0.9981	0.8680	0.4693
2	5	0.8989	0.9827	0.2705
2	6	0.9992	0.7978	0.5598
2	12	0.9968	0.0559	0.3956
3	4	0.9990	0.6551	0.2322
3	5	1.0000	0.0554	0.1233
3	6	0.9994	0.4460	0.4179
3	7	0.9998	0.4403	0.8175
3	9	0.9960	0.9116	1.0000
3	12	0.9978	0.1306	0.6701
4	5	0.9998	0.5482	0.5926
4	6	1.0000	0.1177	0.0645
5	6	1.0000	0.2494	0.5872
5	7	1.0000	0.3062	0.6430
5	8	0.9974	0.1929	0.3983
6	7	0.9998	0.5380	0.5844
6	8	0.9992	0.4560	0.4977
6	9	1.0000	0.3591	0.8752
6	12	0.9990	0.9513	0.8744
7	8	0.9998	0.5886	0.9392
7	9	0.9970	0.6498	0.5103
7	10	0.7521	0.8397	0.2628
7	12	0.9502	0.0866	0.9592
8	9	0.9998	0.9169	0.3663
9	10	0.9996	0.4062	0.3618
9	11	0.9987	0.3324	0.7368
10	11	0.9982	0.7523	0.7495
11	12	0.9966	0.2523	0.5107
11	13	0.9501	0.4751	0.6753
11	14	0.9469	0.6386	0.3668
12	13	1.0000	0.4859	0.4219
13	14	0.9993	0.9415	0.3404
