0	1	0.9992	0.6363	0.6657
0	2	0.8999	0.4865	0.4946
0	6	0.5008	0.5160	0.4316
0	12	0.9986	0.4358	0.6558
1	2	0.9989	0.6933	0.5302
1	6	0.8026	0.4126	0.4771
1	12	0.9985	0.4671	0.7087
2	3	0.7497	0.7210	0.2915
2	4	0.5496	0.8400	0.1712
2	5	0.8996	0.5639	0.6097
2	6	0.9994	0.6049	0.5941
2	7	0.7503	0.6455	0.5149
2	12	1.0000	0.5466	0.5028
3	4	0.9985	0.9976	0.6287
3	6	0.9991	0.4873	0.5657
3	7	0.9975	0.6211	0.8635
3	11	0.9982	0.6076	0.4375
3	12	0.9988	0.3255	0.2271
4	5	0.9967	0.5654	0.1507
4	6	0.6001	0.3850	0.3187
5	6	0.7003	0.5296	0.2513
5	12	0.9501	0.6580	0.1994
6	7	0.9995	0.6417	0.2822
6	10	0.5512	0.4744	0.5319
6	11	0.9989	0.5402	0.3429
6	12	0.9998	0.4631	0.4905
7	9	0.9998	0.8341	0.5458
7	10	0.9992	0.8338	0.5959
7	11	1.0000	0.7105	0.4351
7	12	0.9989	0.4165	0.3049
8	9	0.9975	0.5466	0.0427
8	10	0.7500	0.5848	0.4028
8	11	0.9984	0.4588	0.2044
9	10	0.9983	0.5185	0.6222
9	11	0.9993	0.5323	0.4874
9	12	0.9984	0.5818	0.1604
10	11	0.9998	0.5988	0.3595
10	12	0.9999	0.6293	0.3263
11	12	0.9986	0.4245	0.2398
