0	1	1.0000	0.7112	0.4918
0	2	0.9999	0.7387	0.4270
0	3	0.9994	0.6173	0.7218
1	2	0.9999	0.7334	0.4593
1	3	0.7486	0.4424	0.7433
2	3	0.9999	0.5971	0.8044
2	4	0.9995	0.2642	0.6541
3	4	0.9998	0.9787	0.4261
3	5	0.8504	0.4859	0.6124
3	6	0.5496	0.6381	0.3774
3	16	0.5004	0.6581	0.4011
4	5	0.9998	0.8820	0.1832
4	6	0.9503	0.5807	0.9387
5	6	0.9999	0.7517	0.2669
5	7	0.9988	0.1659	0.7604
5	9	0.9995	0.7911	0.1128
6	7	0.9999	0.9828	0.4956
6	8	0.9995	0.4066	0.6471
6	9	0.9998	0.5941	0.4640
7	8	1.0000	0.8401	0.1147
7	9	0.9505	0.5284	0.9006
7	10	0.7006	0.4178	0.4575
8	9	0.9999	0.6935	0.2791
8	10	0.9998	0.0702	0.8825
8	12	0.5504	0.6149	0.2491
9	10	0.9998	0.9774	0.5475
9	11	0.9988	0.4130	0.7468
9	12	1.0000	0.5982	0.5263
10	11	0.9997	0.9058	0.0935
10	12	1.0000	0.5633	0.9649
10	13	0.9995	0.5559	0.5100
11	12	0.9999	0.7077	0.3754
11	13	0.9987	0.1392	0.5998
11	14	0.7006	0.5782	0.5280
12	13	1.0000	0.9649	0.3893
12	14	0.9996	0.7319	0.5756
12	15	0.7008	0.6534	0.4706
12	16	0.9996	0.7202	0.4684
13	14	1.0000	0.6300	0.3349
13	15	0.7506	0.6214	0.2041
13	16	0.8502	0.4652	0.7055
14	15	0.9999	0.7504	0.3661
14	16	0.9495	0.5863	0.5106
15	16	1.0000	0.6028	0.5143
15	17	0.9495	0.2106	0.8350
15	18	0.9497	0.5040	0.3478
15	19	0.5511	0.5509	0.2630
16	17	0.9984	0.9743	0.3035
16	18	0.9995	0.6460	0.5566
16	19	1.0000	0.7676	0.4554
16	20	0.7482	0.9667	0.1558
17	18	0.9983	0.7486	0.0963
17	19	0.9999	0.5157	0.9788
17	20	0.9988	0.5637	0.5326
18	19	0.9997	0.6315	0.4381
18	20	0.9493	0.1781	0.7173
19	20	0.8987	0.9892	0.3868
19	21	0.9502	0.9071	0.2862
19	22	0.6504	0.7363	0.3151
20	21	0.5509	0.4804	0.5334
21	22	0.9001	0.5513	0.5684
21	23	0.8501	0.6690	0.4213
21	25	0.9998	0.3982	0.6806
22	23	0.8501	0.6216	0.3702
22	24	0.6470	0.6337	0.4290
22	25	0.9999	0.5122	0.6150
23	24	0.9995	0.8074	0.3876
23	25	0.9999	0.2533	0.8397
23	27	0.9994	0.5548	0.5858
24	25	0.9991	0.6472	0.3760
24	26	0.6498	0.4460	0.7447
24	27	0.7500	0.5726	0.3291
25	26	0.9989	0.8886	0.3677
25	27	1.0000	0.7585	0.3098
25	28	0.9500	0.9629	0.2999
25	29	0.6007	0.6844	0.4567
26	27	0.9999	0.5875	0.8187
26	29	0.7498	0.7043	0.2650
26	30	0.7006	0.5532	0.3019
27	28	0.9998	0.8980	0.5071
27	29	1.0000	0.6496	0.4748
28	29	1.0000	0.7532	0.2860
28	30	0.9002	0.5298	0.2821
28	32	0.6521	0.6457	0.2026
29	30	0.9997	0.6328	0.3061
29	32	0.8502	0.4429	0.5253
30	31	0.9997	0.7902	0.2786
30	32	1.0000	0.5507	0.7185
31	32	0.9996	0.7470	0.6581
31	33	0.9989	0.5986	0.5426
31	34	0.5506	0.6539	0.6018
31	35	0.9997	0.5368	0.4216
31	38	0.9980	0.3757	0.4658
32	33	0.9001	0.5611	0.5598
32	34	0.9505	0.5131	0.4338
32	35	0.9499	0.4547	0.6324
32	36	0.9498	0.2579	0.6369
33	34	0.9498	0.5976	0.5298
33	35	0.9991	0.4599	0.4160
33	36	0.8497	0.5779	0.4389
33	38	0.7499	0.4127	0.4221
34	35	0.9999	0.4581	0.5656
34	36	0.9997	0.2184	0.7463
34	37	0.9996	0.6229	0.3209
34	38	0.9497	0.3991	0.5541
35	36	0.9983	0.9584	0.3503
35	37	0.9491	0.5867	0.7613
35	38	0.8974	0.3997	0.4176
36	37	0.9986	0.8796	0.0392
36	38	0.9996	0.2931	0.9382
36	39	0.8498	0.2859	0.2287
36	40	0.9486	0.7279	0.0407
37	38	0.9997	0.7181	0.6566
37	39	0.9995	0.0323	0.8994
37	40	1.0000	0.4908	0.5591
37	41	0.9496	0.7757	0.6811
37	42	0.9499	0.8439	0.5041
38	39	0.9486	0.9757	0.2908
38	40	0.9502	0.8048	0.6461
38	41	0.8501	0.5103	0.6064
38	42	0.5504	0.5548	0.1576
39	40	0.9971	0.7630	0.0798
39	42	0.6001	0.4369	0.1494
40	41	0.9994	0.6725	0.6298
40	42	0.8009	0.7338	0.4372
41	42	0.7504	0.6304	0.3351
