0	1	0.9998	0.7489	0.3168
0	3	0.8994	0.5877	0.3779
0	5	0.8500	0.1923	0.7356
0	16	0.5006	0.5506	0.1328
1	2	0.9999	0.8617	0.3124
1	3	0.9999	0.7206	0.4366
1	9	1.0000	0.6760	0.5800
1	12	1.0000	0.7101	0.6551
1	15	0.9999	0.5064	0.8893
1	16	1.0000	0.5718	0.3857
2	3	1.0000	0.6635	0.3537
2	4	0.9999	0.5111	0.4166
2	5	0.5028	0.9606	0.4113
2	7	0.9487	0.4453	0.5414
2	8	0.8991	0.4772	0.8408
2	9	0.9998	0.5397	0.4275
2	10	0.6007	0.9566	0.3643
2	11	0.9982	0.9267	0.8101
2	12	0.9999	0.5930	0.3890
3	4	0.9999	0.5419	0.2346
3	5	1.0000	0.1050	0.9502
3	6	0.9999	0.4936	0.8176
3	7	0.9980	0.4078	0.0816
3	9	0.9999	0.3836	0.7811
4	5	1.0000	0.9759	0.3205
4	6	0.8999	0.6613	0.7496
4	7	0.9983	0.5332	0.5635
4	8	0.9980	0.7957	0.8467
4	9	0.9985	0.3458	0.3069
4	11	0.5504	0.8370	0.6419
5	6	0.9999	0.8368	0.2167
5	7	0.9998	0.3880	0.4931
6	7	0.9998	0.6496	0.3160
7	8	0.9470	0.9608	0.6697
8	9	0.9474	0.8824	0.0281
8	11	0.9986	0.5553	0.8790
9	10	0.9459	0.9938	0.2585
9	11	0.9994	0.7328	0.6914
9	12	0.9998	0.6206	0.4751
9	14	0.5504	0.9137	0.4311
9	16	0.9992	0.6553	0.5543
10	11	0.9972	0.7775	0.0894
10	12	0.9997	0.2338	0.9673
10	13	0.8977	0.4827	0.5262
10	14	0.9495	0.1695	0.3647
10	16	0.7497	0.3287	0.2391
11	12	1.0000	0.7986	0.2392
11	13	0.6496	0.1334	0.5495
11	14	0.9996	0.4561	0.6187
11	15	0.9477	0.8491	0.2082
11	16	1.0000	0.8160	0.9073
12	13	0.8991	0.9613	0.3452
12	14	0.9998	0.6731	0.5305
12	15	0.9992	0.5843	0.5393
12	16	0.9997	0.4669	0.5952
13	14	0.8997	0.5347	0.3164
14	15	0.9998	0.7141	0.2243
14	16	1.0000	0.6978	0.6019
15	16	1.0000	0.4746	0.5063
