0	1	0.9996	0.6859	0.5249
0	2	0.8999	0.4894	0.4868
0	3	0.9499	0.6097	0.5544
0	4	0.7003	0.5153	0.4609
0	14	0.7992	0.6011	0.6508
0	16	0.5506	0.5271	0.4835
1	2	0.9997	0.7053	0.5286
1	3	0.9998	0.5691	0.5050
1	4	0.9999	0.7324	0.3937
1	5	0.9998	0.6407	0.4334
1	6	0.9991	0.6087	0.6587
1	11	0.5001	0.5488	0.4696
1	14	0.9991	0.7275	0.6603
1	16	0.9994	0.4820	0.4221
2	3	0.9990	0.4318	0.5232
2	4	0.9994	0.4823	0.4782
2	5	0.9990	0.5020	0.4906
2	6	0.9984	0.5688	0.7520
2	7	0.7496	0.4746	0.2353
2	14	0.9991	0.6303	0.4374
2	16	0.9996	0.2046	0.2625
3	4	0.9976	0.6245	0.0792
3	5	0.9490	0.7086	0.5352
3	6	0.9996	0.5475	0.8949
3	11	0.5997	0.5800	0.4035
3	14	0.9986	0.7131	0.4499
3	16	0.9992	0.4396	0.3502
4	5	0.9998	0.4592	0.4677
4	6	1.0000	0.5130	0.7226
4	7	0.9974	0.8363	0.1278
4	8	0.8000	0.7385	0.6233
4	10	0.9493	0.4744	0.9067
4	11	0.9992	0.6399	0.4789
4	13	0.9483	0.4624	0.6856
4	14	1.0000	0.6105	0.5660
4	15	0.8478	0.7770	0.4156
4	16	0.9997	0.4330	0.5172
5	6	0.9994	0.5709	0.6303
5	7	0.9973	0.5264	0.3097
5	8	0.9998	0.5051	0.5671
5	9	0.8500	0.4271	0.8189
5	10	0.9997	0.6009	0.7902
5	11	0.9996	0.5393	0.5201
5	13	0.9998	0.2975	0.8075
5	14	0.9991	0.3316	0.5069
5	15	0.8482	0.3637	0.6301
5	16	0.9991	0.3995	0.3398
6	7	0.9474	0.7898	0.1008
6	8	0.7503	0.7583	0.6719
6	9	0.6998	0.6200	0.5281
6	10	0.8999	0.7821	0.7928
6	11	0.9995	0.6559	0.4282
6	13	0.7499	0.6673	0.6626
6	14	0.9990	0.4244	0.3143
6	16	0.9497	0.4625	0.3124
7	8	0.5999	0.5960	0.3889
7	10	0.7498	0.4653	0.4545
7	11	0.9417	0.4260	0.5530
7	13	0.8473	0.4578	0.6164
7	14	0.6491	0.3381	0.5399
8	9	0.9496	0.4339	0.5301
8	10	0.8496	0.4179	0.3659
8	11	0.8499	0.5517	0.5995
8	12	0.7510	0.3535	0.4333
8	13	0.8668	0.3137	0.4422
8	14	0.9985	0.6225	0.4485
9	10	0.8496	0.5572	0.2663
9	11	0.8494	0.4027	0.6006
9	12	0.6005	0.5505	0.4922
10	11	0.9997	0.7118	0.4061
10	12	0.7008	0.3991	0.4971
10	13	0.5505	0.4718	0.3577
11	12	0.7503	0.8681	0.3448
11	13	0.9994	0.6861	0.5811
11	14	0.8999	0.7583	0.3850
11	16	0.6007	0.4616	0.4018
12	13	0.9984	0.4923	0.2893
13	14	0.9998	0.7778	0.3973
13	16	0.9001	0.7026	0.2921
14	15	0.9990	0.7836	0.9461
14	16	0.9999	0.5467	0.3837
15	16	0.9494	0.5867	0.2993
