0	1	0.6995	0.6448	0.2835
0	2	0.6193	0.5432	0.3637
0	3	0.8001	0.5551	0.4880
0	26	0.6495	0.3965	0.8097
1	2	0.6015	0.4623	0.2511
1	3	0.7514	0.3981	0.5142
1	26	0.8210	0.7326	0.6409
2	3	0.9999	0.6813	0.4801
2	4	0.9992	0.8478	0.7830
2	6	0.5532	0.3871	0.6076
3	4	0.9987	0.5743	0.6385
3	6	0.8994	0.6371	0.8807
3	8	0.8034	0.3985	0.6981
4	5	0.9997	0.8154	0.5606
4	6	0.9979	0.8309	0.6826
4	8	0.7501	0.6928	0.6660
5	6	0.9981	0.6789	0.6167
5	7	0.9496	0.7300	0.1514
5	8	0.6004	0.4779	0.6754
6	7	0.9993	0.7853	0.5223
6	8	0.9981	0.8474	0.7830
7	8	0.9988	0.6726	0.7536
9	10	0.5504	0.8422	0.5072
9	14	0.8003	0.8184	0.3523
9	25	0.5999	0.7190	0.5384
9	28	0.9981	0.2145	0.5062
10	11	0.9966	0.6085	0.0756
10	12	0.5011	0.0940	0.7515
10	23	0.7008	0.7215	0.5367
10	25	0.6997	0.4269	0.6943
11	12	0.9995	0.7059	0.3911
11	13	0.9999	0.3473	0.6841
11	14	0.9958	0.5815	0.0937
11	15	0.6505	0.1365	0.8373
11	26	0.9982	0.9694	0.7896
11	27	0.8533	0.9361	0.8093
11	28	0.9988	0.9722	0.5293
11	36	0.7997	0.7184	0.7057
12	13	0.9991	0.5333	0.4701
12	14	0.9989	0.6633	0.6088
12	15	0.8502	0.8993	0.6957
12	16	0.9988	0.8943	0.6336
12	18	0.9971	0.7955	0.7090
12	20	0.8489	0.7095	0.7525
12	25	0.7489	0.2968	0.6218
13	14	0.9976	0.4724	0.1808
13	15	0.9997	0.1312	0.8711
13	16	0.7029	0.2237	0.0365
14	15	0.9977	0.7811	0.6638
14	16	0.9991	0.7349	0.5653
14	17	0.9986	0.9520	0.6072
14	18	0.9998	0.6207	0.4368
14	20	0.8992	0.5406	0.5479
14	23	0.8418	0.5067	0.6953
14	25	0.9976	0.3015	0.6258
15	16	0.9502	0.7338	0.3514
15	17	1.0000	0.3444	0.8437
16	17	1.0000	0.4918	0.5905
16	18	0.9486	0.5413	0.5236
16	20	0.6017	0.4570	0.4141
17	18	1.0000	0.6849	0.2693
17	19	1.0000	0.2917	0.7452
17	20	0.8487	0.5912	0.0302
18	19	0.9984	0.7597	0.6440
18	20	0.9999	0.5476	0.4776
18	22	0.8999	0.1118	0.7853
18	23	0.9989	0.5603	0.5162
18	25	0.9493	0.6595	0.3582
19	20	0.9988	0.6916	0.0972
19	21	1.0000	0.2589	0.9205
19	22	0.9998	0.9047	0.9631
19	23	0.9978	0.6644	0.0271
20	21	0.9982	0.8577	0.7195
20	22	0.9991	0.0166	0.7290
20	23	0.9998	0.5049	0.5000
20	25	0.9997	0.7720	0.3071
21	22	0.9980	0.9843	0.2220
21	23	0.9995	0.7449	0.6753
21	24	0.9998	0.2012	0.7855
21	25	0.6996	0.7309	0.2412
22	23	0.9477	0.7074	0.0319
23	24	0.9493	0.9667	0.8537
23	25	0.9501	0.6565	0.3571
24	25	0.9993	0.8175	0.6052
24	26	0.8502	0.1750	0.2712
24	27	0.9994	0.5428	0.4482
24	28	0.9981	0.2015	0.6319
24	29	1.0000	0.7904	0.3060
24	30	0.9998	0.8047	0.5229
24	36	0.9984	0.6869	0.0775
25	26	0.9000	0.9769	0.3453
25	27	0.9989	0.7879	0.9057
25	28	0.5002	0.4715	0.2027
26	27	0.9970	0.8297	0.3343
27	28	0.9483	0.4921	0.1805
27	29	0.9994	0.4700	0.7116
27	30	0.8496	0.4169	0.6224
27	36	0.9000	0.2567	0.6274
28	29	0.8984	0.2464	0.5286
28	30	0.9973	0.2270	0.5609
28	33	0.6503	0.7144	0.5663
28	36	0.9971	0.1916	0.5774
29	30	0.9999	0.5825	0.5490
29	31	0.8991	0.5875	0.4595
29	32	0.8496	0.6373	0.8820
29	33	0.6007	0.5024	0.4793
29	35	0.9989	0.6210	0.7685
29	36	0.9002	0.5639	0.4228
30	31	0.9998	0.7575	0.3183
30	32	0.7987	0.7192	0.5859
30	33	0.5009	0.6274	0.4145
30	35	0.9986	0.5243	0.6456
30	36	0.9993	0.4553	0.4885
31	32	0.5988	0.7032	0.5841
31	35	0.9994	0.4968	0.4464
32	33	0.9491	0.6623	0.3487
32	35	0.9978	0.6020	0.1752
32	36	0.9499	0.8704	0.6227
33	34	0.8998	0.3575	0.6000
33	35	0.9998	0.5492	0.4084
33	36	0.9492	0.4878	0.4975
34	35	0.9973	0.7711	0.0977
34	36	0.8495	0.5651	0.4787
35	36	1.0000	0.6899	0.3829
