0	1	0.9976	0.6537	0.5629
0	2	0.9996	0.5585	0.4588
0	3	0.9995	0.9818	0.3944
0	4	0.6014	0.9294	0.4953
0	5	0.9995	0.6910	0.6725
0	6	0.9997	0.5647	0.3524
0	7	0.9984	0.9791	0.4100
0	9	0.8001	0.5804	0.3052
0	17	1.0000	0.4998	0.9630
1	2	0.9997	0.6575	0.1661
1	3	0.8499	0.2539	0.8390
1	6	1.0000	0.5260	0.8511
1	9	0.9999	0.3873	0.9619
1	10	0.7007	0.0579	0.3074
1	16	1.0000	0.1319	0.7020
1	17	1.0000	0.7131	0.2524
1	19	0.9004	0.6211	0.6127
2	3	0.9998	0.9271	0.3392
2	4	0.9995	0.8013	0.5616
2	5	0.9986	0.8842	0.5900
2	6	0.9475	0.3759	0.2632
2	7	0.9976	0.9870	0.3835
2	17	0.7514	0.2042	0.9601
3	4	1.0000	0.3832	0.5282
4	5	0.9983	0.9513	0.4759
5	6	0.9995	0.6231	0.1904
5	7	0.9997	0.3837	0.7013
5	8	1.0000	0.7453	0.8487
6	7	1.0000	0.6234	0.5217
6	8	0.9994	0.0360	0.6363
6	9	0.9999	0.5486	0.4183
6	10	0.9997	0.9983	0.3286
6	17	0.9982	0.8541	0.8131
6	19	0.9990	0.5823	0.4794
6	21	0.7498	0.7679	0.5739
7	8	0.9985	0.9376	0.4718
7	9	0.9973	0.4720	0.2611
8	9	0.9978	0.6572	0.0161
9	10	0.9998	0.9999	0.1606
9	17	0.9988	0.9522	0.5930
9	18	0.9989	0.0983	0.3941
9	19	0.9998	0.5695	0.4782
9	20	0.9997	0.9073	0.5390
9	21	0.9497	0.5729	0.4900
10	11	0.9986	0.6871	0.4287
10	14	0.7003	0.3902	0.7896
10	16	0.7499	0.4063	0.6116
10	19	0.8001	0.0314	0.7192
11	12	0.8496	0.6917	0.5120
11	13	0.5460	0.6054	0.3962
11	14	0.6504	0.4876	0.6539
11	16	0.6502	0.6265	0.3857
11	22	0.5990	0.7549	0.5260
12	15	0.7007	0.5165	0.5703
12	16	0.9999	0.5302	0.6089
12	22	0.6505	0.7901	0.5817
13	14	0.9996	0.5938	0.7975
13	15	0.5506	0.5021	0.5593
13	16	0.8504	0.1585	0.7692
13	22	0.8502	0.3988	0.6014
14	15	0.8499	0.8631	0.3715
14	17	0.7000	0.7475	0.3202
14	19	0.9488	0.0809	0.5843
14	21	0.8998	0.1105	0.5910
14	22	0.6994	0.8950	0.4573
15	16	0.9493	0.6085	0.6284
15	22	0.7004	0.6336	0.5678
16	17	0.7501	0.8245	0.0626
16	22	0.9497	0.7174	0.6687
17	18	0.9475	0.9942	0.4418
17	19	0.9996	0.6562	0.4265
17	21	0.5677	0.3625	0.8785
17	22	0.7504	0.5425	0.5538
18	19	0.9962	0.5285	0.0109
18	20	0.5452	0.6267	0.2826
18	21	0.9999	0.5676	0.9413
18	22	0.9975	0.8554	0.0788
19	20	0.9993	0.8736	0.2724
19	21	0.9999	0.4778	0.5855
19	22	0.9759	0.0519	0.0209
20	21	0.9988	0.2233	0.2870
21	22	0.8495	0.8223	0.1117
