0	5	0.9000	0.5163	0.8817
1	2	0.9998	0.8789	0.5820
1	3	0.9997	0.4540	0.8004
1	4	0.6502	0.5364	0.5390
1	5	0.9995	0.6876	0.6727
2	3	0.9989	0.5621	0.4148
2	5	0.5008	0.5819	0.5047
3	4	0.9981	0.9191	0.3947
3	5	0.9998	0.7794	0.3615
4	5	0.8999	0.5924	0.4527
5	6	0.7497	0.9722	0.0862
5	23	0.5999	0.8882	0.0788
6	7	0.9994	0.9500	0.1311
6	12	0.9994	0.6319	0.5888
6	13	0.9974	0.5155	0.6642
6	14	0.8487	0.8442	0.5724
6	16	0.9483	0.5458	0.6791
6	17	0.9994	0.4270	0.4685
6	19	0.9999	0.3798	0.8012
6	20	0.9997	0.5598	0.4663
6	22	0.8997	0.8380	0.8423
6	23	0.9993	0.6888	0.5116
7	8	0.9980	0.7770	0.1582
7	11	0.8000	0.7143	0.6036
7	12	0.9996	0.6394	0.3160
7	13	0.9989	0.4975	0.3528
7	17	0.8995	0.3328	0.6612
7	20	0.9998	0.2675	0.8816
7	23	0.9995	0.3609	0.6010
7	24	0.6503	0.3632	0.2659
8	9	0.8003	0.8609	0.2818
8	10	0.9490	0.7250	0.5523
8	12	0.9993	0.4138	0.2941
8	14	0.6999	0.5693	0.7505
9	10	0.9987	0.6743	0.2804
9	11	0.5509	0.6105	0.9139
10	11	0.9999	0.6968	0.8343
11	12	0.8492	0.8027	0.3007
12	13	0.9996	0.8459	0.2196
12	14	0.5500	0.4524	0.5287
12	16	0.7998	0.6603	0.6888
12	17	0.9995	0.7906	0.5457
12	20	0.7006	0.6458	0.4578
13	14	0.9470	0.9921	0.7379
13	15	0.8483	0.8853	0.8350
13	16	0.9970	0.4951	0.6746
13	17	0.9998	0.5481	0.4995
14	15	0.9467	0.9370	0.4459
14	16	0.8983	0.8009	0.2266
14	17	0.8499	0.4395	0.9056
15	16	0.9986	0.6419	0.1126
15	17	0.7479	0.7555	0.4122
16	17	0.9997	0.7191	0.2665
17	19	0.9493	0.5085	0.6820
17	20	0.9003	0.5629	0.3404
18	19	0.9988	0.6037	0.1815
18	20	0.8540	0.2935	0.7936
18	21	0.5001	0.7394	0.3854
18	22	0.9499	0.5874	0.3411
19	20	0.9999	0.7578	0.2141
19	21	0.9998	0.0900	0.7900
19	22	0.8502	0.4938	0.6498
19	23	0.9991	0.8057	0.0680
20	21	0.5008	0.9687	0.2687
20	22	0.9990	0.8498	0.6879
20	23	0.9499	0.5990	0.4322
21	22	0.9978	0.5361	0.1527
22	23	1.0000	0.7424	0.3134
22	24	0.5004	0.1491	0.2579
23	24	1.0000	0.7806	0.4347
