0	2	0.9995	0.8736	0.8696
0	3	0.5004	0.8580	0.2819
0	4	0.8508	0.6783	0.9638
1	2	0.9997	0.6758	0.3676
1	3	1.0000	0.5094	0.4907
1	4	0.9999	0.9664	0.7816
1	5	0.9998	0.7284	0.5105
1	6	0.9999	0.5134	0.6168
1	7	1.0000	0.5006	0.5713
1	8	0.9998	0.9077	0.2843
1	10	0.9997	0.5888	0.5927
2	3	0.9995	0.6364	0.0998
2	4	0.9999	0.4430	0.9711
2	7	0.9999	0.4487	0.7859
2	10	0.9999	0.2457	0.9258
2	11	1.0000	0.2223	0.7611
2	12	0.9003	0.0957	0.2751
2	15	1.0000	0.1980	0.9793
2	16	0.7328	0.6261	0.3274
3	4	0.9986	0.8341	0.4654
3	5	0.9996	0.8822	0.4855
3	6	0.9992	0.9134	0.6586
3	7	0.9991	0.3979	0.4611
3	8	0.9967	0.9980	0.1869
3	10	0.9983	0.2486	0.5721
4	5	0.9998	0.4909	0.4000
5	6	0.9991	0.9232	0.5406
6	7	0.9994	0.6479	0.2772
6	8	0.9997	0.2195	0.6086
7	8	0.9998	0.8762	0.3502
7	10	0.9999	0.5635	0.4948
7	11	0.9997	0.6418	0.3804
7	15	1.0000	0.7059	0.3976
8	9	0.9983	0.9569	0.3264
8	10	0.9974	0.3978	0.2166
8	14	0.8446	0.2752	0.3539
10	11	0.9996	0.5921	0.3950
10	14	0.9997	0.8598	0.7929
10	15	0.9999	0.6711	0.5173
10	16	0.6995	0.8788	0.5870
11	14	0.9499	0.6664	0.6737
11	15	0.9985	0.4740	0.5091
11	16	0.6002	0.5142	0.6221
12	13	0.9993	0.7549	0.6780
12	14	0.9489	0.4551	0.2220
12	15	0.7008	0.2790	0.7088
13	14	0.9977	0.5936	0.1482
13	15	0.6991	0.9794	0.7785
14	15	1.0000	0.6568	0.4602
15	16	0.9991	0.9861	0.5178
