0	1	0.9993	0.7843	0.6200
0	2	0.9999	0.4701	0.4543
0	3	0.9992	0.4565	0.3833
0	9	0.6503	0.8595	0.7172
0	10	0.8499	0.7952	0.7689
0	11	0.9994	0.6949	0.6378
0	12	0.9996	0.4758	0.4604
1	2	0.9996	0.7133	0.2781
1	3	1.0000	0.7436	0.5780
1	12	0.9995	0.7312	0.4331
2	3	0.9994	0.4913	0.4331
2	5	0.8991	0.5917	0.4365
2	12	0.9489	0.2674	0.3453
3	4	0.9971	0.9677	0.1976
3	5	0.9988	0.6243	0.6033
3	6	0.7995	0.5422	0.4183
3	12	0.8496	0.2718	0.4362
4	5	0.9481	0.4128	0.4772
5	6	0.9998	0.6082	0.5010
5	7	1.0000	0.7132	0.4472
5	8	0.9494	0.6270	0.5331
5	9	0.6504	0.6119	0.4342
6	7	0.9499	0.7714	0.3932
6	8	0.8499	0.7144	0.4912
6	9	0.5010	0.5810	0.4902
7	8	0.9997	0.5502	0.5756
7	9	0.9999	0.5585	0.4826
7	10	0.7459	0.4729	0.3379
8	10	0.9998	0.5696	0.4866
9	10	0.9441	0.4762	0.4653
9	11	0.9495	0.5635	0.4409
10	11	0.9993	0.5577	0.3654
10	12	0.9992	0.5118	0.5319
11	12	0.9982	0.4099	0.4971
