0	1	0.9983	0.9261	0.7591
0	2	0.9998	0.6234	0.3462
0	3	0.7995	0.9819	0.2948
0	4	0.9499	0.9989	0.6410
0	5	1.0000	0.6132	0.2616
0	7	0.9969	0.3815	0.1732
0	9	0.9967	0.3365	0.2760
0	11	0.9988	0.3556	0.3942
0	15	0.9979	0.2977	0.2566
0	16	0.9991	0.0126	0.8208
0	17	0.9998	0.4120	0.4951
0	18	0.9972	0.7928	0.6335
0	19	0.9999	0.1725	0.7792
1	2	1.0000	0.7102	0.2936
1	4	0.9999	0.2003	0.6671
1	5	0.7628	0.6534	0.0016
1	18	0.9999	0.6341	0.8364
1	19	1.0000	0.7689	0.2239
2	3	0.9499	0.9995	0.3637
2	4	0.9955	0.8093	0.5728
2	5	1.0000	0.6071	0.3863
2	7	1.0000	0.5887	0.2897
2	9	0.9996	0.5872	0.4218
2	11	0.9994	0.5253	0.5486
2	15	0.9988	0.4327	0.3260
2	17	0.9977	0.4622	0.6152
3	4	0.9979	0.5433	0.0911
3	5	0.9997	0.3955	0.9715
3	18	0.7000	0.7055	0.5991
4	5	0.9998	0.5100	0.2185
4	6	0.9962	0.0662	0.8270
5	6	0.9976	0.8057	0.6376
5	7	1.0000	0.6068	0.3452
5	8	0.9495	0.9996	0.5586
5	9	0.9998	0.6626	0.3270
5	11	0.9983	0.7197	0.4009
5	15	0.9977	0.2014	0.1784
5	17	0.9995	0.3476	0.6542
6	7	0.9995	0.4887	0.3841
6	8	0.9998	0.2150	0.7002
6	9	0.5509	0.4482	0.0057
7	8	0.9968	0.7676	0.5557
7	9	0.9890	0.3837	0.3733
7	10	0.9485	0.9985	0.5055
7	11	1.0000	0.5433	0.4452
7	15	0.9980	0.3922	0.2666
7	17	0.9980	0.5374	0.6344
8	9	1.0000	0.5488	0.3660
8	10	0.9980	0.1969	0.7863
8	11	0.6008	0.5503	0.0003
9	10	0.9969	0.9618	0.5212
9	11	0.9987	0.6546	0.4742
9	12	0.9984	1.0000	0.2824
9	15	0.9999	0.5720	0.3703
9	17	0.9985	0.7586	0.5748
10	11	0.9990	0.5620	0.2452
10	12	1.0000	0.1256	0.7914
10	13	0.9008	0.2472	0.9573
10	14	0.9999	0.4380	0.5145
10	15	0.6503	0.6785	0.0044
11	12	0.9994	0.9898	0.3519
11	15	0.9996	0.4538	0.3729
11	16	0.7991	0.9682	0.9388
11	17	0.9998	0.6034	0.4881
12	13	0.9996	0.6894	0.5928
12	14	1.0000	0.7750	0.3939
12	15	1.0000	0.4095	0.7643
12	16	0.9989	0.2057	0.7869
13	14	0.9958	0.3602	0.1055
14	15	0.9999	0.8848	0.0635
15	16	0.9980	0.8544	0.7662
15	17	1.0000	0.5518	0.3200
16	17	0.9987	0.6310	0.2610
16	19	1.0000	0.3012	0.8294
16	20	0.9989	0.2844	0.3257
17	18	0.9988	0.9950	0.4570
17	19	0.9986	0.7142	0.8080
18	19	0.9977	0.5835	0.1092
19	20	0.9995	0.8026	0.4330
