0	1	1.0000	0.9833	0.0841
0	35	0.9998	0.3590	0.6466
1	2	0.9987	0.9849	0.0000
1	4	0.9958	0.9325	0.6312
1	5	0.9990	0.4912	0.1283
1	6	1.0000	0.5243	0.6736
1	7	0.9501	0.4078	0.0001
1	29	0.9997	0.9608	0.9359
1	34	0.9997	0.2919	0.9171
1	35	1.0000	0.0662	0.0552
2	3	1.0000	0.5141	0.4541
2	4	0.9997	0.4372	0.6403
2	26	0.9994	0.1704	0.0818
3	4	0.9988	0.8934	0.4957
3	10	0.6508	0.2679	0.3709
3	26	1.0000	0.8789	0.1229
4	5	1.0000	0.5441	0.6728
4	6	1.0000	0.1923	0.0001
4	26	0.9996	0.4868	0.4606
5	6	0.9980	0.4710	0.2194
5	26	0.9988	0.9559	0.7493
5	34	0.9995	0.5258	0.6131
5	35	1.0000	0.0698	0.4209
6	7	0.9982	0.5893	0.1492
6	26	0.7521	0.0326	0.6429
6	28	1.0000	0.1572	0.0438
6	29	0.9987	0.6375	0.3343
6	34	1.0000	0.4339	0.5719
7	8	0.9931	0.9915	0.0776
7	27	0.9950	0.9649	0.5383
7	28	0.8997	0.9031	0.3906
7	29	0.9998	0.5628	0.3644
7	30	0.9505	0.8341	0.9646
7	31	0.9994	0.9904	0.2653
7	34	0.9996	0.4317	0.4057
8	30	0.6011	0.0166	0.9184
8	31	0.9993	0.2223	0.0554
8	34	0.6049	0.0744	0.0235
9	10	0.9997	0.7301	0.7245
9	12	0.6501	0.7254	0.2268
9	26	0.9996	0.8268	0.7972
10	11	0.9476	0.9976	0.2139
10	12	0.9987	0.9880	0.2070
10	13	0.9991	0.9950	0.1272
10	14	0.9970	0.9555	0.0005
10	25	0.9998	0.8385	0.4244
10	26	0.9999	0.4640	0.4542
11	12	0.8495	0.9655	0.1846
11	26	0.9500	0.0022	0.7607
12	13	0.9993	0.5456	0.7882
12	14	0.9993	0.1704	0.5287
12	15	0.5993	0.1316	0.7713
12	25	0.9987	0.3762	0.2051
12	26	0.9998	0.5094	0.8815
13	14	0.9952	0.7361	0.0017
13	22	0.8495	0.5215	0.8226
13	25	0.9997	0.8609	0.0814
13	26	1.0000	0.3034	0.9070
14	15	0.9973	0.9811	0.5366
14	16	0.8490	0.9905	0.0461
14	19	0.9998	0.9887	0.2751
14	22	0.9987	0.9589	0.8219
14	23	0.9996	0.4685	0.6126
14	24	0.9995	0.9451	0.2410
14	25	1.0000	0.5310	0.4784
14	26	0.9999	0.3972	0.3574
15	16	0.9488	0.9962	0.4403
15	18	0.6491	0.8947	0.3932
15	19	0.9982	0.9942	0.5150
15	21	0.9991	0.9981	0.7876
15	22	0.9996	0.7093	0.9530
15	23	0.9496	0.7387	0.7149
15	24	0.9992	0.7626	0.6035
15	25	0.9985	0.4982	0.2514
15	26	0.8006	0.1660	0.4994
16	18	0.9987	0.8525	0.3922
16	19	0.9972	0.7848	0.7566
16	20	0.8499	0.6148	0.5897
16	21	0.9990	0.7541	0.6477
16	22	0.9992	0.7719	0.6586
16	23	0.9997	0.0409	0.2263
16	24	0.9989	0.0469	0.8651
17	18	0.9996	0.6416	0.1782
17	19	0.9488	0.9643	0.7718
17	20	0.7465	0.4991	0.3036
18	19	0.9998	0.5842	0.6500
18	20	0.9979	0.1499	0.4811
18	21	0.9982	0.5214	0.5075
18	23	0.5998	0.6296	0.0111
19	20	0.9983	0.8558	0.7950
19	21	0.9989	0.4107	0.4528
19	22	0.9988	0.9945	0.5426
19	23	0.9989	0.1288	0.5653
19	24	0.9994	0.2524	0.7245
20	21	0.9998	0.7332	0.5764
21	22	0.7504	0.9627	0.3669
21	23	0.9994	0.3577	0.5384
21	24	0.9997	0.6530	0.7098
22	23	0.9987	0.9841	0.0884
22	24	0.9985	0.9748	0.8104
22	25	1.0000	0.8088	0.2014
23	24	0.9987	0.5344	0.2289
23	25	1.0000	0.9266	0.4576
24	25	1.0000	0.5367	0.4452
25	26	1.0000	0.7656	0.3507
26	27	0.9997	0.9508	0.0000
26	33	0.9989	0.9953	1.0000
26	34	0.9998	0.9816	0.2261
27	28	0.9997	0.9588	0.0817
27	31	1.0000	0.9878	0.1194
27	32	0.9989	0.9995	0.3851
27	33	0.8998	0.9647	0.6573
27	34	0.9951	0.4599	0.0370
28	29	1.0000	0.4181	0.5057
28	30	1.0000	0.2448	0.8204
28	31	0.9999	0.0923	0.4507
28	32	0.9997	0.0211	0.5234
28	33	0.9975	0.1778	0.0038
28	34	0.9995	0.2624	0.0316
29	30	1.0000	0.7029	0.3212
29	31	0.9995	0.9477	0.9868
29	32	0.9971	0.9842	0.0696
29	34	0.9962	0.4594	0.1863
30	31	1.0000	0.5496	0.5005
30	32	0.9999	0.3776	0.5881
30	33	0.7888	0.6530	0.0041
31	32	0.9999	0.8497	0.8458
31	33	0.5999	0.2103	0.1432
31	34	0.8036	0.0267	0.0141
33	34	0.9481	0.6147	0.0008
