0	1	0.9000	0.5835	0.4441
1	2	0.9993	0.7969	0.4529
1	3	0.8502	0.6269	0.6540
1	4	0.7502	0.4572	0.3352
2	3	1.0000	0.6647	0.5344
2	4	0.5006	0.6018	0.7346
2	5	0.9995	0.6264	0.6998
3	4	0.9502	0.6941	0.5152
4	5	0.9490	0.6286	0.7087
5	7	0.5497	0.8448	0.2824
5	10	0.6513	0.6279	0.3746
6	7	0.6007	0.6334	0.4532
6	8	0.9989	0.5884	0.5515
6	17	0.9987	0.7766	0.3903
7	8	0.9486	0.5353	0.1601
8	9	0.9497	0.9689	0.4209
8	17	0.9978	0.6220	0.3045
8	18	0.5504	0.4731	0.4405
9	10	0.7503	0.6326	0.1744
9	14	0.7493	0.7119	0.6533
10	11	0.5001	0.8769	0.5259
10	12	0.7500	0.6131	0.4637
10	13	0.7501	0.6599	0.5855
10	14	0.9998	0.6809	0.5936
11	12	0.9988	0.5543	0.6164
12	13	1.0000	0.4826	0.4857
12	14	0.8998	0.3831	0.2972
13	14	0.9996	0.7550	0.2350
14	16	0.8005	0.7670	0.6092
14	17	0.9460	0.9629	0.2961
14	18	0.9504	0.6904	0.4415
14	19	0.6496	0.7531	0.3163
15	16	0.9463	0.8102	0.3447
15	18	0.8995	0.4528	0.6311
15	34	0.5501	0.5245	0.7563
16	17	0.9977	0.7917	0.7399
16	18	0.9999	0.7258	0.5480
16	23	0.5998	0.5251	0.3748
17	18	0.8986	0.6572	0.6563
18	19	0.9961	0.9799	0.4617
18	20	0.8005	0.8488	0.2712
18	21	1.0000	0.4150	0.8038
18	22	0.9499	0.9385	0.3809
18	23	0.6502	0.7936	0.1774
18	37	0.5504	0.6100	0.3869
19	20	0.9008	0.2908	0.0695
19	21	0.8483	0.0942	0.9194
19	22	0.7504	0.4804	0.5806
20	21	1.0000	0.7116	0.4287
20	22	0.9999	0.0950	0.6734
20	23	0.9981	0.4862	0.6370
20	24	0.7504	0.9079	0.3062
20	25	1.0000	0.5727	0.5451
20	26	0.9984	0.5640	0.6038
20	28	0.6011	0.5652	0.4391
21	22	0.9498	0.9519	0.2108
21	23	0.9998	0.5818	0.6818
21	26	1.0000	0.3804	0.8636
21	28	0.7003	0.1547	0.8018
21	34	0.8999	0.4480	0.4457
21	35	0.7496	0.4583	0.5179
21	37	0.7499	0.4257	0.3278
22	23	0.9982	0.7465	0.1023
23	24	0.9997	0.9905	0.4335
23	25	0.9995	0.6054	0.6011
23	26	0.9995	0.5649	0.4279
24	25	0.9494	0.5692	0.1080
25	26	0.9994	0.6787	0.1743
25	27	0.9000	0.4495	0.7741
26	27	0.9993	0.8498	0.5489
27	28	0.9990	0.7898	0.4057
27	29	0.9997	0.3904	0.7271
27	30	0.5506	0.4867	0.2949
28	29	0.9998	0.6177	0.5883
28	30	0.9998	0.5500	0.4327
29	30	0.9993	0.6412	0.5327
29	32	0.5493	0.2406	0.3794
29	34	0.5015	0.1417	0.9143
30	31	0.7501	0.8288	0.1866
31	32	0.5501	0.3644	0.5144
31	37	0.6507	0.1148	0.4685
32	37	0.5501	0.4897	0.4012
33	34	0.9989	0.7796	0.1741
33	35	0.8494	0.6329	0.5570
33	37	0.5505	0.5662	0.2506
34	35	0.8204	0.7594	0.4083
34	36	0.7504	0.6527	0.5293
34	37	0.8502	0.6372	0.3708
34	38	0.5010	0.5662	0.2566
35	36	0.9993	0.6851	0.8119
35	37	0.9998	0.6328	0.5026
35	38	0.8501	0.5734	0.6900
36	37	0.9994	0.7582	0.2558
36	38	0.5510	0.6595	0.4767
37	38	1.0000	0.5772	0.5689
