0	2	0.6515	0.3968	0.6322
0	3	0.9485	0.7326	0.6995
0	4	0.9995	0.6418	0.5090
1	2	0.9995	0.9773	0.3757
1	3	0.9990	0.7945	0.7854
1	6	0.9989	0.9073	0.3329
1	10	0.7482	0.9749	0.3407
1	11	0.9998	0.5339	0.5030
1	12	0.9996	0.6025	0.4425
1	14	0.9995	0.5539	0.7613
1	15	0.8996	0.0240	0.8084
1	16	0.9996	0.5485	0.4646
1	26	0.9497	0.5812	0.2693
1	28	0.6001	0.5193	0.1860
1	34	0.5179	0.5436	0.4814
2	3	0.8496	0.7183	0.1310
2	4	0.8510	0.5963	0.4901
2	26	0.9483	0.4516	0.2083
2	34	0.9000	0.5574	0.5698
3	4	0.9984	0.7166	0.5076
4	5	0.9989	0.8084	0.3626
4	26	0.5511	0.7978	0.2550
4	34	0.5590	0.6018	0.4560
5	6	0.7981	0.8852	0.1727
5	26	0.6997	0.3139	0.2806
5	28	0.5001	0.4549	0.6396
5	34	0.8995	0.3575	0.7859
5	35	0.5500	0.4370	0.2200
5	36	0.7471	0.7778	0.6109
6	7	0.9970	0.9356	0.4925
6	8	0.9974	0.6389	0.2179
6	9	0.9495	0.4813	0.9162
6	10	0.8985	0.6805	0.3750
6	11	0.9994	0.6402	0.3740
6	12	0.9486	0.4701	0.7038
6	16	0.6999	0.4633	0.9448
6	17	0.6010	0.4773	0.4032
6	26	0.5495	0.3992	0.2953
7	10	0.7497	0.5770	0.8513
8	9	0.9990	0.5707	0.5763
8	10	0.6746	0.5366	0.2596
9	10	0.7990	0.9129	0.1832
9	11	0.8002	0.7658	0.4885
9	14	0.7001	0.7742	0.2154
10	11	0.9499	0.6081	0.1711
10	12	0.5496	0.5316	0.6433
10	14	0.6013	0.5487	0.1887
11	12	0.8498	0.5716	0.2751
11	14	0.9001	0.5540	0.5829
11	15	0.7496	0.6407	0.4290
11	16	0.9000	0.6290	0.3834
12	13	0.6505	0.6665	0.3912
12	14	0.9988	0.3605	0.4399
12	15	0.5995	0.0266	0.3793
12	16	0.9495	0.6357	0.5785
12	28	0.6505	0.7466	0.3324
13	14	0.8501	0.9027	0.4153
13	16	0.8993	0.5928	0.8221
14	15	0.9478	0.9628	0.3131
14	16	0.9989	0.6904	0.3869
15	16	0.9965	0.7439	0.0428
16	17	0.7999	0.9963	0.1056
16	26	0.9498	0.6822	0.3906
16	28	0.9993	0.5403	0.3468
16	34	0.5030	0.4458	0.4850
17	18	0.9997	0.6701	0.4061
17	23	0.6004	0.5036	0.6142
17	25	0.5501	0.4194	0.5444
17	26	0.5504	0.1834	0.3771
18	19	0.9486	0.6206	0.4581
18	20	0.9997	0.8342	0.5555
18	22	0.6506	0.6914	0.5265
18	23	0.6004	0.6595	0.3370
18	24	0.7002	0.7432	0.4370
18	25	0.7002	0.6249	0.2193
18	30	0.5004	0.5490	0.1720
20	21	0.6499	0.7106	0.5868
20	22	0.7006	0.5997	0.6959
20	23	0.8496	0.8971	0.4881
21	23	0.6993	0.7131	0.6347
24	25	0.5504	0.7382	0.2550
25	26	0.7013	0.5051	0.2614
26	27	0.9995	0.4928	0.5245
26	28	0.9980	0.5580	0.6035
26	29	0.8493	0.6018	0.3463
26	30	0.6998	0.5063	0.2920
26	31	0.5999	0.4459	0.5029
26	32	0.9494	0.8090	0.6778
26	33	0.5003	0.5322	0.4235
26	34	0.8490	0.4793	0.5323
26	36	0.5505	0.3051	0.5620
27	28	0.9996	0.5342	0.5981
27	30	0.9479	0.7414	0.1444
27	31	0.9994	0.7157	0.4462
28	29	0.5991	0.7783	0.3929
28	31	0.8004	0.6574	0.5958
28	32	0.8001	0.5487	0.6272
28	33	0.5498	0.8821	0.4083
28	34	0.5004	0.4568	0.2594
29	32	0.7989	0.5857	0.5345
29	34	0.7499	0.5088	0.4399
29	36	0.6503	0.5454	0.6355
30	31	0.8993	0.3865	0.3139
30	36	0.7994	0.1923	0.6891
31	32	0.6999	0.6995	0.5698
31	33	0.6496	0.6317	0.6390
32	33	0.9992	0.8542	0.5921
32	34	0.9495	0.5817	0.4593
32	36	0.6999	0.3646	0.3852
33	34	0.7000	0.5821	0.3623
33	36	0.7989	0.6079	0.8026
34	36	0.5004	0.3769	0.3799
35	36	0.7498	0.7676	0.3243
36	37	0.9475	0.8565	0.6985
36	38	0.6487	0.5897	0.6186
36	39	0.9496	0.6405	0.5599
36	40	0.9986	0.5717	0.8751
36	41	0.9945	0.5578	0.5769
36	43	0.9497	0.3278	0.5868
36	46	0.5007	0.4929	0.5098
37	39	0.5511	0.5034	0.7558
37	40	0.6494	0.6365	0.7961
38	39	0.8992	0.9538	0.4103
38	40	0.6997	0.7761	0.4783
38	41	0.9493	0.9010	0.4426
38	43	0.6507	0.5469	0.5658
39	40	0.9985	0.8897	0.4192
39	41	0.9995	0.6152	0.5447
39	43	0.6005	0.5303	0.5884
39	44	0.7505	0.7236	0.3639
39	46	0.8498	0.5402	0.6332
39	47	0.8987	0.6003	0.5819
40	41	0.9992	0.4978	0.5207
40	44	0.9480	0.7905	0.4296
40	46	0.9995	0.4395	0.6355
40	47	0.6498	0.6054	0.6005
41	42	0.6995	0.8465	0.4217
41	43	0.7502	0.6270	0.6067
41	44	0.9993	0.3658	0.3413
41	46	0.9498	0.3884	0.5990
41	47	0.6001	0.3671	0.5391
43	46	0.5502	0.7172	0.3682
44	45	0.9991	0.7396	0.5093
44	46	0.6505	0.6567	0.3737
44	47	0.5505	0.4332	0.1936
44	48	0.5996	0.5281	0.4426
45	46	0.9999	0.6416	0.4752
45	47	0.6004	0.6572	0.3093
46	47	0.9498	0.6440	0.4018
46	48	0.6503	0.6429	0.5054
47	48	0.7000	0.5615	0.2825
47	49	0.5810	0.3840	0.5359
48	49	1.0000	0.6968	0.5411
48	50	0.8994	0.6076	0.3421
48	52	0.6514	0.5144	0.4359
49	50	0.7979	0.6485	0.1931
50	51	0.9976	0.5750	0.5103
50	52	0.9997	0.5671	0.4790
50	53	0.6999	0.6206	0.4896
51	52	0.8978	0.5443	0.4167
52	53	0.9989	0.7058	0.5661
52	54	0.6186	0.6073	0.3776
53	54	0.9983	0.8018	0.3153
53	55	0.7501	0.7002	0.4435
54	55	0.8000	0.6719	0.6355
