0	1	0.9490	0.7839	0.4457
0	2	0.9484	0.5592	0.5973
0	5	0.5504	0.3965	0.4910
1	2	0.9493	0.5657	0.3200
2	3	0.7003	0.6718	0.2323
2	4	0.7502	0.6401	0.5467
2	5	0.5507	0.7093	0.4113
2	14	0.5504	0.3674	0.2856
3	4	0.9981	0.5963	0.5346
3	14	0.5506	0.5273	0.3224
4	5	0.9995	0.7673	0.4266
4	7	0.8500	0.7168	0.7693
4	8	0.8489	0.8603	0.3810
4	10	0.8990	0.7721	0.5977
4	13	0.6004	0.5558	0.5542
4	14	0.8004	0.6006	0.3962
5	6	0.9497	0.6710	0.5063
5	8	0.9987	0.7352	0.5698
5	9	0.5995	0.3074	0.4784
5	10	0.6570	0.5944	0.6451
6	7	0.9986	0.7023	0.5548
6	8	0.9981	0.7919	0.6356
6	9	0.9487	0.5808	0.7641
6	10	0.8979	0.4814	0.8387
6	11	0.8004	0.6195	0.5616
6	12	0.9988	0.7429	0.5291
7	8	0.9984	0.6235	0.5913
7	9	0.9977	0.5153	0.6680
7	10	0.9987	0.4613	0.7468
7	11	0.8495	0.4104	0.5732
7	12	0.9494	0.4502	0.5484
7	13	0.8998	0.4351	0.2893
7	14	0.9996	0.4078	0.3594
8	9	0.9486	0.5230	0.7472
8	10	0.9984	0.3141	0.7343
8	11	0.9494	0.4583	0.5262
8	12	0.9989	0.5878	0.5574
8	13	0.6509	0.1482	0.4486
8	14	0.5509	0.3298	0.2714
9	10	0.9473	0.8665	0.6302
9	11	0.8499	0.6990	0.3758
9	12	0.9996	0.7285	0.5621
9	13	0.9485	0.8205	0.3825
9	14	0.7504	0.6673	0.3316
10	11	0.6994	0.6940	0.4658
10	12	0.7997	0.5420	0.6198
10	13	0.5507	0.7826	0.5430
11	12	0.9991	0.6440	0.2108
12	13	0.8995	0.8972	0.2797
12	14	0.8495	0.6964	0.2919
13	14	0.9995	0.7774	0.1714
14	15	0.9990	0.5184	0.5485
14	16	0.9000	0.4716	0.4141
15	16	0.8499	0.1662	0.4877
16	17	0.8512	0.9506	0.2197
16	19	0.8497	0.9017	0.3823
16	21	0.6004	0.8167	0.3725
16	25	0.9001	0.7517	0.6092
16	27	0.7503	0.5906	0.3737
17	18	0.9998	0.7479	0.6201
17	19	0.6994	0.5159	0.4292
17	20	0.9498	0.7521	0.5724
17	21	0.8489	0.6890	0.6648
17	24	0.9001	0.5789	0.8382
17	25	0.9992	0.6797	0.2315
18	19	0.9498	0.5968	0.3592
18	20	0.8999	0.4268	0.3824
18	21	0.7503	0.5019	0.2793
18	22	0.8998	0.3388	0.5766
18	24	0.8500	0.6511	0.8107
18	25	0.9006	0.4523	0.0865
19	20	0.9999	0.6201	0.4928
19	21	0.9977	0.5086	0.5320
19	22	0.9985	0.7939	0.4081
19	23	0.5999	0.5588	0.4755
19	24	0.8488	0.6052	0.7349
19	25	0.9994	0.4690	0.4834
19	26	0.9493	0.5101	0.5211
20	21	0.9990	0.6284	0.6615
20	22	0.8499	0.2539	0.8116
20	23	0.8997	0.4495	0.5938
20	24	0.9997	0.5657	0.9292
20	25	0.9999	0.5884	0.3588
20	26	0.6005	0.5891	0.3279
21	22	0.9980	0.6641	0.5851
21	23	0.7502	0.4392	0.6023
21	24	0.8494	0.5281	0.7923
21	25	0.9993	0.5228	0.4908
21	26	0.9002	0.6658	0.4773
21	27	0.5504	0.3587	0.4029
22	23	0.8496	0.5024	0.5415
22	24	0.9985	0.6149	0.7988
22	25	0.9995	0.3626	0.4450
23	24	0.6998	0.4494	0.5251
23	25	0.5505	0.3934	0.3322
23	26	0.8503	0.6130	0.6193
24	25	0.9981	0.7235	0.3944
24	26	0.6508	0.5547	0.4670
24	27	0.5012	0.3326	0.4973
25	26	0.9996	0.9479	0.2483
25	27	0.6501	0.6377	0.3655
26	27	0.9986	0.8117	0.4475
