0	1	0.9947	0.4316	0.0031
0	2	1.0000	0.5040	0.9803
0	3	0.9945	0.1494	0.2150
0	17	0.5494	0.9438	0.9782
0	18	0.9976	0.7289	0.4763
1	2	0.9999	0.5158	0.4843
1	3	1.0000	0.2210	0.5820
1	11	0.9986	0.4256	0.5298
1	12	0.9993	0.8004	0.1520
1	16	0.9999	0.5651	0.4350
1	17	0.9998	0.5515	0.5044
1	18	0.9983	0.6516	0.6638
2	3	0.9984	0.9719	0.3834
2	12	0.9999	0.4582	0.0039
2	17	1.0000	0.4882	0.4676
2	18	0.9986	0.2918	0.7872
3	11	0.9986	0.5151	0.2226
3	12	0.9976	0.7604	0.0096
3	16	0.9466	0.8296	0.0508
3	17	1.0000	0.7346	0.7772
4	8	1.0000	0.4155	0.5687
4	9	0.9998	0.6147	0.5895
4	10	0.9997	0.7215	0.5635
4	11	0.9498	0.0660	0.7425
4	12	1.0000	0.4568	0.6416
4	13	1.0000	0.7773	0.6241
4	15	0.9973	0.1354	0.6168
4	16	0.9992	0.1582	0.4077
4	17	0.9996	0.1868	0.6279
5	7	0.9999	0.9608	0.4239
5	8	1.0000	0.9445	0.2700
5	9	0.9999	0.7749	0.4310
6	7	0.8494	0.9164	0.5851
6	8	0.5996	0.5947	0.3067
6	9	0.9994	0.9999	0.2089
7	8	0.9985	0.1660	0.2915
7	9	0.9969	0.3209	0.0479
7	13	0.8493	0.6842	0.8209
8	9	0.9984	0.4197	0.1486
8	13	1.0000	0.3470	0.7892
8	15	0.9998	0.9431	0.6973
9	10	1.0000	0.8342	0.3262
10	12	0.9998	0.9064	0.8444
11	12	0.9998	1.0000	0.0762
11	17	0.9991	0.7466	0.6326
12	13	0.9984	0.9741	0.6654
12	15	0.9999	0.7534	0.2746
12	16	0.9978	0.6266	0.5212
12	17	1.0000	0.4667	0.4101
13	14	0.9498	0.9825	0.4216
13	15	1.0000	0.9341	0.2128
13	16	0.9989	0.9705	0.8174
14	15	0.9971	0.4643	0.1003
14	16	1.0000	0.4523	0.6167
14	17	1.0000	0.4499	0.5218
14	18	0.9982	0.5821	0.3967
15	16	0.9979	0.4223	0.4293
15	17	1.0000	0.4589	0.5316
15	18	0.9992	0.6449	0.1575
16	17	0.9998	0.4511	0.4765
16	18	0.9980	0.3371	0.2852
17	18	0.9999	0.4795	0.4862
