0	1	0.5001	0.9870	0.1308
0	2	1.0000	0.7093	0.4050
0	16	0.9983	0.9974	0.7922
0	17	0.9952	0.7333	0.0196
1	2	0.9464	0.5397	0.2027
2	3	0.9996	0.5355	0.4006
2	12	0.9986	0.9619	0.2358
2	13	0.9995	0.8640	0.4300
2	14	0.9999	0.6553	0.5674
2	15	0.8997	0.2723	0.5078
2	16	1.0000	0.3389	0.5160
2	17	0.9933	0.7220	0.0038
3	4	1.0000	0.9650	0.2344
3	12	0.9966	0.2296	0.2649
3	13	0.9995	0.8757	0.6183
3	14	0.9994	0.6490	0.4696
3	15	1.0000	0.3854	0.5137
3	16	0.9988	0.9347	0.4519
4	5	1.0000	0.8080	0.2376
4	6	1.0000	0.4507	0.5794
4	9	0.9999	0.7414	0.3822
4	11	0.9986	0.6144	0.5751
4	13	1.0000	0.3705	0.5735
4	14	0.9989	0.3030	0.3024
4	15	0.9957	0.7914	0.6833
5	6	0.9973	0.6829	0.4708
5	7	0.9990	0.5151	0.5777
5	8	1.0000	0.5761	0.7817
5	9	0.9997	0.4775	0.4410
5	10	0.9996	0.9294	0.3597
5	11	0.9992	0.4583	0.4435
6	7	1.0000	0.5810	0.4104
6	9	1.0000	0.2930	0.8686
6	11	1.0000	0.1126	0.9498
6	25	0.9007	0.0192	0.6142
7	8	0.9989	0.9460	0.8407
7	9	0.9989	0.9125	0.2993
8	9	1.0000	0.6934	0.3016
8	10	1.0000	0.4141	0.5401
8	11	0.6996	0.6221	0.0272
9	10	1.0000	0.5730	0.4526
9	11	0.9997	0.5222	0.4907
9	13	1.0000	0.6544	0.2777
10	11	0.9992	0.4717	0.2205
10	12	0.9998	0.0745	0.9953
10	19	0.9993	0.0265	0.9817
11	12	0.9994	0.8275	0.2473
11	13	1.0000	0.7031	0.2270
11	14	0.8995	0.6798	0.8906
11	15	1.0000	0.0016	0.1155
12	13	0.9984	0.2673	0.1988
12	14	1.0000	0.2307	0.9327
12	19	0.9965	0.9955	0.7801
13	14	0.9998	0.4889	0.5152
13	15	0.9995	0.0142	0.4090
14	15	0.9999	0.9003	0.4298
14	16	0.9994	0.0314	0.6363
16	17	0.9996	0.9847	0.0702
17	18	0.9982	0.9321	0.4671
17	19	0.5497	0.4596	0.0333
17	20	1.0000	0.8943	0.2431
17	21	0.9999	0.9115	0.5663
17	26	0.9999	0.5816	0.7231
17	27	0.9999	0.7599	0.3345
18	20	0.9999	0.6703	0.4839
18	21	0.9984	0.1404	0.2377
18	26	0.9999	0.8728	0.1452
18	27	1.0000	0.0022	0.9823
20	21	0.9999	0.9435	0.3489
20	23	0.9995	0.2289	0.8196
20	25	0.8495	0.5195	0.3183
20	26	0.9996	0.4359	0.2404
20	27	0.9999	0.8143	0.9576
21	22	1.0000	0.7661	0.2444
21	23	1.0000	0.5456	0.9530
21	24	0.9993	0.0917	0.8377
21	25	0.9992	0.2231	0.0740
21	26	0.9988	0.4829	0.2652
21	27	1.0000	0.7638	0.9436
22	23	0.9985	0.4343	0.5828
22	27	1.0000	0.0048	0.9259
23	24	0.9989	0.9900	0.2072
23	25	0.9984	0.9318	0.5661
23	26	0.9989	0.7986	0.6144
23	27	0.9993	0.2419	0.6574
24	25	0.9988	0.8555	0.1626
24	26	0.8504	0.0767	0.0981
25	26	0.7566	0.6000	0.0121
26	27	0.9980	0.8258	0.5615
