0	1	0.9984	0.8750	0.1794
0	3	0.9996	0.6494	0.4827
1	2	0.8998	0.7744	0.3903
1	3	0.6498	0.5180	0.4709
1	5	0.7998	0.4145	0.4795
1	6	0.9992	0.2634	0.8004
1	7	0.5022	0.4767	0.2489
1	11	0.7001	0.4977	0.6301
2	3	0.8990	0.5534	0.1062
2	10	0.5003	0.8859	0.5847
3	4	0.9997	0.9127	0.4636
3	5	1.0000	0.6694	0.5148
3	6	0.9997	0.4504	0.7322
3	7	0.8502	0.6458	0.4451
3	9	0.8003	0.4814	0.6115
3	11	0.9500	0.5437	0.4262
4	5	0.5501	0.4367	0.3385
4	10	0.6995	0.6506	0.6247
4	11	0.9996	0.3689	0.8593
5	6	0.9997	0.6508	0.5333
5	7	0.9499	0.5900	0.2906
6	7	0.9978	0.6787	0.0526
6	10	0.7494	0.4879	0.4012
6	11	0.8992	0.3518	0.6954
7	8	0.9435	0.9933	0.1146
7	9	1.0000	0.8838	0.7703
7	10	0.9992	0.7736	0.6264
7	11	0.9998	0.6717	0.4313
8	9	0.9982	0.6901	0.1258
9	10	0.9994	0.8991	0.2642
10	11	0.9484	0.8947	0.0517
