0	1	0.9988	0.7793	0.3869
0	2	0.9989	0.4605	0.3837
0	17	0.8488	0.3592	0.5607
0	19	0.5504	0.2682	0.7183
0	20	0.5010	0.3451	0.7355
1	2	0.9994	0.7206	0.2639
1	9	0.6992	0.6271	0.5987
1	16	0.6498	0.5627	0.5444
1	17	0.9996	0.6542	0.8023
1	18	0.8503	0.4551	0.5904
1	19	1.0000	0.4832	0.9041
1	20	1.0000	0.7753	0.6131
2	3	0.9974	0.9991	0.0242
2	8	0.7987	0.8567	0.7644
2	9	0.9495	0.5591	0.5001
2	15	0.6500	0.6094	0.5595
2	17	0.9988	0.1358	0.7635
2	19	0.9499	0.2088	0.7765
2	20	0.8190	0.2047	0.4408
3	4	0.9985	0.9587	0.3073
3	5	0.9989	0.5950	0.5049
3	7	0.9500	0.2355	0.7171
3	9	0.9989	0.1965	0.9323
3	11	0.5000	0.5033	0.4999
3	13	0.9973	0.7721	0.0238
3	17	0.9493	0.1255	0.5687
3	18	0.5004	0.3564	0.6224
3	19	0.7506	0.1256	0.0729
4	5	0.9984	0.7905	0.0531
4	6	0.9981	0.7575	0.3980
4	7	0.7503	0.6475	0.5296
4	8	0.6506	0.5462	0.0371
4	13	0.7002	0.5755	0.2011
4	15	0.5401	0.3782	0.4633
4	17	0.8665	0.4063	0.1266
5	6	1.0000	0.7869	0.5519
5	7	0.8003	0.4370	0.5015
5	8	0.8501	0.5067	0.2698
5	9	0.9993	0.8610	0.4479
5	13	0.9997	0.5136	0.6060
5	15	0.6007	0.5784	0.4663
6	7	0.9980	0.8795	0.4559
6	8	0.9995	0.6606	0.3094
6	9	0.9001	0.5760	0.5230
6	13	0.6499	0.7813	0.3956
7	8	0.9977	0.7441	0.0453
7	9	0.9981	0.8256	0.6557
8	9	1.0000	0.7737	0.5325
8	11	0.5514	0.1883	0.3092
9	11	0.7999	0.7847	0.8092
9	12	0.9982	0.7158	0.5783
9	13	0.7495	0.7045	0.5196
9	15	0.9493	0.7007	0.6390
10	11	0.9991	0.7918	0.7566
10	12	0.6509	0.5477	0.4949
10	13	0.9496	0.7590	0.3256
10	15	0.7991	0.3731	0.8171
10	16	0.6012	0.4953	0.4919
10	17	0.7000	0.1558	0.6622
11	12	0.9483	0.7909	0.8304
11	13	0.9989	0.9032	0.4217
11	15	0.9982	0.6829	0.6758
11	16	0.7001	0.5955	0.4520
11	17	0.5502	0.4698	0.4372
12	13	0.9973	0.5674	0.1167
12	15	0.8497	0.5028	0.7686
12	16	0.7505	0.4720	0.4745
13	14	0.9963	0.9571	0.4542
13	15	0.9998	0.5384	0.4670
14	15	0.7001	0.8601	0.1891
15	16	0.5008	0.7619	0.4150
15	17	0.9990	0.4718	0.4762
16	17	0.9491	0.4728	0.5886
17	18	0.7502	0.6420	0.4583
17	19	0.9998	0.6957	0.6952
18	19	0.9999	0.5338	0.3178
19	20	0.9990	0.9935	0.4846
20	21	0.9989	0.9581	0.6979
