0	1	0.9995	0.5821	0.3557
0	4	0.8005	0.6659	0.5429
0	6	0.9485	0.7609	0.3952
1	2	0.6499	0.9700	0.4562
1	3	0.9499	0.7085	0.6104
1	4	0.6497	0.4078	0.6224
1	5	0.5007	0.4753	0.4839
1	6	0.9000	0.6332	0.6532
2	6	0.9001	0.3709	0.8959
2	12	0.9490	0.7132	0.3501
2	13	0.5988	0.6705	0.1329
3	4	0.9003	0.6894	0.6489
3	5	0.5526	0.7099	0.4589
3	6	0.7503	0.6310	0.4895
3	8	0.9999	0.6696	0.5478
3	9	0.5014	0.5927	0.5748
3	10	0.7505	0.7956	0.4247
3	11	0.5005	0.6879	0.4938
4	5	0.8993	0.9219	0.6676
4	6	0.7501	0.7369	0.4083
4	8	1.0000	0.6439	0.5438
4	9	0.8506	0.5654	0.6429
4	11	0.6011	0.8310	0.3487
6	7	0.9490	0.9504	0.1618
7	8	0.9999	0.9754	0.3060
7	12	0.9486	0.5157	0.5035
7	14	0.9497	0.4317	0.4026
7	22	0.8491	0.7631	0.7598
7	23	0.7501	0.7071	0.5823
7	24	0.7002	0.9594	0.6680
7	25	0.9994	0.8324	0.9473
7	26	0.9983	0.5698	0.7323
7	27	0.9968	0.9560	0.1593
7	28	0.5012	0.3164	0.6790
8	9	1.0000	0.5347	0.6430
8	11	0.7001	0.6020	0.4702
8	12	0.7232	0.2674	0.3711
8	13	0.5506	0.2772	0.3410
8	14	0.8998	0.3702	0.6938
8	26	0.5005	0.2417	0.8589
9	10	0.9996	0.4851	0.7201
9	11	0.8988	0.7567	0.4029
9	13	0.9993	0.6727	0.5853
10	11	0.9990	0.8059	0.2861
11	12	0.9492	0.6950	0.2091
11	13	1.0000	0.2088	0.7651
11	14	0.9485	0.7762	0.0808
12	13	0.9996	0.4661	0.4206
12	14	0.9978	0.5051	0.5360
12	15	0.5512	0.7545	0.4867
12	16	0.8488	0.5456	0.5355
12	26	0.9444	0.5218	0.6922
13	14	0.9999	0.4794	0.3902
13	15	0.9500	0.5002	0.6771
13	16	0.9978	0.4221	0.3168
14	15	0.9995	0.7505	0.6725
14	16	0.9991	0.5010	0.3994
14	17	0.7005	0.7841	0.4666
14	18	0.5508	0.5293	0.2809
14	26	0.6489	0.5443	0.6855
15	16	0.9998	0.6399	0.4522
15	17	1.0000	0.4391	0.5958
15	18	0.8020	0.4365	0.3467
15	19	0.9000	0.2656	0.7497
15	20	0.9989	0.4741	0.4070
16	17	0.9997	0.7306	0.4488
16	18	0.9991	0.5351	0.3627
16	20	0.9999	0.6214	0.3740
16	21	0.6993	0.8637	0.3448
16	22	0.9966	0.8843	0.6309
16	23	0.8500	0.8040	0.1800
17	18	0.9995	0.3450	0.4662
17	19	0.7500	0.1925	0.9015
17	20	0.9988	0.4498	0.2961
18	19	0.9977	0.9193	0.7751
18	20	0.9985	0.4521	0.4294
18	21	0.9981	0.7979	0.7223
18	22	0.9994	0.4610	0.6902
18	23	0.9494	0.5052	0.3826
18	26	0.5002	0.2751	0.3760
19	20	0.9985	0.6352	0.7608
19	22	0.6995	0.6546	0.2978
20	21	0.9992	0.7228	0.5650
20	22	0.9990	0.4964	0.3571
20	23	0.5020	0.4667	0.4063
21	22	0.9965	0.9026	0.2172
22	23	0.9982	0.8627	0.1178
22	25	0.8002	0.2952	0.6347
23	24	0.9973	0.9654	0.4408
23	25	0.9999	0.7857	0.6564
23	26	0.9492	0.4716	0.5462
23	27	0.6494	0.7866	0.5479
24	25	0.9988	0.4454	0.3029
24	26	0.9999	0.5072	0.8217
24	28	0.9492	0.7677	0.5234
25	26	1.0000	0.7067	0.4933
25	28	0.9996	0.6134	0.7036
26	27	0.9481	0.9931	0.1711
26	28	0.5506	0.5228	0.2493
27	28	0.7983	0.7326	0.2104
