0	1	0.9999	0.9235	0.3817
0	2	0.9985	0.3061	0.5879
0	3	0.9995	0.4414	0.5088
0	4	0.8496	0.9229	0.1340
0	6	0.9984	0.8998	0.5295
0	7	0.9994	0.6219	0.4714
0	16	0.9996	0.7737	0.9085
0	17	0.9992	0.2927	0.5250
1	2	0.9998	0.7964	0.2083
1	3	0.9999	0.5450	0.8762
1	7	0.8504	0.4114	0.6780
1	16	1.0000	0.1452	0.9625
1	17	0.9998	0.6231	0.4341
2	3	0.9994	0.6274	0.2914
2	16	0.6503	0.2817	0.8482
2	17	0.6005	0.0894	0.3739
3	4	0.8999	0.9654	0.3506
3	7	0.7509	0.4923	0.3017
3	16	0.9991	0.6326	0.9744
3	17	0.9489	0.7363	0.5362
4	5	0.7502	0.6335	0.6222
4	6	0.7498	0.5261	0.4028
4	16	0.9999	0.2500	0.7875
5	6	0.9998	0.8351	0.3008
5	7	0.5507	0.7765	0.7030
5	16	0.9998	0.5920	0.6782
6	7	0.9998	0.7312	0.8356
6	8	0.9490	0.5336	0.4433
6	16	0.9998	0.4969	0.9054
6	17	0.9000	0.7550	0.5845
7	8	0.8018	0.7347	0.4047
7	14	0.6002	0.7243	0.6093
7	16	0.9999	0.6551	0.9101
7	17	0.9996	0.2841	0.7156
8	9	0.9991	0.4656	0.5615
8	10	0.9497	0.5599	0.3075
8	13	0.6018	0.7560	0.4062
8	14	1.0000	0.5903	0.4852
8	15	0.8491	0.6769	0.4238
8	16	0.9998	0.5005	0.4847
9	10	0.9978	0.7683	0.1271
9	11	0.6514	0.5561	0.6192
9	12	0.8988	0.5491	0.5922
9	14	0.9978	0.8171	0.6695
10	11	0.9989	0.9344	0.4557
10	12	0.9978	0.4965	0.5374
10	13	0.9992	0.6089	0.4342
10	14	0.9998	0.5424	0.5215
10	15	0.5501	0.5309	0.5244
10	16	0.9984	0.5432	0.2329
11	12	0.9499	0.4651	0.5788
11	13	0.7001	0.4883	0.4497
11	14	0.7518	0.4938	0.4588
11	16	0.9993	0.2868	0.3221
12	13	0.8999	0.5710	0.4362
12	14	0.9999	0.6466	0.3925
13	14	0.9992	0.5314	0.4169
14	15	0.9490	0.6826	0.5789
14	16	0.9991	0.7770	0.2795
15	16	0.9987	0.5139	0.2602
16	17	0.9974	0.9763	0.4208
