0	1	0.9996	0.7595	0.2806
0	2	0.9995	0.6790	0.5949
0	11	0.8989	0.7678	0.1325
0	13	0.9998	0.8098	0.3501
0	15	0.9996	0.8311	0.6424
1	2	0.9999	0.7963	0.2083
1	11	0.6500	0.3074	0.4908
1	12	0.9490	0.1207	0.4390
1	13	0.9972	0.5572	0.6338
1	14	0.9983	0.2433	0.3938
1	15	0.9980	0.5018	0.7275
2	3	0.9993	0.5429	0.2253
2	4	0.9998	0.0975	0.7903
2	5	0.5487	0.8073	0.3509
2	6	0.9986	0.7631	0.0720
2	11	1.0000	0.3676	0.5131
2	13	1.0000	0.3039	0.6987
2	15	0.8500	0.0749	0.9101
3	4	0.9993	0.8012	0.5053
3	5	0.9500	0.0966	0.8738
3	6	0.9996	0.5098	0.5216
3	7	0.9980	0.9412	0.2603
3	9	0.9996	0.7904	0.6655
3	10	0.8497	0.3554	0.4389
3	11	0.9997	0.4666	0.4945
3	12	0.9498	0.7642	0.4072
3	13	0.9986	0.4534	0.4916
4	5	0.9966	0.9485	0.3155
4	6	1.0000	0.6356	0.5814
4	7	0.9497	0.1376	0.5251
4	8	0.8494	0.3387	0.3270
4	11	0.9998	0.5057	0.8369
4	13	0.8002	0.2958	0.7838
5	6	0.9974	0.9372	0.0579
5	7	0.5022	0.2961	0.5708
5	11	0.7988	0.8219	0.0572
5	12	0.5518	0.6259	0.5670
6	7	0.8006	0.9423	0.2265
6	9	0.9995	0.9571	0.5843
6	11	0.8998	0.4954	0.4452
6	12	0.6501	0.6863	0.3498
7	8	0.9992	0.7156	0.5851
7	9	0.9995	0.7677	0.2473
7	12	0.9485	0.5618	0.1597
7	14	0.5308	0.3481	0.1347
8	9	1.0000	0.8187	0.3225
8	12	0.7500	0.5575	0.3437
9	10	0.8997	0.6549	0.2755
9	11	0.9993	0.6378	0.5643
9	12	0.9999	0.5552	0.5221
10	11	0.7009	0.3168	0.0834
10	12	0.9989	0.1857	0.7480
11	12	0.9997	0.6076	0.4268
11	13	0.9996	0.6076	0.4946
11	14	0.9979	0.8366	0.6213
12	13	0.9971	0.5485	0.0906
12	14	0.9998	0.5108	0.7400
13	14	0.9987	0.7255	0.7010
13	15	0.9988	0.7461	0.5890
14	15	0.9989	0.7516	0.5427
16	17	0.9490	0.7581	0.6849
16	18	0.8989	0.5639	0.1171
17	18	0.9003	0.9343	0.2635
18	19	1.0000	0.6267	0.4557
18	20	0.9999	0.7012	0.3694
18	21	0.8505	0.6631	0.5158
18	22	0.8173	0.6833	0.5292
18	25	0.9499	0.5007	0.4961
19	20	0.9997	0.6550	0.4577
19	21	0.9500	0.7173	0.6850
19	22	0.9499	0.6749	0.4527
19	23	0.9996	0.6879	0.6936
19	27	0.7688	0.3428	0.7421
20	21	1.0000	0.5530	0.6212
20	22	0.7507	0.6046	0.4339
20	23	0.5002	0.6010	0.2933
20	25	0.8007	0.5177	0.3334
20	27	0.7001	0.8482	0.6845
21	22	1.0000	0.6669	0.5784
21	37	0.6507	0.5426	0.3430
22	23	0.8996	0.8849	0.4995
22	25	0.6514	0.5997	0.4830
22	37	0.8002	0.5184	0.3099
23	24	0.9972	0.8249	0.2814
23	25	0.9996	0.3959	0.4290
23	26	0.9485	0.7578	0.2184
23	27	1.0000	0.7679	0.7783
23	28	0.5008	0.6415	0.5543
23	29	0.9487	0.7679	0.0490
23	31	0.9489	0.7911	0.0977
23	33	0.9976	0.8766	0.0911
24	25	0.7503	0.4717	0.4092
24	27	0.7997	0.4940	0.8613
25	26	0.8495	0.7664	0.1790
25	27	0.9002	0.6003	0.5777
25	33	0.6998	0.8574	0.5149
25	36	0.5508	0.6114	0.5005
25	49	0.5005	0.4692	0.5988
26	27	0.9491	0.9474	0.3392
26	29	0.8989	0.4766	0.5459
26	30	0.9993	0.6230	0.6938
26	31	0.9478	0.4136	0.6104
26	32	0.9496	0.9092	0.5117
26	33	0.9998	0.4816	0.5460
26	34	0.9994	0.8262	0.6441
26	35	0.9985	0.3839	0.5728
27	28	0.9995	0.9644	0.2527
27	29	0.9993	0.6466	0.5284
27	31	0.9999	0.5260	0.7758
27	33	1.0000	0.3036	0.9253
27	35	0.5503	0.3829	0.8300
27	37	0.5520	0.4404	0.5932
27	48	0.5007	0.3507	0.5718
27	49	0.8496	0.3193	0.3996
28	29	0.8498	0.8861	0.1127
28	30	0.7510	0.7491	0.9137
28	31	0.7502	0.8058	0.2837
29	30	0.9987	0.9194	0.6379
29	31	0.9469	0.4940	0.4863
29	32	0.9992	0.9719	0.6011
29	33	0.8000	0.5433	0.3696
30	31	0.9998	0.6790	0.7541
30	32	0.9999	0.4278	0.6494
30	33	0.9491	0.7512	0.1221
31	32	0.8498	0.9327	0.5175
31	33	0.8983	0.4698	0.3689
32	33	0.8990	0.4018	0.1016
33	34	0.9998	0.6560	0.5228
33	35	0.9999	0.5313	0.4849
34	35	0.9997	0.5775	0.3945
35	36	0.5505	0.6736	0.2509
37	38	0.9990	0.6963	0.1621
37	39	0.7504	0.6263	0.6723
37	40	0.7008	0.2774	0.4317
37	41	0.9990	0.7283	0.7693
37	42	0.6676	0.7578	0.3139
37	43	0.9001	0.4130	0.7215
37	44	0.9491	0.6339	0.4495
37	46	0.9991	0.7967	0.6395
37	47	0.5494	0.4098	0.4729
38	39	0.9986	0.9034	0.3975
38	40	0.6002	0.6567	0.4744
38	41	0.9496	0.6326	0.4323
38	42	0.9493	0.5976	0.5252
38	43	0.9994	0.9161	0.6429
38	44	0.7491	0.5175	0.4398
38	45	0.9988	0.5523	0.5233
38	46	0.9999	0.5781	0.3855
38	47	0.9495	0.6501	0.2900
39	40	0.9492	0.8020	0.6368
39	46	0.6000	0.4318	0.4300
40	41	0.9964	0.8394	0.5470
41	42	0.7991	0.6233	0.3493
41	44	0.9493	0.6078	0.3801
41	45	0.9993	0.4514	0.2933
41	46	0.9987	0.5516	0.4326
41	47	0.7989	0.3743	0.4427
41	51	0.5501	0.3753	0.5160
42	43	0.9495	0.5275	0.5893
42	44	0.8494	0.4645	0.6002
42	45	0.8977	0.4018	0.6069
42	46	0.9979	0.4750	0.6802
42	47	0.9991	0.6801	0.5735
42	48	0.6505	0.5828	0.5974
42	49	0.6997	0.7236	0.5334
42	51	0.8501	0.5154	0.5166
43	44	0.6003	0.8413	0.4534
43	45	0.9992	0.7894	0.7217
43	46	0.8497	0.5146	0.5327
43	47	0.9491	0.6013	0.7193
44	45	0.9990	0.2982	0.4487
44	46	0.9526	0.4542	0.4692
44	47	0.9987	0.3533	0.4773
45	46	0.9993	0.6928	0.4166
45	47	0.8493	0.4547	0.3931
46	47	0.9997	0.5530	0.6124
46	48	0.5497	0.5786	0.3376
46	49	0.9998	0.6105	0.5140
46	51	0.9493	0.6427	0.6191
47	48	0.9982	0.7093	0.5163
47	49	0.9977	0.3947	0.5591
47	50	0.5000	0.3985	0.3364
47	51	0.9490	0.4492	0.4631
48	49	0.8982	0.6427	0.7648
48	51	0.9496	0.6270	0.3042
49	50	0.9005	0.7294	0.3205
49	51	0.8994	0.5888	0.4490
50	51	0.7000	0.6091	0.3987
