0	1	0.9953	0.9885	0.1927
0	2	0.8502	0.7786	0.5545
0	3	0.9998	0.8526	0.9014
0	4	0.7503	0.9369	0.4266
0	5	0.8008	0.8410	0.4937
0	12	1.0000	0.8020	0.5798
0	13	0.9992	0.2937	0.5481
1	2	0.9988	0.8572	0.2142
1	3	0.9997	0.6741	0.7504
1	5	0.7002	0.3116	0.3645
1	12	0.6995	0.3640	0.2874
2	3	0.9998	0.5621	0.5939
2	5	0.6006	0.6701	0.7952
2	6	0.5001	0.7144	0.0806
2	12	0.9487	0.7097	0.2339
2	13	0.5502	0.1941	0.2868
3	4	0.9993	0.9946	0.4451
3	5	0.9986	0.9542	0.5987
3	6	0.9484	0.7954	0.0750
3	8	0.7015	0.2840	0.8207
3	9	0.9987	0.2879	0.5769
3	10	0.9997	0.4183	0.9477
3	11	0.9985	0.4840	0.1210
3	12	0.9984	0.9837	0.7807
3	13	0.9000	0.9597	0.2052
3	14	0.9996	0.7558	0.8554
4	5	0.9992	0.7060	0.2112
4	12	0.9997	0.7134	0.9311
4	13	0.9977	0.3692	0.1197
5	6	0.9992	0.8817	0.0913
5	12	0.9990	0.7035	0.7637
5	13	0.9990	0.2015	0.2756
5	14	0.7500	0.3102	0.2982
6	7	0.9484	0.8816	0.1866
6	8	0.9996	0.8459	0.5144
6	9	0.9976	0.9725	0.6190
6	10	0.8000	0.7352	0.7121
6	11	0.9999	0.6298	0.8252
6	12	0.9998	0.3771	0.6828
6	13	0.5022	0.0501	0.3171
6	14	0.5013	0.1435	0.7558
7	8	0.9988	0.4982	0.2869
7	9	0.9989	0.5209	0.4144
7	10	0.9995	0.2666	0.1331
7	11	0.9000	0.0409	0.4596
8	9	0.9991	0.4911	0.4214
8	10	0.9990	0.1986	0.1979
8	11	0.9496	0.2547	0.3825
9	10	0.9993	0.9898	0.3330
9	11	0.9502	0.9431	0.3625
10	11	0.9492	0.5192	0.2725
11	12	0.9998	0.9006	0.4112
11	14	0.9999	0.7441	0.7069
12	13	1.0000	0.4181	0.5591
12	14	1.0000	0.5482	0.3994
13	14	0.9995	0.6312	0.1379
14	15	0.5495	0.8649	0.3687
