0	1	0.9990	0.9744	0.6218
0	6	1.0000	0.2134	0.9848
0	7	0.9496	0.3624	0.2020
0	12	0.9986	0.9477	0.9671
0	13	0.9990	0.4591	0.3750
0	14	0.9986	0.6241	0.4669
0	16	0.7507	0.5552	0.9687
0	17	0.5035	0.1919	0.6025
0	18	0.9007	0.0753	0.1389
0	25	0.9985	0.9977	0.9673
0	26	0.9988	0.8449	0.6142
0	28	0.9999	0.2693	0.9831
1	2	0.9989	0.9802	0.2877
1	3	1.0000	0.5147	0.7301
1	5	0.9998	0.3204	0.7725
1	7	1.0000	0.4336	0.7052
1	13	1.0000	0.4675	0.8724
1	14	0.8501	0.1733	0.7535
1	26	0.8991	0.6015	0.2329
2	3	0.9984	0.9964	0.0002
2	4	0.9987	0.1367	0.7900
2	5	0.9999	0.9683	0.1210
2	7	0.9985	0.9993	0.0059
3	4	0.9994	0.6753	0.3369
3	5	0.9463	0.5438	0.5178
3	6	0.9999	0.3204	0.8908
3	7	0.9980	0.4802	0.5554
3	13	0.9993	0.5005	0.5832
3	14	0.6998	0.6321	0.3002
3	26	0.8002	0.9339	0.2825
4	5	0.9998	0.3580	0.5077
4	7	1.0000	0.4474	0.7558
5	6	0.9989	0.8030	0.8571
5	7	0.9991	0.6942	0.6153
5	26	0.8996	0.9330	0.1601
6	7	1.0000	0.9003	0.2633
6	9	0.9502	0.4239	0.9952
6	11	0.9989	0.1181	0.2677
6	12	0.8009	0.4853	0.6548
6	13	0.9967	0.8424	0.2475
6	14	0.9976	0.9109	0.7517
6	16	1.0000	0.2837	0.8890
6	17	0.9497	0.9483	0.4511
6	18	1.0000	0.7341	0.4673
6	20	0.6013	0.1894	0.7675
6	22	0.8500	0.1819	0.8484
6	26	0.9977	0.4879	0.4358
6	27	1.0000	0.1570	0.8280
6	28	1.0000	0.3476	0.5978
7	9	0.8996	0.9809	0.9074
7	13	0.9982	0.4526	0.5999
7	14	0.5002	0.5753	0.1951
7	26	0.9975	0.9864	0.2727
8	9	0.9988	0.4915	0.5943
9	10	0.6506	0.9125	0.2901
9	16	0.9983	0.9197	0.6653
10	11	0.8487	0.7768	0.3105
10	23	0.5072	0.2467	0.1931
11	12	0.9999	0.6608	0.3641
11	15	0.9993	0.4694	0.6964
11	16	0.5002	0.1556	0.4263
11	19	0.9994	0.7526	0.5999
11	20	0.9968	0.6677	0.1210
11	23	1.0000	0.8392	0.3047
11	26	0.9999	0.4284	0.9418
11	27	1.0000	0.3676	0.9633
12	15	0.9995	0.3678	0.7398
12	16	0.7502	0.5386	0.6908
12	17	0.5005	0.7516	0.6298
12	18	0.9993	0.9450	0.8697
12	23	0.9990	0.2173	0.2889
12	25	0.9997	0.8403	0.9169
12	26	1.0000	0.9093	0.8386
12	28	0.9989	0.7198	0.4656
13	14	0.9997	0.4973	0.4294
13	26	0.9967	0.7098	0.0784
14	25	0.7493	0.9297	0.7115
14	26	0.6504	0.4394	0.2337
15	16	0.9493	0.8865	0.2391
15	23	0.5522	0.8521	0.0838
15	25	0.9993	0.3807	0.7547
15	26	0.7001	0.2556	0.3303
16	18	0.9995	0.9062	0.3680
16	28	0.9994	0.7448	0.6176
17	18	0.9971	0.8435	0.0099
17	26	0.9500	0.8289	0.9889
17	28	1.0000	0.7127	0.9880
18	20	0.9984	0.6964	0.1413
18	22	0.8490	0.2909	0.3522
18	26	0.9999	0.4768	0.5520
18	27	1.0000	0.5176	0.3233
18	28	0.9999	0.4718	0.5142
19	23	0.5496	0.8013	0.3868
19	26	0.5991	0.5923	0.3545
19	27	0.8991	0.6665	0.9876
19	28	0.9967	0.8245	0.0353
20	21	0.9971	0.8777	0.0050
20	22	0.9997	0.3415	0.6176
20	23	0.9999	0.2029	0.5763
20	27	0.9977	0.1274	0.6557
20	28	1.0000	0.3999	0.4075
21	22	0.9989	0.1637	0.1879
21	23	1.0000	0.0001	0.9915
21	24	0.9009	0.3240	0.9991
21	27	0.9483	0.8559	0.0334
22	23	0.9972	0.9734	0.5774
22	24	0.9994	0.2237	0.9996
22	26	0.8993	0.8821	0.6477
22	27	0.9500	0.6360	0.4445
22	28	0.9978	0.6022	0.6294
23	24	0.9968	0.5322	0.0144
23	25	0.9999	0.1282	0.8097
23	27	1.0000	0.4764	0.9260
24	27	0.9484	0.8089	0.1399
25	26	0.9989	0.5327	0.3944
26	27	1.0000	0.5398	0.4611
26	28	0.9999	0.6663	0.5616
27	28	0.9999	0.4685	0.4460
