0	1	0.9934	0.7986	0.5127
0	2	0.9998	0.4726	0.3490
0	20	0.9997	1.0000	0.0923
0	21	1.0000	0.6023	0.3671
0	22	1.0000	0.3271	0.8899
0	23	0.9999	0.5823	0.4631
0	24	0.9996	0.9993	0.6988
0	35	0.8005	0.7599	0.1788
0	37	0.9997	0.0762	0.8692
1	2	0.9998	0.7673	0.0956
1	5	0.9994	0.3706	0.4225
1	11	0.9997	0.9996	0.0881
1	18	0.9973	0.6822	0.5092
1	19	0.9963	0.7953	0.0404
1	23	1.0000	0.5119	0.9359
1	24	0.9487	0.2123	0.0517
1	26	0.7600	0.0946	0.0168
1	35	1.0000	0.2446	0.9900
1	36	0.9998	0.0150	0.1007
1	37	0.9988	0.4487	0.3896
2	18	0.9976	0.6331	0.7720
2	19	0.9999	0.8822	0.5711
2	20	0.9998	1.0000	0.0267
2	21	0.9989	0.9395	0.7202
2	22	1.0000	0.6835	0.4358
2	23	0.6686	0.4331	0.1583
3	4	1.0000	0.7643	0.3404
3	12	0.8999	0.3255	0.9938
3	17	0.7007	0.6420	0.3428
3	27	0.9997	0.9840	0.5506
3	29	0.9982	0.9180	0.9989
3	30	0.9964	0.7113	0.1332
4	5	0.9990	0.8781	0.8124
4	6	0.9986	0.2816	0.4847
4	12	0.8997	0.0992	0.9657
4	17	0.9997	0.7406	0.4889
4	18	0.9998	0.7813	0.0294
4	27	0.9997	0.6459	0.1986
4	29	0.9997	0.2176	0.9997
4	30	0.8998	0.1855	0.3265
4	37	0.9493	0.7557	0.0151
5	6	0.9463	0.5808	0.0565
5	11	0.5987	0.1513	0.6265
5	17	0.9995	0.7108	0.8135
5	18	0.9995	0.5942	0.2659
5	37	0.9979	0.3080	0.1526
6	17	0.9985	0.4252	0.3181
6	18	0.9981	0.4381	0.3452
7	8	0.9999	0.7655	0.6750
7	9	0.9502	0.6358	0.6689
7	12	0.9499	0.1404	0.9599
7	16	0.9997	0.5321	0.7362
7	17	0.8507	0.0276	0.0074
7	28	0.9990	0.4633	0.7234
7	29	0.9974	0.2492	0.5486
8	9	0.8999	0.6806	0.8300
8	10	0.6999	0.9646	0.0896
8	16	0.7503	0.6819	0.7987
8	28	0.8978	0.6024	0.6820
8	29	0.9977	0.3380	0.5288
9	10	0.9969	0.7529	0.0829
9	28	0.9488	0.7809	0.8835
10	11	0.9991	0.9204	0.0484
10	13	0.9999	0.3777	0.8609
10	15	1.0000	0.3512	0.6122
10	16	0.6480	0.3346	0.0358
10	28	0.6024	0.0685	0.8894
10	37	0.9988	0.9771	0.0296
11	12	0.9995	0.9995	0.0831
11	18	0.9982	0.7555	0.9997
12	13	0.7484	0.8623	0.0647
12	17	0.6479	0.5012	0.2040
12	27	0.9465	0.9950	0.3029
12	29	0.5994	0.9817	0.7617
12	31	0.6976	0.8935	0.2959
13	14	0.9985	0.8799	0.4383
13	15	0.9987	0.6914	0.4558
13	27	0.6661	0.0001	0.0443
13	28	0.9998	0.2550	0.9723
13	30	0.9998	0.0107	0.9711
13	31	0.9985	0.1333	0.3574
13	32	0.9992	0.0102	0.6528
13	34	0.9964	0.4956	0.0040
14	15	0.9982	0.8210	0.0933
15	16	0.9967	0.9943	0.1005
15	29	0.5985	0.6535	0.1033
15	34	0.7502	0.6425	0.0417
15	36	0.9466	0.2445	0.2138
16	17	0.9492	0.9552	0.1022
16	28	0.9483	0.7599	0.9101
17	18	0.9984	0.8122	0.0644
17	27	0.9995	0.2524	0.0552
17	28	0.9989	0.0075	0.8307
17	29	0.9969	0.1281	0.8935
17	37	0.9998	0.7806	0.1143
18	19	0.9992	0.8843	0.4993
19	21	0.9980	0.9920	0.9982
19	22	0.9992	0.8103	0.5985
20	21	0.9500	0.5418	0.3870
20	22	0.9997	0.5896	0.5548
20	23	0.9992	0.8649	0.4617
20	25	0.9998	0.5910	0.3528
20	35	0.9996	0.9217	0.0058
21	22	0.9999	0.5233	0.4605
21	23	0.9984	0.3381	0.1577
21	25	0.9939	0.2622	0.0654
21	35	0.9997	0.0122	0.0016
22	23	1.0000	1.0000	0.0211
23	24	0.9967	0.9641	0.5293
23	25	0.9995	0.9384	0.2112
23	35	0.9994	0.7072	0.4647
23	36	0.9984	1.0000	1.0000
23	37	0.9988	0.4261	0.8610
24	25	1.0000	0.2106	0.7394
24	26	0.9986	0.2007	0.4676
24	34	0.6508	0.1861	0.8670
24	35	1.0000	0.4619	0.9826
24	36	1.0000	0.0961	0.8172
25	26	0.9976	0.6446	0.4962
25	35	0.9984	0.4026	0.6402
26	27	0.9974	0.9173	0.0171
26	30	0.8000	0.6962	0.9663
26	34	0.9997	0.5952	0.6288
26	35	0.9984	0.3875	0.9980
26	36	1.0000	0.3643	0.7815
27	28	0.7502	0.3850	0.2869
27	29	0.9986	0.6552	0.7690
27	30	0.9999	0.5361	0.5523
27	31	0.9997	0.3863	0.4159
27	32	0.9996	0.6851	0.7408
27	33	0.9989	0.7883	0.4828
28	29	1.0000	0.6320	0.5539
28	30	0.9996	0.6176	0.3256
28	31	0.9478	0.6526	0.4134
28	32	0.9998	0.5464	0.8199
28	33	0.9998	0.1372	0.7814
29	30	0.9997	0.5268	0.5708
29	31	0.8504	0.1000	0.5716
29	32	0.9978	0.0314	0.8374
29	33	0.9995	0.1074	0.4446
30	31	0.9997	0.7754	0.4161
30	32	0.9988	0.2951	0.4434
30	33	0.9989	0.6882	0.3980
31	32	0.9990	0.4822	0.3064
31	33	0.6496	0.3437	0.5361
31	34	0.9993	0.3596	0.0148
32	33	0.9999	0.8438	0.9724
34	35	0.9996	0.9772	0.9939
34	36	0.5497	0.7032	0.4369
35	36	0.9988	1.0000	0.9665
35	37	0.9997	0.5184	0.5385
36	37	0.9972	0.7033	0.1346
