0	1	1.0000	0.5566	0.5595
0	2	0.9970	0.3045	0.2799
0	5	0.9993	0.7695	0.4572
0	6	1.0000	0.4029	0.4581
0	7	0.9984	0.2826	0.4678
0	10	0.9995	0.2261	0.6234
1	2	1.0000	0.6613	0.3820
1	5	1.0000	0.2408	0.6759
1	6	1.0000	0.5846	0.3481
1	7	1.0000	0.8034	0.6186
1	10	0.8987	0.9319	0.6251
1	11	0.9996	0.8228	0.5768
1	18	0.8995	0.7709	0.1074
2	3	0.5995	0.2979	0.4873
2	4	0.6505	0.3527	0.3089
2	5	1.0000	0.6913	0.3169
2	6	0.9988	0.2680	0.4350
2	7	0.7976	0.3828	0.5338
2	11	0.9997	0.4867	0.4857
2	18	0.9514	0.0000	0.0037
3	4	0.9984	0.9950	0.3321
3	5	0.9996	0.6408	0.2562
3	6	0.5003	0.7278	0.3599
4	5	0.9991	0.9585	0.0729
5	6	0.9975	0.5935	0.1200
5	7	0.9999	0.5600	0.6670
5	8	0.9996	0.7905	0.6039
5	9	0.7000	0.7815	0.6600
5	10	0.9983	0.6833	0.2475
6	7	1.0000	0.5050	0.5362
6	8	0.9498	0.2926	0.2800
6	10	0.9986	0.5275	0.3407
6	11	0.9989	0.4347	0.4542
7	8	1.0000	0.5116	0.4577
7	9	0.5509	0.2494	0.2970
7	10	0.9997	0.3749	0.5697
8	9	1.0000	0.7976	0.4781
8	10	1.0000	0.5471	0.4769
9	10	0.6501	0.4433	0.1155
10	11	0.9992	0.5887	0.5015
12	13	0.9998	0.5367	0.4949
12	14	0.9996	0.5908	0.6525
12	18	0.7002	0.5980	0.7898
12	19	0.9998	0.2805	0.4627
12	20	1.0000	0.5023	0.5102
13	14	0.9999	0.4363	0.4993
13	16	0.9985	0.1943	0.3613
13	17	0.9998	0.7629	0.4903
13	18	0.9998	0.4856	0.3912
13	19	1.0000	0.4876	0.4845
13	20	0.9998	0.3185	0.7405
14	15	0.9988	0.9507	0.6156
14	16	1.0000	0.5831	0.4032
14	17	0.9982	0.1828	0.4152
14	18	1.0000	0.4244	0.6639
14	19	1.0000	0.5021	0.5002
14	20	0.9991	0.7907	0.7226
15	16	0.9497	0.9665	0.1679
15	19	0.9483	0.4527	0.2531
16	17	0.6994	0.9186	0.1164
16	18	0.9994	0.7430	0.6850
17	18	0.9969	0.3535	0.0993
18	19	1.0000	0.9043	0.1943
19	20	0.9995	0.3749	0.4852
