0	1	0.9999	0.5128	0.4343
0	2	0.9474	0.1828	0.5510
0	7	0.7481	0.3957	0.5679
0	8	0.7503	0.4096	0.3843
0	9	0.9494	0.6342	0.7001
0	12	0.6998	0.5338	0.6125
0	15	0.9978	0.5382	0.6510
0	16	1.0000	0.5831	0.4377
0	17	0.5498	0.8487	0.3524
0	19	0.9492	0.6875	0.6686
0	20	0.9982	0.5949	0.5779
1	2	0.9995	0.4365	0.2740
1	4	0.6507	0.6515	0.2416
1	7	0.8489	0.5038	0.7174
1	9	0.8996	0.3677	0.4102
1	10	0.6502	0.4062	0.4400
1	12	0.6496	0.3226	0.5749
1	15	0.7499	0.5583	0.8167
1	16	0.9981	0.5142	0.5924
1	17	0.9994	0.0612	0.5810
1	19	0.8995	0.5990	0.6068
1	20	0.9991	0.3606	0.8434
2	3	1.0000	0.5872	0.4614
2	4	0.9990	0.3659	0.3120
2	7	0.9989	0.3724	0.3282
2	8	0.5004	0.5034	0.4571
2	9	0.7994	0.3059	0.3793
2	10	0.9483	0.3292	0.3656
2	12	0.9977	0.3410	0.6207
2	19	0.9483	0.5596	0.4583
2	20	0.9485	0.1346	0.7390
3	4	1.0000	0.7005	0.4034
3	5	0.9982	0.1616	0.5254
3	7	0.9991	0.4028	0.1508
4	5	0.9469	0.8604	0.5134
4	6	0.5997	0.6460	0.3522
4	8	0.6497	0.4373	0.5119
5	6	0.8001	0.8303	0.2276
5	7	0.9980	0.8752	0.2139
5	8	0.8487	0.6662	0.6937
5	11	0.5515	0.3749	0.5022
5	12	0.5000	0.5567	0.3738
6	7	0.9976	0.5614	0.1542
7	8	0.9985	0.5756	0.5421
7	9	0.8996	0.7710	0.5592
7	10	0.5005	0.3607	0.2523
7	11	0.6009	0.1846	0.4487
7	12	0.9985	0.7397	0.6778
8	9	0.8971	0.4618	0.5188
8	10	0.8501	0.4087	0.4503
8	11	0.9993	0.3988	0.6040
8	12	0.9979	0.4519	0.5970
8	15	0.8490	0.4327	0.6311
9	10	0.9983	0.6331	0.4940
9	11	0.9495	0.6731	0.6849
9	12	0.9489	0.5768	0.6982
9	15	0.9972	0.6348	0.7431
9	16	0.9004	0.6044	0.3896
9	20	0.6001	0.4234	0.4296
10	11	0.8001	0.6642	0.4256
10	12	0.9980	0.6291	0.6857
10	14	0.9991	0.8678	0.7706
10	15	0.9988	0.7323	0.5379
10	16	0.8997	0.5143	0.3586
10	18	0.9986	0.8382	0.2493
10	20	0.6499	0.6543	0.3349
11	12	0.9992	0.5576	0.5807
11	13	0.8999	0.4118	0.6718
11	14	0.7003	0.4785	0.2991
11	15	0.9986	0.6723	0.3347
12	13	0.9499	0.7187	0.4308
12	14	0.8985	0.6738	0.7947
12	15	0.9985	0.7022	0.5623
12	16	0.8493	0.5462	0.4854
12	18	0.7003	0.4889	0.4317
12	20	0.5513	0.6253	0.4892
13	14	0.8502	0.8273	0.6033
13	15	0.9486	0.5160	0.4287
13	18	0.8502	0.2221	0.3853
14	15	0.9475	0.4239	0.4027
14	18	0.7983	0.8152	0.4531
15	16	0.9995	0.6345	0.3469
15	18	0.8993	0.1209	0.4745
16	17	0.9957	0.9608	0.3279
16	18	0.9994	0.5844	0.3740
16	19	0.9993	0.3761	0.6064
16	20	0.9984	0.5017	0.5459
17	18	0.9971	0.8073	0.0589
17	20	0.8503	0.1223	0.8485
18	19	0.9998	0.5894	0.4586
18	20	0.9986	0.4611	0.3393
19	20	0.9988	0.6134	0.1193
