0	1	0.9988	0.4813	0.5104
0	2	0.9995	0.5955	0.5310
0	3	1.0000	0.6319	0.5722
0	5	0.7494	0.5440	0.5513
1	2	0.9988	0.5437	0.5276
1	3	1.0000	0.5956	0.5542
1	5	0.8494	0.5581	0.4889
2	3	1.0000	0.6127	0.5399
2	4	0.7514	0.4133	0.3852
2	5	0.9494	0.5163	0.5064
3	4	0.9971	0.8922	0.3634
3	5	0.9998	0.4785	0.6218
3	6	0.9498	0.5201	0.6010
4	5	0.9961	0.5195	0.3682
5	6	0.9999	0.7048	0.5021
5	7	0.9496	0.5979	0.5240
6	7	1.0000	0.6992	0.4559
6	8	0.8999	0.8008	0.3083
7	8	0.9999	0.6351	0.4687
7	9	0.9004	0.6215	0.3439
8	9	1.0000	0.5252	0.4726
8	10	1.0000	0.6671	0.5633
9	10	1.0000	0.5868	0.5082
9	12	0.5014	0.2581	0.4950
10	11	0.9954	0.9725	0.5246
10	12	0.9999	0.8076	0.3386
10	13	0.6004	0.7296	0.7761
11	12	0.9974	0.3424	0.4229
11	14	0.7002	0.4875	0.2373
12	13	0.9980	0.8852	0.6394
12	14	0.9998	0.5899	0.5658
12	15	0.5481	0.4271	0.4124
13	14	0.9993	0.9110	0.1280
13	15	0.6512	0.7390	0.5410
14	15	1.0000	0.6531	0.4967
14	16	1.0000	0.7570	0.4174
14	17	0.9997	0.7500	0.3703
15	16	0.5471	0.5369	0.5109
15	17	0.7002	0.7233	0.4260
15	18	0.5511	0.6735	0.3155
16	17	0.9500	0.5861	0.5393
16	18	1.0000	0.6629	0.4132
16	19	0.8001	0.6166	0.3347
17	18	1.0000	0.6239	0.5166
17	19	0.9995	0.6241	0.3636
17	20	0.5178	0.6428	0.4245
18	19	0.8931	0.5139	0.4569
18	20	0.8566	0.6362	0.3841
19	20	0.9494	0.5469	0.4611
19	21	0.8492	0.5930	0.4665
20	21	0.9996	0.5444	0.5195
20	22	0.9998	0.5691	0.4950
21	22	0.9496	0.5558	0.5469
21	23	0.9997	0.5529	0.4063
22	23	1.0000	0.6364	0.4110
22	24	0.9999	0.7941	0.3742
22	25	0.7221	0.5402	0.3819
23	24	0.9999	0.5318	0.5145
23	25	1.0000	0.5214	0.4471
23	26	0.8003	0.3810	0.4628
24	25	1.0000	0.6725	0.3809
24	26	0.9999	0.5909	0.4916
25	26	0.9989	0.4964	0.4948
25	27	1.0000	0.6780	0.4603
25	28	0.6026	0.6953	0.5007
26	27	0.9999	0.7719	0.4192
26	28	1.0000	0.7352	0.4744
27	28	1.0000	0.5088	0.5411
27	29	0.9982	0.3871	0.3079
28	29	0.9998	0.5654	0.3030
28	30	0.9998	0.6257	0.2238
29	30	0.9999	0.4864	0.4312
