0	1	0.7992	0.8471	0.1329
0	6	0.7985	0.7743	0.3350
0	7	0.7486	0.7524	0.6187
0	8	0.9490	0.5574	0.4895
0	9	0.9993	0.7281	0.3294
0	10	0.9496	0.7362	0.4090
0	14	0.7503	0.5973	0.6107
1	2	0.8998	0.8489	0.4446
1	3	0.7502	0.6209	0.2623
1	5	0.7995	0.4971	0.4647
1	6	0.9984	0.4882	0.5954
1	7	0.9991	0.6619	0.5353
1	8	0.8494	0.4051	0.4410
1	9	0.8997	0.5686	0.3216
1	10	0.5007	0.3791	0.3620
2	3	0.9492	0.9239	0.3535
2	4	0.5001	0.8743	0.6213
2	7	0.8414	0.4459	0.6134
2	8	0.8499	0.7160	0.2894
2	9	0.7500	0.6565	0.4507
3	4	0.6500	0.7773	0.4869
3	6	0.9977	0.7137	0.6341
3	7	0.7994	0.4791	0.6905
3	9	0.8503	0.4367	0.4521
4	5	0.6001	0.7483	0.3069
4	6	0.5480	0.5790	0.5719
5	6	0.9983	0.5883	0.4854
5	7	0.9489	0.5095	0.3679
5	8	0.5005	0.3078	0.3043
6	7	0.9990	0.6772	0.6031
6	8	0.8986	0.7359	0.5460
6	9	0.8003	0.4019	0.4044
7	8	0.9483	0.8636	0.2462
7	9	0.9994	0.6833	0.3479
8	9	0.9991	0.5495	0.2753
8	10	0.9991	0.6144	0.4864
8	14	0.9492	0.5691	0.5109
9	10	0.9998	0.6091	0.4599
9	11	0.8997	0.5856	0.3631
9	13	0.6187	0.5375	0.5954
9	14	0.9995	0.5228	0.4846
10	11	0.9992	0.8381	0.4423
10	12	0.9000	0.6792	0.6011
10	13	0.9995	0.6987	0.5885
10	14	0.9993	0.5695	0.6013
10	15	0.7996	0.6050	0.2318
10	17	0.5491	0.6708	0.5151
11	12	0.9995	0.6557	0.3473
11	13	0.9991	0.5285	0.5605
11	14	1.0000	0.4915	0.7053
11	15	0.9500	0.6552	0.6226
12	13	0.8996	0.7022	0.5648
12	14	0.9997	0.6313	0.5241
12	15	0.9996	0.1398	0.6355
13	14	1.0000	0.5189	0.4913
13	15	0.9988	0.4373	0.3362
14	15	0.9997	0.8579	0.3094
14	18	0.7007	0.3739	0.2880
14	19	0.5998	0.5269	0.4898
15	16	0.9971	0.9946	0.0421
15	17	0.5500	0.8702	0.6491
16	17	0.5005	0.3449	0.4078
16	18	0.5510	0.2497	0.3443
17	18	0.9997	0.5899	0.5494
17	19	0.8501	0.6640	0.3923
17	20	0.8000	0.7344	0.4205
18	19	0.9001	0.6780	0.3198
19	20	0.7003	0.5361	0.3900
