0	1	0.7972	0.5655	0.2165
0	3	0.5502	0.4463	0.4252
0	4	0.9998	0.6228	0.3402
1	2	0.9997	0.9856	0.2505
1	3	0.9996	0.6259	0.4780
1	4	0.9994	0.5069	0.6412
2	3	0.9999	0.8655	0.2004
2	4	1.0000	0.4906	0.9859
2	5	0.9984	0.5437	0.4806
3	4	1.0000	0.7400	0.4194
3	5	0.9998	0.3944	0.6525
3	7	1.0000	0.9291	0.2418
4	5	0.9497	0.9866	0.3589
4	6	0.9999	0.5811	0.5627
4	7	0.9999	0.6342	0.5387
5	6	0.9998	0.8191	0.2079
5	7	0.9999	0.5271	0.9943
6	7	1.0000	0.7012	0.4343
6	8	0.9996	0.1363	0.7318
6	10	1.0000	0.8580	0.2926
7	8	0.9980	0.9919	0.3755
7	9	1.0000	0.4937	0.5361
7	10	0.9997	0.6270	0.4911
8	9	1.0000	0.9105	0.1814
8	10	0.9999	0.6384	0.9917
9	10	1.0000	0.7152	0.3892
9	11	0.9998	0.2451	0.7351
9	12	0.9492	0.5967	0.5631
9	13	0.5612	0.7627	0.2713
10	11	0.9975	0.9832	0.4196
10	12	0.9989	0.5236	0.6746
10	13	1.0000	0.7556	0.5192
11	12	0.9999	0.7928	0.1356
11	13	0.8500	0.5046	0.8608
11	14	0.6176	0.6946	0.0976
12	13	0.9971	0.7206	0.4072
13	14	0.9985	0.9711	0.5882
13	15	0.9999	0.7234	0.5245
13	16	0.9498	0.9066	0.3255
14	15	1.0000	0.7884	0.3442
14	16	1.0000	0.8408	0.6127
15	16	1.0000	0.6997	0.4632
