0	1	0.9950	0.9374	0.5089
0	2	0.9993	0.5173	0.5999
0	3	0.7507	0.6721	0.4426
1	2	0.9966	0.7499	0.4895
1	3	0.9982	0.6218	0.6796
2	3	0.9999	0.7196	0.3575
3	4	0.9999	0.6665	0.5250
3	5	0.9997	0.6256	0.3893
4	5	1.0000	0.7427	0.5424
4	6	0.9488	0.6438	0.5514
4	7	0.7505	0.7525	0.5752
5	6	0.9971	0.7865	0.4263
5	7	0.9997	0.6364	0.5685
5	8	0.6503	0.6483	0.4773
6	7	0.9986	0.7769	0.3727
7	8	1.0000	0.6680	0.4747
7	10	0.8500	0.5468	0.4839
8	9	0.9969	0.9032	0.4951
8	10	0.9998	0.5796	0.5753
8	12	0.7002	0.4898	0.5312
9	10	0.9964	0.7248	0.5930
9	11	0.6997	0.5881	0.4339
9	12	0.7499	0.2511	0.6636
10	11	1.0000	0.6989	0.4545
10	12	0.9498	0.5797	0.5455
10	13	0.5022	0.6300	0.4524
10	14	0.7002	0.5515	0.4019
11	12	1.0000	0.5538	0.5577
11	13	0.9998	0.4722	0.5296
11	14	0.9996	0.5807	0.5101
12	13	0.9998	0.7605	0.5045
12	14	0.9998	0.6576	0.4691
13	14	0.9993	0.7557	0.1629
