0	1	0.9994	0.4556	0.3898
0	2	1.0000	0.5042	0.5070
0	3	1.0000	0.4334	0.5576
0	4	0.9970	0.8296	0.8259
0	5	1.0000	0.4222	0.6224
0	6	0.6927	0.3915	0.3328
0	18	0.6994	0.7496	0.7017
0	21	0.9993	0.6236	0.3442
0	22	0.9973	0.7384	0.8986
0	25	0.9999	0.7372	0.8324
1	2	1.0000	0.6064	0.4848
1	3	1.0000	0.4357	0.4192
1	5	0.9983	0.7393	0.6512
1	6	0.9994	0.9399	0.1794
1	18	0.7507	0.0031	0.2914
1	21	0.9995	0.2088	0.2521
1	25	0.9998	0.6407	0.4774
2	3	0.9996	0.9972	0.3698
2	5	0.9999	0.6230	0.6651
2	18	0.9997	0.9999	0.2106
2	21	0.9986	0.8184	0.2101
3	4	0.9970	0.9841	0.7051
3	5	0.9980	0.6142	0.1317
4	5	0.9995	0.4034	0.4016
4	18	1.0000	0.4433	0.9933
4	19	0.9520	0.2326	0.0035
5	6	1.0000	0.8627	0.2285
5	18	0.9998	0.0989	0.6077
5	19	0.9999	0.2752	0.0000
5	21	1.0000	0.4170	0.5059
6	7	0.9997	0.9619	0.0626
6	9	0.9994	0.9881	0.0890
6	20	0.9993	0.9162	0.6916
6	21	0.9999	0.3879	0.8635
6	22	0.9969	0.6399	0.2673
6	23	0.9988	0.4843	0.2878
6	24	0.9490	0.4849	0.3863
7	8	0.9986	0.9298	0.5362
7	9	0.9973	0.6753	0.5900
7	10	0.9994	0.9959	0.5182
7	11	0.9987	0.5876	0.6595
7	13	0.9982	0.8920	0.7119
7	15	0.9990	0.4231	0.8354
7	20	0.9979	0.2836	0.9443
7	21	0.9505	0.0011	0.9509
7	22	0.9994	0.0168	0.9760
7	23	0.9995	0.0130	0.4096
8	9	0.9996	0.6883	0.2274
8	10	0.9997	0.2696	0.5733
8	11	0.9475	0.5497	0.0094
8	22	0.7500	0.8658	0.9934
9	10	0.9986	0.6119	0.6501
9	11	0.9981	0.5291	0.6307
9	12	0.8997	0.9336	0.7133
9	13	0.9973	0.6048	0.6357
9	15	0.9974	0.6019	0.6575
9	17	0.9986	0.3916	0.7397
9	20	0.9997	0.5592	0.8853
9	23	0.5985	0.0496	0.3720
10	11	1.0000	0.6511	0.2436
10	12	0.9989	0.2639	0.7679
11	12	0.9986	0.7116	0.6727
11	13	1.0000	0.5887	0.5228
11	15	0.9999	0.7658	0.4251
11	17	0.9997	0.8523	0.4286
11	20	0.9986	0.8750	0.6935
12	13	0.9996	0.6463	0.2629
12	14	0.9987	0.2070	0.7101
12	15	0.9964	0.6866	0.0052
13	14	0.9996	0.7398	0.5520
13	15	0.9998	0.5635	0.3638
13	17	0.9998	0.6474	0.3061
13	20	1.0000	0.6557	0.4623
14	15	0.9997	0.6256	0.2111
14	16	0.9984	0.1221	0.7128
14	17	0.9965	0.7466	0.0017
15	16	0.9978	0.9943	0.5494
15	17	0.9998	0.5785	0.3994
15	18	0.9985	0.9985	0.4804
15	20	0.9999	0.6272	0.4273
16	17	1.0000	0.5447	0.4562
16	18	1.0000	0.0445	0.9511
16	19	1.0000	0.2818	0.5946
17	18	0.9980	0.9900	0.5713
17	19	0.9999	0.5909	0.5711
17	20	0.9999	0.5645	0.5330
17	21	0.9997	0.9996	0.8220
18	19	0.9983	0.6080	0.1476
18	20	1.0000	0.0219	0.8917
18	21	0.9987	0.1073	0.4739
19	20	0.9974	0.5095	0.1400
19	21	0.9999	0.0708	0.8400
20	21	0.9995	0.9124	0.7066
20	22	0.8999	0.7439	0.4609
20	23	0.5508	0.5945	0.2005
21	22	0.9967	0.7678	0.0294
21	23	0.9966	0.2691	0.2126
21	24	0.9992	0.7564	0.5208
22	23	0.9982	0.4642	0.4110
22	24	0.5504	0.1067	0.2756
23	24	0.9989	0.5102	0.5771
