0	2	0.7003	0.6930	0.6942
0	3	0.5001	0.3569	0.5444
1	2	0.6000	0.8105	0.3953
1	3	0.5025	0.7042	0.6569
1	5	0.5523	0.4039	0.3963
1	6	0.5501	0.7301	0.3624
2	3	0.7991	0.6028	0.5202
3	4	0.9995	0.7703	0.4182
3	5	0.9990	0.7385	0.5505
3	13	0.5204	0.6089	0.3625
4	5	0.9999	0.7086	0.4119
4	6	0.7001	0.7144	0.5060
5	6	1.0000	0.6737	0.3930
5	7	0.8993	0.8846	0.3739
5	8	0.5511	0.6398	0.4101
5	11	0.7995	0.6673	0.3317
6	7	0.9990	0.9242	0.2534
6	9	0.6999	0.7334	0.4777
6	10	0.9490	0.8366	0.3271
7	8	0.9992	0.5463	0.2982
7	9	0.9501	0.6219	0.6393
7	10	0.6527	0.5394	0.4533
8	9	0.9996	0.5876	0.4787
8	10	0.9997	0.6771	0.4524
9	10	0.9994	0.5643	0.5043
9	11	0.9995	0.6253	0.5707
9	13	0.5510	0.6143	0.6500
10	11	0.9999	0.6236	0.5389
10	13	0.9998	0.6921	0.4861
10	14	0.6512	0.7178	0.4852
11	12	0.9967	0.9563	0.7033
11	13	1.0000	0.7889	0.5146
11	14	1.0000	0.7979	0.5101
12	13	0.9984	0.5243	0.5822
12	14	0.9984	0.3024	0.5381
13	14	1.0000	0.5421	0.5765
