0	1	0.9996	0.4969	0.4405
0	2	0.7504	0.4608	0.5326
0	3	0.9993	0.5505	0.5326
0	7	0.9994	0.5480	0.4890
0	8	0.5547	0.5827	0.2313
0	10	0.9500	0.6358	0.4267
1	2	0.9499	0.6755	0.5210
1	3	0.8482	0.4846	0.5199
1	4	0.6999	0.4850	0.3763
1	5	0.5007	0.3311	0.3101
1	7	0.9996	0.7164	0.4649
1	8	0.5999	0.5592	0.3286
1	10	0.8497	0.5243	0.4711
2	3	0.8006	0.6143	0.4943
2	5	0.5034	0.5114	0.4232
2	6	0.5003	0.5629	0.7146
2	7	0.8992	0.5612	0.5168
2	10	0.6504	0.3963	0.3262
3	4	0.9991	0.4903	0.5858
3	5	0.8497	0.4028	0.5316
3	6	0.7998	0.4305	0.7351
3	7	0.9990	0.5528	0.5455
3	9	0.5007	0.4496	0.3752
3	10	0.7505	0.5668	0.4816
4	5	0.9992	0.8550	0.4788
4	6	0.7991	0.7477	0.6595
4	7	0.8990	0.4277	0.4725
5	6	0.7998	0.6863	0.5509
6	7	0.6499	0.8632	0.3387
7	8	0.8997	0.6928	0.3931
7	9	0.9980	0.6304	0.6853
7	10	0.8495	0.5812	0.6113
8	9	0.5497	0.5828	0.3945
9	10	0.8985	0.7637	0.3177
9	11	0.7995	0.5422	0.5331
10	11	0.7500	0.4154	0.3782
10	14	0.5003	0.3866	0.2599
11	12	0.8000	0.6797	0.4760
11	13	0.6999	0.8624	0.4912
11	14	0.9001	0.7868	0.4378
11	18	0.6495	0.6479	0.6459
11	21	0.5011	0.8878	0.4517
11	22	0.5000	0.7547	0.3326
12	13	0.9983	0.6249	0.5920
12	14	0.9501	0.5899	0.3764
12	16	0.5509	0.5779	0.5217
12	18	0.9986	0.4982	0.4873
12	19	0.7023	0.6323	0.5902
12	20	0.9995	0.2492	0.4755
12	22	0.5507	0.3211	0.8380
12	23	0.7003	0.4992	0.4984
13	14	0.9996	0.6279	0.2911
13	16	0.9491	0.4587	0.6283
13	17	0.5981	0.5500	0.4579
13	18	0.9494	0.7212	0.2951
13	20	0.9988	0.8273	0.3758
14	15	0.9970	0.9856	0.3942
14	16	0.9997	0.5550	0.4811
14	17	0.9989	0.5398	0.4479
14	18	0.9989	0.5326	0.4641
14	19	0.9491	0.7583	0.3843
14	20	0.9996	0.4962	0.5182
15	16	0.9485	0.4874	0.1576
15	18	0.7007	0.4726	0.5778
15	20	0.8003	0.6238	0.5023
16	17	0.9998	0.6344	0.5529
16	18	0.9993	0.5258	0.5275
16	19	0.9499	0.5122	0.5815
16	20	0.8500	0.4555	0.4168
17	18	0.9993	0.6608	0.6345
17	19	0.9997	0.6108	0.5647
17	20	0.9497	0.5916	0.3710
18	19	0.9996	0.6560	0.5225
18	20	0.9996	0.5307	0.4706
18	21	0.6503	0.5814	0.3330
18	22	0.5506	0.4640	0.3173
19	20	0.9998	0.5145	0.4504
19	21	0.5502	0.4541	0.2692
19	22	0.7990	0.6138	0.7411
19	23	0.7499	0.5642	0.6167
20	21	0.9966	0.8533	0.4127
20	22	0.7996	0.5303	0.7985
20	23	0.8501	0.6300	0.5511
21	22	0.7989	0.6849	0.4613
21	23	0.8003	0.5740	0.4920
22	23	0.6003	0.3669	0.6238
