0	1	0.9999	0.5099	0.4802
0	2	0.8491	0.4617	0.5380
0	3	0.9970	0.3783	0.4548
0	4	0.9989	0.5359	0.5376
0	5	0.9988	0.4685	0.5032
0	6	0.9975	0.3269	0.3948
0	8	0.9241	0.2803	0.5586
0	10	0.9979	0.2933	0.4255
1	2	0.9990	0.8934	0.7864
1	3	0.5510	0.8402	0.3066
1	5	0.9008	0.6363	0.4318
1	7	0.9974	0.9746	0.4944
1	8	0.9487	0.5094	0.7842
1	30	0.6991	0.4528	0.5120
2	7	0.7500	0.9062	0.4297
2	30	0.5002	0.9356	0.2808
3	4	0.5009	0.1030	0.0196
3	5	0.9488	0.2411	0.5951
3	8	0.8983	0.5118	0.9529
4	5	0.9986	0.4920	0.5420
4	6	0.9989	0.4749	0.4832
4	10	0.9985	0.0780	0.5022
5	6	0.9997	0.4328	0.4605
5	8	0.8454	0.7418	0.3831
5	10	0.9988	0.4786	0.6406
6	7	0.9990	0.9648	0.4400
6	8	0.9996	0.2262	0.3821
6	10	0.9997	0.4413	0.5203
6	30	0.9500	0.7187	0.4419
7	8	0.9989	0.8830	0.0349
7	10	1.0000	0.4872	0.2346
7	13	1.0000	0.9987	0.9867
7	16	0.8499	0.8911	0.7499
7	30	0.9998	0.7210	0.6976
8	9	0.9484	0.7572	0.5864
8	10	0.9998	0.6024	0.6150
8	30	0.9989	0.7594	0.9686
9	10	0.9998	0.0753	0.1060
9	30	0.9980	0.4179	0.9141
10	16	0.8499	0.9849	0.4418
10	30	0.9502	0.0701	0.8542
11	12	0.9997	0.8973	0.4569
11	13	0.9993	0.0698	0.1338
11	14	0.9998	0.5883	0.9346
11	15	0.9992	0.9363	0.5033
11	16	1.0000	0.0028	0.0069
11	19	0.9984	0.6393	0.9301
12	13	0.9975	0.6301	0.1421
12	15	0.9974	0.4537	0.1561
12	16	0.7040	0.0566	0.0000
12	19	0.9980	0.6131	0.8714
13	14	0.9989	0.9264	0.2799
13	15	0.9995	0.1692	0.7721
13	16	0.9999	0.4974	0.2418
13	19	1.0000	0.4671	0.6327
13	24	0.9999	0.3132	0.7959
13	26	0.9999	0.8189	0.4323
13	27	1.0000	0.3722	0.5170
13	28	1.0000	0.5461	0.9894
13	29	0.8001	0.8277	0.8904
14	16	0.8949	0.2752	0.6815
14	17	0.7008	0.6936	0.8879
14	19	1.0000	0.1380	0.4610
15	16	0.9994	0.9050	0.0390
16	19	0.9996	0.0005	0.6837
17	18	0.9998	0.2602	0.8825
17	19	0.9993	0.9562	0.2629
17	20	0.9978	0.5388	0.1677
18	19	0.9999	0.2708	0.1167
18	20	0.9997	0.7697	0.2648
18	21	0.5516	0.4261	0.8494
18	22	1.0000	0.9918	0.4067
18	25	0.9966	0.2410	0.0042
19	20	1.0000	0.4071	0.8432
19	23	0.9986	0.9962	0.9448
19	24	1.0000	0.5576	0.8963
19	25	1.0000	0.0434	0.0792
19	26	1.0000	0.1797	0.1066
19	27	0.9975	0.5734	0.1246
19	28	0.9999	0.2829	0.9970
20	21	1.0000	0.3333	0.8043
20	22	1.0000	0.3209	0.6617
20	23	0.9996	0.9860	0.2188
20	24	0.9997	0.9853	0.9338
21	22	0.9999	0.8094	0.6820
21	25	0.9980	0.3632	0.2523
23	24	0.9996	0.0142	0.8627
24	25	0.9996	0.8875	1.0000
24	26	0.9995	0.8312	0.7914
24	27	0.9983	0.2629	0.5166
24	28	0.6992	0.3757	0.1467
26	27	0.9995	0.9387	0.7688
26	28	0.9995	0.7157	0.5617
26	29	0.9997	0.5431	0.6631
27	28	0.7490	0.6928	0.3908
28	29	0.7994	0.7925	0.8638
