0	1	1.0000	0.7711	0.3291
0	2	0.9997	0.4771	0.5104
0	3	1.0000	0.8748	0.4360
0	4	0.9999	0.5729	0.4907
0	5	0.9499	0.9926	0.4585
0	6	0.9985	0.7333	0.6353
0	7	0.9999	0.4866	0.4782
0	12	0.8004	0.2440	0.7857
1	2	1.0000	0.6028	0.4261
1	4	0.9994	0.4768	0.4099
1	7	0.9999	0.3490	0.8682
1	8	0.7005	0.1649	0.4658
1	10	0.5006	0.2127	0.6942
1	12	0.8490	0.3683	0.3723
2	3	0.9996	0.8070	0.4053
2	4	1.0000	0.5797	0.4391
2	5	0.7498	0.9280	0.5267
2	6	0.7990	0.8812	0.6502
2	12	0.6501	0.2001	0.6946
3	4	0.9997	0.6333	0.4170
3	6	0.9001	0.3581	0.7070
3	7	0.6508	0.5723	0.2568
4	5	0.9994	0.9936	0.4055
4	6	0.9986	0.8376	0.6652
4	7	0.9982	0.4199	0.4930
4	9	0.8994	0.7078	0.6519
4	12	0.9976	0.4319	0.7526
5	6	0.9997	0.8168	0.1440
5	7	0.9999	0.3324	0.9190
5	9	0.9002	0.5496	0.5245
6	7	0.9994	0.7124	0.1381
6	9	0.8998	0.3969	0.7552
7	9	0.5506	0.5044	0.4593
7	10	0.6502	0.5699	0.3436
7	12	0.9492	0.4212	0.5290
8	9	0.6006	0.4545	0.5089
9	10	0.7998	0.4460	0.4216
9	11	0.7002	0.6430	0.3989
10	12	0.7997	0.5388	0.4747
11	12	0.5503	0.5719	0.1808
