0	1	0.9493	0.9784	0.0494
0	3	0.9993	0.5622	0.9672
0	4	0.9999	0.8131	0.6328
0	5	0.9994	0.9926	0.2871
0	6	0.9999	0.5653	0.9910
1	2	0.9989	0.9272	0.3479
1	4	0.9994	0.5885	0.7828
1	5	1.0000	0.4508	0.5540
1	6	0.9947	0.7159	0.5888
1	7	0.9996	0.5841	0.1118
1	16	1.0000	0.9142	0.3971
1	17	0.9994	0.6174	0.0482
1	18	1.0000	0.3538	0.8648
2	3	0.9991	0.9179	0.0310
2	4	0.9998	0.6276	0.7119
2	5	1.0000	0.3919	0.8957
2	7	0.9991	0.0998	0.5453
2	17	0.9500	0.0931	0.6190
2	18	1.0000	0.5757	0.4075
3	4	1.0000	0.5276	0.3794
3	5	0.9999	0.6687	0.6167
4	5	1.0000	0.4898	0.4265
4	6	1.0000	0.0046	0.6575
4	18	1.0000	1.0000	0.8987
5	6	0.9944	0.8653	0.6196
5	7	0.9501	0.6802	0.0586
5	18	1.0000	0.2455	0.9297
6	7	0.9986	0.6181	0.0557
6	8	0.9998	0.0703	0.9961
6	9	0.9964	0.1783	0.2576
6	12	0.9983	0.3106	0.9986
6	16	0.9997	0.3967	0.4748
6	17	0.9482	0.8015	0.0027
7	8	0.9993	0.6902	0.1302
7	11	0.9981	0.0382	0.2681
7	12	0.9977	0.6704	0.6451
7	13	0.9495	0.9974	0.0463
7	14	0.9998	0.9901	0.3336
7	15	0.9992	0.9674	0.5849
7	16	0.9984	0.2134	0.4751
7	17	0.9994	0.5558	0.5160
7	18	0.9999	0.3824	0.5169
8	9	0.9994	0.9908	0.3721
8	10	0.9985	0.6789	0.5066
8	11	1.0000	0.4431	0.3986
8	12	1.0000	0.3800	0.5552
8	13	0.9969	0.9802	0.6136
8	14	0.9988	0.8304	0.5074
8	15	0.9998	0.3095	0.4660
8	16	0.9983	0.7429	0.3129
8	17	1.0000	0.1790	0.5464
8	18	1.0000	0.0074	0.4795
9	10	0.9940	0.4859	0.0969
9	16	0.9997	0.5774	0.4271
10	11	0.9999	1.0000	0.1640
10	12	0.9995	0.9214	0.8984
10	16	0.9997	0.6376	0.6024
10	17	0.9997	0.9996	0.0947
11	12	0.9962	0.7738	0.0294
11	16	0.8505	0.0920	0.7116
11	17	0.9988	0.3055	0.0677
11	18	0.9999	0.6845	0.7794
12	13	0.9997	0.9808	0.3076
12	14	0.9985	0.6112	0.5776
12	15	0.9996	0.5916	0.5439
12	16	1.0000	0.8849	0.1514
12	17	1.0000	0.5557	0.4051
12	18	0.9995	0.0438	0.7531
13	14	0.9994	0.7729	0.7279
13	15	1.0000	0.4846	0.6704
14	15	0.9990	0.3706	0.3555
14	17	1.0000	0.8020	0.9051
15	16	0.9983	0.9738	0.0284
15	17	0.9995	0.6256	0.5574
16	17	0.9998	0.4818	0.1557
17	18	0.9998	0.4933	0.3941
