0	1	0.9997	0.6970	0.5290
0	2	1.0000	0.6623	0.9564
0	3	0.9999	0.6628	0.4075
0	4	0.6465	0.4486	0.4981
0	5	0.5503	0.4690	0.2905
1	2	0.9490	0.5094	0.6283
1	3	1.0000	0.6468	0.4056
1	4	0.9992	0.6941	0.4071
2	3	0.9997	0.8492	0.4308
2	4	0.9496	0.8229	0.4984
3	4	0.9995	0.7261	0.3955
3	5	0.9492	0.3233	0.5409
4	5	0.5489	0.5716	0.2836
5	6	0.9499	0.7472	0.3232
5	45	0.8996	0.3977	0.6037
6	41	0.8988	0.5431	0.8532
6	43	0.5492	0.3486	0.4820
6	45	0.5999	0.3907	0.4139
7	8	0.9970	0.9179	0.6913
7	9	0.9990	0.6798	0.5967
7	10	0.9998	0.5952	0.6681
7	11	0.9982	0.6185	0.3499
7	12	0.9486	0.3800	0.4713
7	13	0.9488	0.7266	0.4386
7	14	0.9479	0.4167	0.1569
7	26	0.5003	0.6520	0.6617
7	31	0.5992	0.4136	0.5350
7	36	0.7506	0.5277	0.8640
7	37	0.9992	0.2749	0.5178
7	41	0.9993	0.1526	0.4805
7	43	0.9998	0.0943	0.4164
7	45	0.9997	0.1744	0.7492
7	46	0.7999	0.3024	0.6068
8	9	0.6998	0.6059	0.5050
8	10	0.5303	0.5436	0.4988
8	36	0.5998	0.4453	0.8153
8	45	0.5001	0.2629	0.7657
9	10	0.9472	0.7237	0.2881
9	12	0.7001	0.8741	0.5748
9	36	0.7505	0.7068	0.7499
10	11	0.9993	0.8455	0.2956
10	12	0.9999	0.2982	0.7554
10	13	0.9986	0.9471	0.5356
10	14	0.9983	0.8809	0.0543
10	31	0.6496	0.6812	0.2941
10	37	0.9986	0.5164	0.3217
10	41	0.9979	0.8247	0.2914
10	43	0.9995	0.4034	0.3553
10	45	0.9498	0.4713	0.4131
10	46	0.8499	0.4765	0.4953
10	49	0.5006	0.5940	0.3947
11	12	0.9482	0.9543	0.3049
11	13	0.9996	0.2861	0.7377
11	14	0.9992	0.5819	0.5438
11	15	0.9991	0.8268	0.7056
11	16	0.7995	0.5533	0.6630
11	17	0.6997	0.9200	0.4960
11	41	0.8001	0.5072	0.5021
11	42	0.8005	0.9082	0.5845
11	43	0.5014	0.4238	0.2802
12	13	0.8998	0.8322	0.3255
12	14	0.9991	0.3363	0.4597
12	36	0.6503	0.5126	0.4898
12	37	0.6998	0.2242	0.7912
12	43	0.8000	0.3421	0.6834
12	44	0.8023	0.3917	0.6149
12	45	0.9496	0.5529	0.4509
13	14	0.9471	0.6224	0.0229
13	45	0.9002	0.4948	0.6073
14	15	0.9990	0.8891	0.5426
14	16	0.9997	0.6357	0.5190
14	17	0.9478	0.9895	0.4119
15	16	0.9999	0.5841	0.3724
15	17	0.9998	0.5349	0.8165
15	19	0.7499	0.3955	0.3534
15	42	0.5996	0.8620	0.5837
16	17	0.9987	0.9780	0.4348
16	18	0.9989	0.6523	0.5803
16	19	0.6502	0.7927	0.3065
17	18	0.9993	0.3390	0.6163
18	19	0.9990	0.9889	0.2884
18	21	0.7002	0.4867	0.4184
19	20	0.8498	0.6846	0.5532
19	21	0.9994	0.3771	0.7625
19	23	0.6510	0.3152	0.5237
20	21	0.8995	0.8065	0.1067
20	23	0.6500	0.6347	0.6677
21	22	0.9998	0.9332	0.4232
21	23	0.9484	0.5880	0.6748
21	24	0.9495	0.5158	0.4296
21	26	0.6502	0.4832	0.4688
21	31	0.9991	0.6239	0.4864
22	23	0.9996	0.5740	0.6445
22	24	0.6533	0.0785	0.9103
22	31	0.7503	0.1451	0.7967
23	24	0.9486	0.4447	0.2447
23	31	0.9492	0.7851	0.3332
24	26	0.9492	0.5988	0.5903
24	30	0.9503	0.3768	0.8607
24	31	0.9989	0.5144	0.4929
25	28	0.6497	0.4657	0.2005
25	44	0.6006	0.2957	0.4265
26	27	0.9994	0.8843	0.3557
26	28	0.9996	0.7157	0.3202
26	30	0.9494	0.7338	0.8539
26	31	0.9996	0.7295	0.5389
26	32	0.8501	0.7592	0.5794
26	33	0.9501	0.5955	0.5099
26	36	0.6504	0.7687	0.6542
26	37	0.7204	0.5287	0.3991
26	43	0.8001	0.4555	0.4029
26	45	0.9498	0.7037	0.6330
26	46	0.5007	0.5016	0.7009
27	28	0.8488	0.8891	0.2317
27	29	0.5009	0.8018	0.4119
27	31	0.5005	0.1294	0.8731
27	33	0.8501	0.4870	0.3788
27	45	0.5616	0.4936	0.3033
28	29	0.9498	0.5611	0.4906
28	30	0.8501	0.5025	0.4693
28	32	0.9005	0.2837	0.8879
28	33	0.9001	0.5409	0.5634
28	34	0.9995	0.6326	0.7857
28	35	0.7504	0.4570	0.4729
28	36	0.6008	0.5478	0.3776
29	30	0.5007	0.5636	0.4836
29	33	0.8009	0.4332	0.7071
30	31	0.9485	0.9469	0.4560
30	33	0.9499	0.7817	0.6092
31	32	0.5504	0.8372	0.5606
31	33	0.6502	0.5908	0.4977
32	33	0.7989	0.8354	0.1860
33	34	0.9997	0.7923	0.6195
33	35	0.7005	0.7088	0.4487
33	36	0.9498	0.4867	0.5267
34	35	0.9999	0.6711	0.5800
34	36	0.6007	0.7242	0.4885
35	36	0.9498	0.6730	0.4399
36	37	0.9990	0.7897	0.1950
36	39	0.5011	0.4867	0.4012
36	40	0.5501	0.8683	0.6261
37	38	0.9999	0.9179	0.2147
37	39	0.9986	0.7916	0.5309
37	40	0.8001	0.3538	0.5040
37	42	0.9990	0.9857	0.5929
37	43	0.7001	0.3038	0.2494
37	45	0.9493	0.4862	0.3965
38	39	0.8993	0.2766	0.1294
38	42	0.9994	0.0915	0.2024
39	40	0.7502	0.7493	0.3778
39	41	0.9996	0.5305	0.6857
39	42	0.9997	0.6593	0.3684
39	43	0.6500	0.4326	0.1919
40	41	0.9964	0.5617	0.0217
40	42	0.8498	0.5997	0.8628
41	42	0.9998	0.5587	0.6772
41	45	0.7998	0.6748	0.2505
42	43	0.8989	0.5617	0.1151
43	44	0.9498	0.8003	0.5362
43	45	0.9492	0.7243	0.4326
43	47	0.5008	0.5744	0.2830
44	45	0.8002	0.8682	0.2920
44	46	0.5510	0.6034	0.5401
44	48	0.5004	0.7809	0.3907
45	46	0.9999	0.7635	0.5727
45	47	1.0000	0.7786	0.4773
45	48	0.5005	0.5831	0.3647
45	49	0.6517	0.7521	0.4910
46	47	0.9499	0.7351	0.5130
46	48	0.8249	0.5788	0.5182
46	49	0.6006	0.4529	0.5506
46	50	0.5007	0.4169	0.5508
47	48	0.8998	0.6359	0.3751
47	49	0.8502	0.6842	0.6315
47	50	0.6502	0.5849	0.3858
48	49	0.9501	0.6427	0.6058
48	50	0.9501	0.6455	0.6394
49	50	0.9501	0.6314	0.6624
51	52	0.9980	0.9581	0.6398
51	53	0.9992	0.7201	0.6228
51	54	0.9978	0.8259	0.7534
51	55	0.9978	0.7066	0.6539
51	56	0.9997	0.5394	0.4705
51	57	0.9487	0.5970	0.7234
51	58	0.9490	0.3658	0.2667
52	53	0.9001	0.6218	0.5098
52	54	0.5528	0.4694	0.3412
52	55	0.7002	0.5988	0.4375
52	56	0.9476	0.7551	0.4165
52	57	0.5272	0.4241	0.4687
53	54	0.9977	0.8883	0.5543
53	55	0.9994	0.5686	0.5729
53	56	0.9498	0.5705	0.5250
53	57	0.9983	0.5537	0.5725
53	58	0.8534	0.5056	0.2456
54	55	0.9989	0.6117	0.3565
54	56	0.9995	0.6530	0.7425
54	57	0.8998	0.5048	0.3287
54	58	0.9486	0.6096	0.5235
55	56	0.9994	0.5915	0.5287
55	57	0.9990	0.5033	0.6230
55	58	0.8993	0.6479	0.3485
56	57	0.9995	0.4866	0.5116
56	58	0.9994	0.5917	0.3114
57	58	0.9992	0.5750	0.3089
