0	1	0.9995	0.8937	0.2814
0	3	0.9992	0.5539	0.7151
0	6	0.6502	0.5047	0.4469
0	7	0.6003	0.2782	0.6364
1	2	1.0000	0.9107	0.2444
1	3	0.9564	0.5942	0.6039
1	4	0.5505	0.5187	0.6256
1	5	0.6506	0.5129	0.4589
1	6	0.8496	0.4872	0.4346
1	7	0.9999	0.5061	0.4690
2	3	0.9996	0.5700	0.3658
2	4	0.5018	0.5007	0.5956
2	7	0.6003	0.4632	0.2242
3	4	0.9996	0.6767	0.6487
3	5	1.0000	0.6690	0.5673
3	6	0.7496	0.3909	0.4945
3	7	1.0000	0.5794	0.4299
4	5	0.9500	0.8083	0.5833
4	6	0.9989	0.7999	0.5964
4	7	1.0000	0.6279	0.6177
5	6	1.0000	0.7006	0.3479
5	7	1.0000	0.5830	0.7268
6	7	0.9994	0.7509	0.3745
