0	1	0.9986	0.8765	0.4977
0	2	0.6003	0.6691	0.5078
0	3	0.5999	0.4801	0.4401
0	4	0.5005	0.1041	0.8742
0	6	0.7013	0.4164	0.3470
0	15	0.8498	0.4151	0.5049
0	16	0.9993	0.6513	0.2466
1	2	0.9973	0.8635	0.8109
1	3	0.7989	0.9128	0.3946
2	3	0.6007	0.9777	0.1737
2	16	0.6009	0.6017	0.2710
3	4	0.9963	0.8038	0.6757
3	5	0.8680	0.4684	0.3183
3	15	0.8488	0.6123	0.8856
3	16	0.6007	0.3731	0.6799
4	5	0.9962	0.9658	0.0973
4	6	0.9993	0.6618	0.7924
4	7	0.5504	0.6720	0.5292
4	15	0.9492	0.8284	0.8677
4	16	0.9979	0.6010	0.2783
5	6	0.9998	0.5578	0.4727
5	7	0.9996	0.5608	0.4762
5	8	0.9999	0.5845	0.6694
5	9	0.9982	0.4653	0.2969
5	10	0.8502	0.6191	0.7002
5	11	0.6515	0.3711	0.2443
5	12	0.6003	0.6000	0.4949
5	14	0.8503	0.5211	0.8749
5	15	0.9997	0.4659	0.5367
5	16	0.9998	0.5240	0.3642
6	7	1.0000	0.5888	0.5446
6	8	0.9995	0.5732	0.6703
6	9	0.9498	0.6098	0.3446
6	10	0.5509	0.3812	0.5294
6	12	0.5498	0.3589	0.7909
6	14	0.7500	0.2381	0.8925
6	15	0.9999	0.5527	0.6059
6	16	0.9998	0.4321	0.3387
7	8	0.9999	0.5675	0.6196
7	9	0.9995	0.4604	0.3575
7	10	0.7005	0.5362	0.5448
7	15	0.9997	0.3412	0.4673
7	16	0.9990	0.3939	0.3390
8	9	0.9996	0.6167	0.5244
8	10	0.9988	0.6687	0.6878
8	11	0.9995	0.6082	0.3787
8	12	0.6001	0.5780	0.5257
8	15	0.8497	0.4916	0.4755
8	16	0.7019	0.5350	0.3353
9	10	0.9999	0.6370	0.5507
9	11	0.9492	0.4851	0.2886
9	12	0.7999	0.4977	0.3280
10	11	0.9998	0.5220	0.3634
10	12	0.9997	0.7385	0.4752
10	13	0.9992	0.5958	0.6064
10	14	0.9996	0.7972	0.4288
10	15	0.5524	0.6383	0.4454
11	12	0.9984	0.3840	0.3538
11	13	0.9972	0.3405	0.5427
11	14	0.9995	0.1919	0.3718
11	15	0.6993	0.5236	0.2524
12	13	0.9979	0.3940	0.4426
12	14	0.9992	0.4436	0.4273
12	16	0.7018	0.7035	0.5139
13	14	0.9498	0.5661	0.3395
14	15	0.8505	0.7969	0.3992
14	16	0.9996	0.8945	0.5152
15	16	0.9999	0.6200	0.4549
