0	1	0.9990	0.7728	0.3160
0	2	0.9996	0.7910	0.7299
0	3	0.9999	0.8514	0.5248
0	4	0.9003	0.8887	0.5236
0	5	0.9984	0.9473	0.4110
0	6	0.8501	0.7496	0.5866
1	2	0.9999	0.5384	0.5058
1	3	0.9989	0.4667	0.5673
1	4	0.9981	0.6163	0.3431
1	5	0.6987	0.2871	0.4048
1	6	0.8478	0.4380	0.7011
1	9	0.6501	0.3717	0.4080
2	3	0.9996	0.5331	0.5146
2	4	0.9999	0.4778	0.4413
2	5	0.9999	0.7197	0.4016
2	6	0.9980	0.5576	0.6253
2	9	0.5506	0.7436	0.5217
3	4	0.9994	0.8302	0.4661
3	5	0.9971	0.2488	0.3773
3	6	0.9989	0.4791	0.5681
3	9	0.5514	0.7152	0.5772
4	5	0.9994	0.8392	0.3133
4	6	0.9989	0.3638	0.2952
4	8	0.9997	0.6227	0.7430
4	9	0.9497	0.7352	0.4761
5	6	0.9969	0.3365	0.4398
5	9	0.5257	0.1842	0.5460
7	8	0.7501	0.8687	0.3904
7	9	0.9484	0.6019	0.3534
8	9	0.9978	0.8664	0.2178
8	10	0.5010	0.4337	0.5714
8	11	0.5519	0.4019	0.2945
9	10	0.9994	0.5382	0.7422
9	11	0.5025	0.5330	0.2861
9	15	0.7487	0.8398	0.4307
10	11	0.7001	0.8956	0.2632
10	13	0.5513	0.3427	0.1866
11	12	0.9484	0.7731	0.5181
11	13	0.8499	0.5301	0.4312
11	14	0.9999	0.6718	0.5546
12	13	0.6010	0.4761	0.4560
13	14	1.0000	0.6261	0.6533
13	20	0.8501	0.5316	0.5190
13	21	0.9500	0.5741	0.4950
13	22	0.9999	0.6404	0.5312
13	24	0.8003	0.4270	0.4262
13	26	0.5012	0.4510	0.3877
14	20	1.0000	0.6664	0.5972
14	21	0.9991	0.6631	0.2645
14	22	0.9992	0.6657	0.5150
14	24	0.7522	0.7767	0.3472
15	16	0.7994	0.8037	0.7426
15	17	0.7500	0.5795	0.7664
15	18	0.9990	0.5491	0.4933
15	19	0.9970	0.6858	0.8611
16	18	0.9988	0.5350	0.2766
17	18	0.9983	0.5824	0.1606
17	19	0.6001	0.6562	0.5926
18	19	0.9984	0.4896	0.5838
18	20	0.6009	0.1571	0.1327
19	20	0.9994	0.9598	0.0307
20	21	1.0000	0.9198	0.2088
20	22	1.0000	0.8245	0.3030
20	24	0.9989	0.5652	0.2423
21	22	1.0000	0.6700	0.4452
21	24	0.5024	0.4782	0.3645
22	23	0.9479	0.9117	0.3170
22	24	0.8504	0.6136	0.4567
22	26	0.7520	0.8321	0.5531
23	24	0.9495	0.5332	0.6777
24	25	0.9949	0.9729	0.5923
24	26	0.9498	0.7648	0.6134
25	26	0.8995	0.4480	0.4187
