0	1	0.9996	0.8740	0.1422
0	3	0.6010	0.4444	0.5229
0	4	0.6509	0.7138	0.0802
0	10	0.7218	0.7857	0.3061
0	15	0.7494	0.7548	0.0863
0	32	0.5002	0.4736	0.6448
0	33	0.6002	0.6961	0.5006
0	34	0.5013	0.6125	0.2269
0	37	0.8497	0.7375	0.8241
0	38	0.8499	0.4995	0.7814
1	2	0.9491	0.9538	0.4356
1	3	0.8491	0.6157	0.6073
1	4	0.6215	0.3437	0.4704
1	9	0.8989	0.4045	0.6205
1	10	0.9982	0.6423	0.6387
1	11	0.6496	0.7925	0.5334
1	12	0.7997	0.4315	0.4744
1	14	0.8000	0.0191	0.8703
1	15	0.9987	0.5908	0.5456
1	16	0.9500	0.7039	0.3063
1	37	0.8989	0.3958	0.6583
2	3	0.9964	0.9706	0.1840
2	4	0.8998	0.5605	0.5125
2	9	0.9982	0.5587	0.7404
2	15	0.7994	0.3580	0.8087
3	4	0.9986	0.8518	0.2647
3	9	0.6997	0.7216	0.4819
4	5	0.7505	0.7574	0.2681
4	9	0.8988	0.4950	0.5257
4	10	0.7987	0.6054	0.5582
5	6	0.9497	0.5783	0.6304
5	7	0.8998	0.7149	0.5755
5	8	0.9997	0.5219	0.6873
5	9	0.8992	0.4284	0.4560
6	7	0.9998	0.6544	0.5576
6	8	0.9495	0.6243	0.4617
7	8	0.9994	0.7610	0.2327
8	9	0.7998	0.7886	0.3408
8	11	0.5008	0.5406	0.2733
9	10	0.9990	0.6336	0.5392
9	11	0.8485	0.5528	0.5000
9	12	0.8998	0.3716	0.4149
9	14	0.7973	0.1042	0.6752
9	15	0.5503	0.6431	0.3581
9	16	0.7490	0.6647	0.3191
10	11	0.9496	0.9239	0.4979
10	12	0.9501	0.8233	0.3684
10	14	0.8493	0.7041	0.8820
10	15	0.5498	0.6149	0.4722
10	16	0.7006	0.8553	0.4525
11	12	0.9985	0.8189	0.2117
11	15	0.9987	0.5701	0.7812
11	16	0.5013	0.6476	0.3188
12	13	0.8992	0.8433	0.6061
12	14	0.8995	0.7849	0.2289
12	15	0.9992	0.5556	0.5102
12	16	0.9001	0.4464	0.5148
12	17	0.9990	0.4860	0.2623
12	18	0.7500	0.3641	0.5920
12	33	0.7495	0.3044	0.5164
12	34	0.6006	0.2515	0.5982
12	35	0.5003	0.1896	0.8581
12	37	0.9501	0.7318	0.8418
13	15	0.8999	0.3633	0.1222
14	15	0.9475	0.8134	0.0417
15	16	0.9997	0.7123	0.2907
15	17	0.7494	0.5354	0.3700
15	18	0.8999	0.5761	0.3674
15	32	0.5997	0.5683	0.7856
15	35	0.7000	0.9436	0.6158
15	37	0.9495	0.7402	0.5785
15	38	0.6000	0.6851	0.7344
16	17	0.9993	0.3643	0.4358
16	18	0.9985	0.3826	0.1718
16	19	0.6506	0.3456	0.2658
16	32	0.9500	0.4258	0.8021
16	33	0.8992	0.3943	0.8085
16	34	0.9987	0.3484	0.2692
16	36	0.6707	0.6026	0.4983
16	37	0.9992	0.5654	0.3349
16	38	0.7499	0.4314	0.6879
17	18	0.9998	0.4976	0.4520
17	19	0.8987	0.6096	0.1947
17	26	0.5008	0.6397	0.7814
17	28	0.9988	0.5070	0.2781
17	32	0.9993	0.5294	0.7631
17	33	0.9980	0.6354	0.6189
17	34	0.8490	0.5439	0.4778
17	35	0.8001	0.9158	0.3930
17	37	0.9998	0.6104	0.5283
17	38	0.7496	0.6665	0.4289
18	19	0.9490	0.7139	0.1488
18	26	0.7007	0.8147	0.9170
18	27	0.9981	0.3361	0.4254
18	28	0.9485	0.3783	0.4178
18	32	0.9488	0.6601	0.7970
18	33	0.9994	0.4823	0.8200
18	34	0.9990	0.2672	0.2558
18	37	0.9993	0.4312	0.3881
19	20	0.9497	0.9848	0.1668
19	26	1.0000	0.7093	0.9094
19	32	0.5001	0.4552	0.4055
19	33	0.7998	0.2913	0.4857
20	21	0.8001	0.8101	0.4861
20	22	0.9002	0.8108	0.4636
20	26	0.9999	0.8727	0.1198
21	22	1.0000	0.8173	0.7351
21	24	0.8004	0.8946	0.7025
21	26	1.0000	0.8696	0.1874
22	23	0.8997	0.9125	0.3267
22	24	1.0000	0.8982	0.7336
22	25	0.9999	0.9079	0.5520
22	26	0.9993	0.6906	0.1874
23	24	0.9998	0.7553	0.8439
23	26	0.8999	0.6566	0.6669
24	25	0.9979	0.9210	0.5444
24	26	0.9987	0.5056	0.2606
25	26	0.9997	0.9421	0.1708
26	27	0.9497	0.9964	0.1677
27	28	0.9502	0.5717	0.4548
27	37	0.8495	0.8529	0.2746
28	29	0.7500	0.9811	0.3242
28	33	0.7502	0.5768	0.7661
28	34	0.8986	0.4846	0.4218
28	37	0.9997	0.5324	0.2932
29	30	0.8996	0.6851	0.2109
29	32	0.9998	0.5563	0.3993
29	33	0.7004	0.2587	0.7817
30	31	0.6992	0.5312	0.3615
30	32	0.7498	0.5061	0.5379
31	32	0.9482	0.3825	0.4284
32	33	0.9978	0.8936	0.3255
32	34	0.6992	0.6006	0.4086
32	37	0.9487	0.9476	0.3089
33	37	0.9982	0.7076	0.2654
34	35	0.9979	0.9695	0.3610
34	36	0.5007	0.2329	0.5525
34	37	0.9993	0.5583	0.5275
34	38	0.5512	0.6398	0.3265
35	36	0.8482	0.8187	0.4863
35	37	0.9982	0.4909	0.4379
36	37	0.9962	0.7921	0.2299
37	38	0.9481	0.8966	0.2848
