0	1	0.9986	0.9525	0.2086
0	2	0.9984	0.0689	0.9871
1	2	0.9999	0.6017	0.2292
1	3	1.0000	0.4605	0.8732
1	4	0.9978	0.4859	0.0028
1	12	0.9505	0.0220	0.9909
1	21	0.9952	0.8915	0.2962
1	22	0.9983	0.2279	0.3247
1	23	0.9975	0.2929	0.2291
2	3	0.9999	0.5217	0.4884
2	4	0.9991	0.0265	0.2717
2	12	0.9950	0.9793	1.0000
2	21	0.9996	0.0073	0.9092
2	22	0.9995	0.5610	0.2862
2	23	0.6511	0.2546	0.1703
3	4	0.9961	0.9522	0.4868
3	12	0.8995	0.0029	0.9827
3	13	0.9981	0.0703	0.5888
3	20	0.9974	0.6628	0.5440
3	21	0.9999	0.9154	0.9939
3	22	1.0000	0.7697	0.3355
3	23	0.9989	0.9963	0.4522
4	20	0.9950	0.8593	0.0283
4	21	1.0000	0.6321	0.9916
4	22	0.9998	0.7746	0.8059
4	23	0.9997	0.4016	0.4566
5	7	0.9993	0.5216	0.1968
5	13	0.9995	0.2470	0.9247
5	14	0.8489	0.4097	0.1025
5	20	0.8981	0.4353	0.3758
6	7	0.7511	0.8706	0.1278
6	10	0.5467	0.6427	0.4634
6	13	0.9487	0.0988	0.5172
6	14	0.9977	0.4243	0.1199
6	16	0.9491	0.7334	0.0938
7	8	0.6485	0.9656	0.0561
7	10	0.9983	0.9992	0.7795
7	15	0.9999	0.7991	0.6026
7	16	1.0000	0.7994	0.1194
7	26	0.9993	0.9746	0.2066
8	9	0.9978	0.6339	0.1881
8	10	0.9986	0.5582	0.5772
8	16	0.6523	0.5335	0.8879
8	18	1.0000	0.0428	0.0208
8	26	1.0000	0.4824	0.6306
8	27	0.9999	0.9833	0.0869
8	29	0.9998	0.9221	0.8328
9	10	0.9982	0.8484	0.0417
9	16	0.8993	0.9093	0.8112
9	27	1.0000	0.0075	0.7695
9	29	0.9976	0.3107	0.0238
10	11	0.9970	0.4668	0.2665
10	14	0.9976	0.8666	0.6620
10	15	0.9997	0.9679	0.0889
10	16	0.9995	0.5260	0.5308
10	26	0.9998	0.4956	0.4124
10	27	0.5496	0.0066	0.3424
10	29	1.0000	0.0000	0.5456
11	12	0.9998	0.9035	0.0479
11	14	0.9991	0.5791	0.2943
11	16	0.9981	0.6201	0.4737
12	13	0.9970	0.8270	0.2162
12	14	0.9972	0.3405	0.0227
13	14	0.9947	0.6174	0.0000
14	15	0.9985	0.8959	0.4260
14	16	0.9999	0.5237	0.1997
15	16	0.9985	0.4260	0.1772
16	17	0.9985	0.9968	0.1824
16	19	0.9989	0.8626	0.6411
16	24	1.0000	0.8550	0.0517
16	26	0.9946	0.7701	0.5550
16	27	0.9989	0.9963	0.7481
16	28	0.9996	0.9334	0.3047
16	29	0.9992	0.9993	0.0875
17	18	0.9975	0.9931	0.7550
17	19	0.9992	0.5030	0.1949
17	24	0.9977	0.3075	0.1541
17	26	1.0000	0.6606	0.8696
17	27	0.9987	0.4155	0.2338
17	29	0.8010	0.4146	0.9215
18	19	0.9981	0.9263	0.0010
18	26	0.9995	0.4732	0.2914
19	23	0.9997	0.9697	1.0000
19	24	0.9997	0.5482	0.4881
19	25	0.9965	0.4985	0.1315
19	26	0.9998	0.4238	0.5142
19	27	0.6998	0.8820	0.2765
20	22	0.9970	0.2772	0.2652
21	22	1.0000	1.0000	0.2488
22	23	0.9994	0.9608	0.0494
23	24	0.8494	0.9985	0.4117
24	25	0.9972	0.9597	0.4500
26	27	0.9998	0.9955	0.0384
26	29	0.9988	0.9986	0.8649
27	28	0.7489	0.9389	0.7335
27	29	0.9992	0.4305	0.4116
