0	1	0.9998	0.8302	0.4540
0	4	0.9495	0.5650	0.3924
0	5	0.6006	0.3973	0.3575
1	2	0.9497	0.8291	0.4060
1	4	0.9994	0.7823	0.2326
1	5	0.9990	0.6913	0.5202
1	6	0.7016	0.8013	0.3920
1	7	0.9985	0.5836	0.4192
2	3	0.7991	0.8446	0.4083
2	4	0.8989	0.7983	0.4782
2	5	0.7007	0.6523	0.3832
2	6	0.6999	0.7162	0.5775
3	4	0.9976	0.5812	0.4658
3	5	0.9987	0.7912	0.1654
4	5	0.9995	0.4673	0.4108
4	6	0.9480	0.4734	0.5545
4	7	0.9990	0.5935	0.5484
5	6	0.9994	0.5382	0.5623
5	7	0.9981	0.4798	0.5763
5	8	0.7505	0.4759	0.3238
5	9	0.6997	0.6469	0.4085
5	10	0.5003	0.5018	0.4243
5	11	0.5502	0.6803	0.4319
5	12	0.6505	0.5635	0.4330
6	7	0.9995	0.5783	0.5409
6	8	0.6507	0.5631	0.4944
6	9	0.8499	0.3646	0.5130
6	10	0.8495	0.4642	0.5588
6	12	0.7506	0.4509	0.5200
7	8	0.9005	0.7338	0.4525
7	9	0.9490	0.4396	0.4693
8	9	0.8996	0.9399	0.6538
8	15	0.6502	0.5044	0.3694
8	17	0.7022	0.7141	0.5733
9	10	0.9960	0.9327	0.3955
9	11	0.6003	0.5597	0.3804
9	12	0.9001	0.7925	0.4371
9	14	0.8000	0.5949	0.4353
9	15	0.6002	0.6899	0.5893
10	11	0.8493	0.3542	0.4867
10	12	0.7988	0.6636	0.4549
11	12	0.8502	0.6178	0.3785
11	15	0.5506	0.4023	0.4818
12	13	0.8986	0.5958	0.6557
12	14	0.9499	0.5395	0.5075
12	15	0.9495	0.6590	0.4734
12	16	0.8507	0.6435	0.6721
12	17	0.9998	0.6467	0.3434
13	14	0.8990	0.7198	0.4826
13	15	0.8996	0.5259	0.5903
13	17	0.6504	0.5757	0.4866
14	15	0.9981	0.7683	0.4134
14	16	0.9007	0.6553	0.5811
14	17	0.9996	0.7249	0.2917
15	16	0.9996	0.4859	0.5037
15	17	0.9994	0.5072	0.5488
16	17	0.9997	0.5645	0.5301
