0	1	1.0000	0.5531	0.5891
0	2	0.9997	0.3409	0.9696
0	3	0.8513	0.4130	0.4515
0	4	0.9991	0.6164	0.4995
0	5	0.9987	0.5575	0.3534
1	2	0.9496	0.5187	0.7696
1	3	1.0000	0.5976	0.4586
1	4	0.9995	0.3705	0.4377
1	5	0.9998	0.8923	0.2499
1	26	0.9507	0.0007	0.9950
2	3	0.9999	0.8094	0.2073
2	4	0.9999	0.6657	0.6929
2	5	0.9999	0.8272	0.4496
2	6	1.0000	0.0109	0.0050
3	4	0.9992	0.4587	0.5040
3	5	0.9986	0.2537	0.4965
4	5	0.9495	0.7201	0.2935
4	24	0.6514	0.9619	0.1070
4	26	0.9490	0.7637	0.9929
6	7	0.9991	0.9526	0.6401
6	8	0.9500	0.8699	0.2288
6	11	0.5683	0.5699	0.6438
6	14	0.9982	0.5467	0.0659
6	15	0.9967	0.3563	0.8591
6	24	0.9977	0.9059	0.8818
7	13	0.5004	0.5355	0.3957
7	14	0.9496	0.2980	0.1714
7	24	0.7993	0.7502	0.7947
8	10	0.5988	0.4662	0.5577
8	11	0.8997	0.4672	0.6699
8	14	0.9982	0.6277	0.1386
8	24	0.8004	0.4724	0.9061
9	24	0.5003	0.8279	0.6286
10	11	0.9980	0.6880	0.7436
10	12	0.9456	0.5627	0.4885
10	13	0.7501	0.7109	0.6151
10	14	0.9987	0.4730	0.3869
11	12	0.9999	0.7060	0.5494
11	14	0.8998	0.7245	0.3746
12	14	0.7994	0.5185	0.5095
12	24	0.5006	0.6330	0.6212
13	14	0.8506	0.9522	0.3208
13	24	0.9507	0.8274	0.9715
14	15	0.9961	0.6941	0.8868
14	24	0.8527	0.2542	0.5672
15	23	0.5008	0.7274	0.2734
15	24	0.9502	0.9058	0.5576
16	18	0.9500	0.7653	0.4638
16	32	0.9997	0.9722	0.5887
16	33	1.0000	0.9808	0.2123
16	34	1.0000	0.6868	0.9606
16	35	1.0000	0.5273	0.6020
16	37	0.8999	0.7525	0.5153
17	18	0.9995	0.8143	0.2373
17	19	0.5030	0.2445	0.5977
17	25	0.9971	0.3482	0.7425
17	27	0.9973	0.2066	0.9835
17	28	0.9997	0.3870	0.7723
17	29	0.8506	0.7163	0.9039
17	30	0.9992	0.6384	0.6694
18	19	0.9996	0.6822	0.6198
18	20	0.6010	0.3630	0.7227
18	25	1.0000	0.5601	0.8982
18	28	1.0000	0.2656	0.8867
18	30	1.0000	0.0589	0.9666
19	20	0.9992	0.9979	0.1972
19	21	0.7017	0.8842	0.3233
19	22	0.8497	0.5340	0.6029
19	23	0.9999	0.5751	0.4486
19	24	0.9992	0.5309	0.6232
19	25	0.9979	0.3542	0.5900
19	26	0.8991	0.9814	0.2181
19	28	0.9990	0.3063	0.4277
20	21	0.9995	0.8306	0.1642
20	22	0.8998	0.7612	0.8331
20	23	0.7003	0.1704	0.7828
20	24	0.7007	0.7234	0.0311
21	22	0.8986	0.5756	0.4111
21	23	0.5471	0.3136	0.5974
22	23	0.9483	0.7625	0.0973
23	24	1.0000	0.5169	0.5356
23	25	0.9481	0.3914	0.6689
24	25	0.9998	0.8623	0.5049
24	26	0.9994	0.1781	0.6033
24	27	1.0000	0.4165	0.6135
24	28	1.0000	0.8505	0.1446
25	26	0.9981	0.9978	0.0824
25	27	0.9989	0.9607	0.9993
25	28	0.9999	0.5328	0.4487
26	27	1.0000	0.3396	0.4344
26	28	0.9989	0.0135	0.9897
26	29	0.9976	0.2581	0.3839
27	28	0.9980	0.9512	0.6694
27	29	0.9998	0.6125	0.4950
28	29	0.9500	0.9873	0.8468
28	30	1.0000	0.8852	0.2643
29	30	0.9998	0.9653	0.4013
30	31	1.0000	0.9989	0.2152
31	32	0.5004	0.7013	0.2687
32	33	0.9964	0.4848	0.0650
32	34	0.9996	0.7122	0.6114
32	35	0.9992	0.5068	0.2666
33	34	0.9995	0.6632	0.5217
33	35	0.9990	0.2402	0.5868
33	38	0.9489	0.2784	0.0329
34	35	1.0000	0.6809	0.3919
34	36	0.8999	0.7816	0.8710
34	38	0.7998	0.8505	0.0487
35	36	0.9999	0.7962	0.5644
35	37	0.9993	0.4131	0.3960
35	38	0.9981	0.3296	0.3164
36	37	0.9998	0.6939	0.2424
36	38	0.9995	0.7317	0.3419
37	38	0.9998	0.5794	0.3504
