0	1	1.0000	0.8150	0.3720
0	2	0.9982	0.5709	0.5760
0	3	0.9973	0.9926	0.1678
0	4	0.9990	0.8750	0.7272
0	12	0.8492	0.7733	0.9333
0	13	0.9473	0.6790	0.3199
0	14	0.9992	0.7865	0.6865
1	2	0.9993	0.2415	0.2526
1	3	0.5512	0.1624	0.1044
1	4	0.8996	0.4727	0.7420
1	12	0.9505	0.2480	0.9445
1	14	1.0000	0.3967	0.6551
2	4	0.6432	0.7522	0.8920
3	4	1.0000	0.7450	0.3723
3	5	0.9994	0.5861	0.4203
3	6	0.8981	0.6903	0.7712
3	11	0.5511	0.5313	0.7751
3	12	0.7498	0.5681	0.3812
3	13	0.9973	0.6965	0.1899
3	14	0.9482	0.4404	0.1530
4	5	0.9998	0.3737	0.3958
4	11	0.8996	0.3408	0.7729
4	12	0.8496	0.3207	0.5826
4	13	0.9999	0.6510	0.3593
4	14	1.0000	0.9187	0.2831
5	6	1.0000	0.5384	0.4991
5	7	0.9993	0.5032	0.5121
5	8	0.5007	0.5494	0.1662
5	10	0.6499	0.7713	0.4872
5	11	0.9997	0.6254	0.9139
5	12	1.0000	0.4958	0.4959
5	13	0.9993	0.1245	0.1801
5	14	0.9991	0.2001	0.2868
6	7	0.9996	0.5946	0.5347
6	8	0.9994	0.5321	0.3384
6	9	0.8998	0.3350	0.7954
6	10	0.9989	0.4316	0.5560
6	11	1.0000	0.5386	0.9337
6	12	1.0000	0.6131	0.3808
6	13	0.9990	0.2201	0.0954
6	14	0.8812	0.2363	0.2673
7	8	1.0000	0.6379	0.2791
7	9	0.9995	0.5584	0.6868
7	10	0.9977	0.4654	0.4114
7	11	1.0000	0.5654	0.9410
7	12	0.9996	0.5247	0.2453
8	9	0.9981	0.4668	0.3787
8	10	0.9986	0.4071	0.3993
8	11	0.9988	0.1430	0.6650
8	12	1.0000	0.1223	0.0935
9	10	0.9498	0.8594	0.2481
9	11	0.9997	0.9661	0.3573
9	12	0.9996	0.9805	0.1101
10	11	0.8003	0.6476	0.2929
10	12	0.9980	0.5598	0.2597
11	12	1.0000	0.9573	0.3236
11	13	0.5027	0.3898	0.0840
12	13	0.9983	0.9573	0.0568
13	14	0.9999	0.6805	0.3929
