0	1	0.9996	0.8436	0.1679
0	2	0.8501	0.6077	0.6640
0	3	0.7003	0.4614	0.1566
0	17	0.9998	0.7940	0.3713
0	23	0.9991	0.8117	0.2690
0	24	0.7509	0.5205	0.7196
0	25	0.9495	0.4047	0.5304
1	2	0.9998	0.7944	0.2814
1	3	0.9984	0.5705	0.5519
1	8	0.5003	0.6817	0.4205
1	13	0.5003	0.5682	0.7812
1	17	1.0000	0.4874	0.5224
1	22	0.5001	0.1875	0.6237
1	23	0.9984	0.5168	0.5746
1	24	0.9984	0.3126	0.5952
1	25	0.6000	0.4189	0.2464
2	3	0.9998	0.5908	0.3327
2	4	0.9500	0.1004	0.8126
2	7	1.0000	0.2539	0.9166
2	17	1.0000	0.2980	0.8871
2	19	0.6994	0.0754	0.8029
2	23	0.9498	0.2287	0.8261
2	24	0.9996	0.2541	0.8044
3	4	0.8493	0.9399	0.4104
3	7	0.9982	0.8411	0.8009
3	8	0.9986	0.6911	0.5476
3	13	0.9991	0.9131	0.6970
3	16	0.7491	0.9517	0.5644
3	17	0.9997	0.5889	0.5169
3	24	0.9983	0.6029	0.5345
4	5	0.9972	0.6133	0.1773
4	6	0.9498	0.6468	0.9200
4	7	1.0000	0.6209	0.4242
5	6	0.9982	0.2263	0.4504
5	7	0.9501	0.0242	0.4237
5	14	0.9971	0.0654	0.5394
5	15	0.6499	0.3159	0.3805
6	7	0.9983	0.5446	0.5842
6	14	0.6992	0.4764	0.5949
7	8	0.9980	0.9239	0.6623
7	12	0.7043	0.6164	0.5709
7	13	0.5505	0.5547	0.3888
8	9	0.9491	0.9656	0.3086
8	12	0.9975	0.9668	0.5638
8	13	0.9972	0.7559	0.8892
8	16	0.8487	0.9007	0.7508
9	10	0.9997	0.6747	0.6330
9	11	0.9997	0.6144	0.4854
9	12	0.9994	0.5704	0.6853
9	13	0.9998	0.4293	0.7095
9	14	0.9986	0.6195	0.4228
9	16	0.9997	0.8537	0.5491
10	11	0.8500	0.4785	0.3859
10	12	0.9989	0.7504	0.4909
10	13	0.9981	0.5029	0.6483
10	14	0.8998	0.7893	0.6385
10	15	0.7010	0.3755	0.7620
10	16	0.9981	0.6305	0.2719
11	12	0.9968	0.9367	0.3720
11	13	0.9490	0.5291	0.3655
11	14	0.7984	0.5417	0.4788
11	15	0.8490	0.4646	0.7348
11	16	0.9979	0.9201	0.2432
12	13	0.9993	0.6294	0.3397
12	14	0.9983	0.7956	0.3364
12	15	0.6499	0.5475	0.8649
13	14	0.9992	0.8678	0.2644
13	16	0.9995	0.4784	0.6099
14	15	0.8499	0.6811	0.7586
14	16	0.8490	0.4989	0.5924
15	16	0.9998	0.9600	0.2502
16	17	0.9981	0.6271	0.1580
17	20	0.6505	0.9606	0.5774
17	21	0.9000	0.8175	0.4316
17	22	0.9990	0.3168	0.4729
17	23	0.9998	0.5097	0.4300
17	24	0.9989	0.8424	0.5772
17	25	0.9987	0.5935	0.1823
18	19	0.9988	0.4067	0.5019
18	20	0.9489	0.1307	0.7239
18	21	0.9992	0.0946	0.1400
18	23	0.9492	0.0001	0.9850
18	25	0.9496	0.1022	0.2680
19	20	0.9991	0.6678	0.4590
19	21	0.8501	0.2951	0.0992
19	25	0.8512	0.5295	0.1187
20	21	0.9997	0.9501	0.0858
20	22	0.9484	0.8351	0.0654
20	23	0.8005	0.6510	0.9246
20	24	0.5502	0.6208	0.5229
20	25	0.8999	0.8694	0.1698
21	22	1.0000	0.7510	0.2893
21	23	0.9994	0.4026	0.6336
21	25	0.9983	0.5969	0.2722
22	23	0.9999	0.5372	0.3797
22	25	0.9985	0.5005	0.2751
23	24	0.9994	0.8853	0.4296
23	25	0.9995	0.5439	0.2897
24	25	0.8993	0.5483	0.1811
