0	2	0.9988	0.8030	0.4805
0	3	0.9999	0.4905	0.4828
0	4	0.9974	0.7079	0.6331
0	5	0.9999	0.5693	0.2771
0	7	0.8493	0.9571	0.6751
0	9	0.7002	0.9154	0.7099
0	11	0.8500	0.7175	0.3695
2	3	1.0000	0.6958	0.3636
2	5	1.0000	0.5078	0.7275
2	11	1.0000	0.4168	0.9403
2	12	0.7002	0.4800	0.6426
2	13	0.9498	0.2467	0.9973
2	14	0.9995	0.7310	0.1020
2	15	0.9967	0.8033	0.1322
3	4	0.9980	0.7856	0.5306
3	5	0.9995	0.3091	0.1001
4	5	1.0000	0.7889	0.2569
4	7	0.9999	0.2074	0.7678
4	8	0.9493	0.1152	0.3836
4	9	0.7940	0.3999	0.6797
4	10	0.9998	0.8565	0.8747
4	11	0.9995	0.8028	0.1483
4	12	0.9001	0.8024	0.8321
5	7	0.9988	0.9743	0.8116
5	8	0.5489	0.9917	0.1971
5	9	0.9999	0.5862	0.5339
5	10	0.9998	0.0044	1.0000
5	11	0.9994	0.4692	0.4951
5	12	0.9991	0.4779	0.5107
5	13	0.9988	0.9851	0.9569
5	14	0.9993	0.6337	0.2135
5	15	0.9998	0.1758	0.0489
6	7	0.9976	0.1448	0.2303
6	8	0.9487	0.7350	0.3702
6	11	0.9994	0.1165	0.9985
6	12	0.8502	0.0000	0.9205
6	13	0.8485	0.1353	0.6653
7	8	0.9994	0.5259	0.3048
7	9	1.0000	0.9211	0.2756
7	11	0.9968	0.6232	0.8320
8	9	0.9981	0.5998	0.1341
9	10	0.9491	0.9332	0.0469
9	11	0.9992	0.5057	0.3099
9	12	1.0000	0.4942	0.8959
10	11	0.9990	0.9981	0.0027
11	12	0.9991	0.4780	0.5493
11	13	0.9989	0.9693	0.9267
11	14	0.9996	0.9054	0.1098
11	15	0.9975	0.4875	0.1336
12	13	0.9498	0.7556	0.7157
12	14	0.9974	0.6754	0.0533
12	15	0.9994	0.5726	0.3612
13	14	0.9976	1.0000	0.0546
13	15	0.6505	0.8429	0.2209
14	15	0.9491	0.5128	0.2844
14	16	0.7004	0.0672	0.3006
14	17	0.8992	0.2839	0.8921
15	16	0.9997	0.6546	0.3426
15	17	1.0000	0.8835	0.9285
16	17	0.9998	0.5235	0.4039
