0	1	0.9972	0.9857	0.2677
0	16	0.9987	0.5329	0.7971
0	17	0.8997	0.3638	0.8227
1	13	0.7495	0.3364	0.6446
1	16	0.8001	0.5738	0.6453
2	3	0.9999	0.8050	0.3756
2	4	0.9996	0.5138	0.5367
2	5	0.9970	0.8212	0.4983
2	6	0.9997	0.5388	0.5699
2	7	1.0000	0.5334	0.5346
2	8	0.9998	0.5825	0.5553
3	4	0.9994	0.6260	0.2089
3	6	0.9999	0.4250	0.7736
3	7	0.9999	0.6687	0.6187
3	8	0.9999	0.6575	0.9497
3	16	0.8995	0.4354	0.4962
4	5	0.9479	0.9399	0.3385
4	6	0.9997	0.6485	0.5266
4	7	0.9998	0.5556	0.5582
4	8	0.6500	0.3120	0.3076
4	12	0.5164	0.4121	0.6530
5	6	0.7162	0.1231	0.7289
5	7	0.7994	0.6190	0.4312
6	7	0.9998	0.5353	0.5136
6	8	0.8989	0.4348	0.4541
6	9	0.5505	0.7313	0.3900
6	11	0.9482	0.4791	0.6474
6	12	0.9973	0.8439	0.5830
6	16	0.7992	0.9014	0.3099
7	8	0.9996	0.8663	0.2959
7	9	0.6004	0.5632	0.5602
7	11	0.9997	0.6749	0.2326
7	15	0.8004	0.6640	0.4875
7	17	0.6503	0.4839	0.6992
7	20	0.7421	0.7025	0.4584
8	9	0.9996	0.9804	0.2334
8	11	0.9501	0.6557	0.3611
8	12	0.8976	0.9189	0.1973
8	14	0.7494	0.1571	0.8619
8	15	0.6507	0.5841	0.4419
8	16	0.8979	0.8849	0.4389
8	20	0.5005	0.4823	0.1111
9	11	0.9995	0.3218	0.9111
9	15	0.7503	0.3993	0.5983
11	12	0.9492	0.8443	0.2970
11	15	0.9998	0.5012	0.4505
11	16	0.9984	0.7348	0.2766
11	19	0.9982	0.7431	0.8061
11	20	0.9492	0.5117	0.3812
13	14	0.6998	0.6862	0.3596
13	16	0.7588	0.4228	0.2613
13	17	0.8986	0.5068	0.8709
14	15	0.7502	0.6973	0.7183
14	16	0.7505	0.4907	0.6940
15	16	1.0000	0.8260	0.3962
15	18	0.8505	0.6213	0.5220
15	19	0.9492	0.5007	0.6060
15	20	0.6009	0.4617	0.2659
16	17	1.0000	0.5540	0.6775
16	18	0.9985	0.5139	0.5890
16	19	0.9994	0.2413	0.9617
16	20	0.6503	0.5780	0.4541
17	18	0.9966	0.9717	0.1700
18	19	0.9981	0.9175	0.9067
18	20	0.9996	0.8159	0.1667
19	20	0.9967	0.9083	0.0601
