0	1	0.9485	0.5453	0.3032
0	2	0.7003	0.1901	0.2479
0	4	0.5008	0.4347	0.4891
1	2	0.5008	0.7955	0.3406
1	4	0.8004	0.5553	0.6185
1	6	0.9999	0.2315	0.6540
2	3	0.9998	0.7886	0.3506
2	4	0.8004	0.5855	0.5008
2	11	0.9981	0.9071	0.4458
2	14	0.9997	0.7296	0.7637
2	16	0.9993	0.5679	0.2666
3	4	1.0000	0.8753	0.1106
3	11	0.9990	0.6690	0.5792
3	12	0.6503	0.4683	0.1746
3	14	0.9999	0.4164	0.6617
3	15	0.9974	0.5669	0.1864
3	16	0.9986	0.4458	0.2220
4	5	0.9975	0.5370	0.1435
4	6	1.0000	0.3417	0.8031
4	7	0.9979	0.7648	0.0379
4	9	0.9967	0.5816	0.0463
4	11	0.9991	0.3649	0.3671
4	14	0.9997	0.2291	0.6876
4	16	0.8497	0.4349	0.2391
5	6	1.0000	0.9101	0.3265
5	7	0.9997	0.7467	0.6241
5	8	0.8994	0.7661	0.5513
5	9	0.9998	0.5397	0.4092
5	10	0.9992	0.9617	0.3044
5	11	0.9992	0.5138	0.3664
5	12	0.9493	0.9821	0.2747
5	13	0.6508	0.9895	0.5429
6	7	0.9998	0.5568	0.3945
6	8	0.6013	0.3219	0.6130
6	9	0.9998	0.5039	0.5014
6	11	0.8502	0.3999	0.6464
7	8	0.9998	0.7222	0.6905
7	9	1.0000	0.7335	0.4073
7	10	0.9999	0.9724	0.2999
8	9	1.0000	0.6968	0.3959
8	10	1.0000	0.4870	0.6375
9	10	0.9976	0.9620	0.4131
9	11	0.9986	0.4799	0.4026
9	12	0.8503	0.9536	0.3310
10	11	0.9999	0.4477	0.3843
10	12	0.9994	0.0547	0.7520
10	13	0.9999	0.3909	0.7620
10	14	0.8090	0.3791	0.0431
11	12	0.9992	0.9969	0.1897
11	13	0.9990	0.7245	0.6557
11	14	0.9995	0.5427	0.4550
11	15	0.8002	0.8871	0.4715
11	16	0.6497	0.6044	0.2242
12	13	0.9994	0.7825	0.1948
12	14	1.0000	0.1825	0.9038
12	15	0.9990	0.2050	0.4628
13	14	0.9997	0.7699	0.1909
13	15	0.8003	0.2424	0.9062
14	15	0.9990	0.8239	0.5250
14	16	0.9500	0.7389	0.4848
15	16	0.9998	0.6317	0.6291
