0	1	0.9000	0.8261	0.2974
0	7	0.6002	0.6260	0.5034
1	2	0.9981	0.9871	0.4774
1	7	0.7002	0.8734	0.3903
2	3	0.9996	0.7643	0.3621
2	4	0.9986	0.9531	0.2644
2	5	0.9975	0.8713	0.3102
2	6	0.8501	0.8075	0.5808
2	7	1.0000	0.7652	0.4776
2	9	0.5998	0.7953	0.5807
3	4	0.9971	0.4959	0.1045
3	5	0.8992	0.4241	0.6775
3	6	0.9988	0.5281	0.3918
3	7	0.9488	0.8998	0.2196
3	8	0.5011	0.3658	0.3879
3	9	0.9492	0.4852	0.4242
4	5	0.9991	0.7015	0.2455
4	6	1.0000	0.4417	0.5508
4	7	0.6490	0.2660	0.5171
4	8	0.9505	0.0802	0.1977
4	9	0.9991	0.4454	0.4037
5	6	0.9993	0.5539	0.4360
5	9	0.9990	0.5684	0.5793
6	7	0.9994	0.8010	0.4534
6	8	0.9001	0.4974	0.4605
6	9	0.9987	0.3988	0.4969
7	8	0.9996	0.4484	0.4266
7	9	0.9997	0.4683	0.4991
8	9	0.9997	0.5925	0.4442
