1	3	0.7501	0.7590	0.1279
1	9	0.8502	0.5365	0.6550
1	32	0.6981	0.9249	0.3301
2	3	0.8948	0.7676	0.1259
2	5	0.9989	0.7996	0.4811
2	7	0.6010	0.7324	0.3422
2	9	0.9986	0.4583	0.5174
2	31	0.6496	0.8682	0.3998
3	5	0.9987	0.3464	0.3591
3	6	0.8499	0.1775	0.3695
3	7	0.6507	0.3712	0.5032
3	9	0.9979	0.2193	0.4925
3	26	0.7987	0.6518	0.7810
3	28	0.8988	0.4361	0.4122
3	29	0.9488	0.3621	0.3193
3	31	0.9981	0.6530	0.5162
3	32	0.8488	0.5551	0.3917
4	5	0.9990	0.5741	0.6491
4	6	0.9992	0.2117	0.1948
4	7	0.5006	0.3676	0.6013
4	9	0.7480	0.7812	0.6188
4	26	0.7490	0.3332	0.3271
4	28	0.8491	0.4491	0.6560
4	29	0.9496	0.3949	0.3458
4	31	0.9982	0.6383	0.3887
4	32	0.7003	0.7583	0.2356
5	6	0.9497	0.3283	0.5282
5	7	0.9991	0.5715	0.8039
5	8	0.6506	0.4179	0.3659
5	9	0.9999	0.6638	0.5998
5	10	0.7995	0.5908	0.7557
5	15	0.7000	0.7816	0.3011
6	7	0.9998	0.9896	0.3886
6	9	0.5007	0.0085	0.4944
6	10	0.6499	0.8675	0.2855
6	29	0.9987	0.8207	0.3620
6	31	0.9478	0.7788	0.2367
7	9	0.7487	0.8445	0.6602
7	10	0.5014	0.5520	0.6022
8	9	0.9994	0.5332	0.3406
8	13	0.8510	0.3242	0.2418
8	14	0.8989	0.5125	0.6568
8	15	0.6996	0.5008	0.4189
8	17	0.5007	0.5493	0.5544
9	10	0.7485	0.7667	0.5386
10	18	0.8479	0.7906	0.4201
10	26	0.6497	0.5850	0.8541
10	29	0.9454	0.8332	0.6215
10	31	0.7976	0.7860	0.4617
11	12	0.9990	0.6655	0.6118
11	13	0.6002	0.4433	0.4369
11	38	0.5502	0.8315	0.2555
11	40	0.9500	0.8178	0.6105
12	13	0.9999	0.5506	0.4873
12	14	0.9993	0.4467	0.4158
12	40	0.9985	0.5391	0.7265
13	14	0.9992	0.4449	0.4421
13	15	0.8988	0.4358	0.4441
14	17	0.9498	0.4914	0.5091
15	17	0.9984	0.5446	0.6296
15	18	0.9990	0.7081	0.5672
16	17	0.6466	0.4258	0.2739
16	18	0.5999	0.6850	0.4811
16	19	0.5006	0.4772	0.3331
17	18	0.9998	0.5456	0.5148
17	19	0.9535	0.5567	0.5564
17	20	0.7486	0.5388	0.3938
18	19	0.9929	0.4957	0.5172
18	20	0.9999	0.6074	0.5726
18	22	0.9999	0.4526	0.7093
18	23	0.9995	0.6650	0.4723
19	20	1.0000	0.5377	0.5383
19	21	0.9496	0.1373	0.7210
19	22	0.9997	0.3292	0.7373
19	23	1.0000	0.6056	0.4525
20	21	0.9990	0.9379	0.7526
20	22	0.9990	0.7253	0.7280
20	23	0.9999	0.5188	0.4930
20	24	0.8995	0.6175	0.5580
20	27	0.7492	0.8399	0.4671
21	22	0.9979	0.9753	0.1066
22	23	0.7487	0.8963	0.0493
23	24	0.9987	0.5150	0.5037
23	25	0.9491	0.4848	0.4224
23	26	0.8487	0.4485	0.5051
23	27	0.6492	0.2986	0.5119
24	25	0.8358	0.3980	0.4540
24	26	0.9972	0.4748	0.6941
24	27	0.9986	0.6863	0.7293
24	28	0.9489	0.4507	0.4073
25	26	0.9987	0.4268	0.6067
25	27	0.9985	0.4766	0.7363
25	28	0.9992	0.4400	0.4005
26	27	0.9972	0.9794	0.7176
26	28	0.9998	0.5064	0.3686
26	29	0.9996	0.6081	0.4552
27	28	0.9968	0.8336	0.1150
27	29	0.5997	0.7691	0.7447
28	29	0.9995	0.5011	0.3916
28	31	0.9994	0.6120	0.3449
29	30	0.5011	0.9381	0.2369
29	31	0.9996	0.4990	0.4589
29	32	0.9990	0.7749	0.5815
30	31	0.5004	0.1009	0.3582
31	32	1.0000	0.5941	0.5199
31	33	0.6504	0.5725	0.3251
32	33	1.0000	0.5311	0.4489
32	34	0.9998	0.5451	0.7326
33	34	1.0000	0.6016	0.5460
33	37	0.9999	0.5679	0.4145
33	38	0.6998	0.4765	0.1852
34	37	0.9992	0.4401	0.4909
34	38	0.9999	0.6396	0.4648
34	40	0.8005	0.4225	0.3071
35	36	0.9985	0.5520	0.4217
35	39	0.7511	0.4988	0.4319
36	39	0.9499	0.4857	0.5796
37	38	1.0000	0.7172	0.2573
37	40	0.9999	0.6669	0.3722
38	40	1.0000	0.5251	0.6293
