0	1	0.8000	0.9313	0.4168
0	2	0.7502	0.7660	0.3620
0	7	0.5026	0.7732	0.6729
0	8	0.5005	0.3918	0.5165
1	2	0.6980	0.7538	0.6016
2	3	0.9990	0.7642	0.2166
2	7	0.6504	0.5889	0.1798
2	8	0.9492	0.7400	0.6420
2	24	0.5012	0.6379	0.4146
3	4	0.9986	0.9989	0.1073
3	6	0.6499	0.8760	0.4905
3	7	0.9489	0.1346	0.2990
3	8	0.9993	0.4123	0.4452
3	9	0.9989	0.4173	0.6239
3	24	0.5047	0.4088	0.8292
4	5	0.8459	0.4366	0.3586
4	6	0.9988	0.5890	0.1950
4	7	0.9998	0.2549	0.9471
4	8	0.9999	0.2790	0.8254
4	9	0.9987	0.4387	0.4182
5	6	0.8501	0.5788	0.2856
6	7	0.9997	0.8703	0.2362
6	8	0.9999	0.7678	0.5546
6	9	0.9998	0.5904	0.4028
6	10	0.9997	0.9149	0.8501
6	11	0.7980	0.3757	0.0480
7	8	0.7438	0.3021	0.4183
7	9	0.9972	0.4033	0.5807
7	24	0.9994	0.1172	0.6029
8	9	0.8951	0.4753	0.5567
8	24	0.8998	0.7282	0.6044
9	14	0.5520	0.9212	0.6110
9	24	0.5001	0.5614	0.4805
10	11	0.9989	0.7071	0.6549
10	12	0.9487	0.8907	0.7245
10	13	0.9499	0.3113	0.8642
10	14	0.9989	0.2585	0.2601
10	17	1.0000	0.5764	0.5171
10	19	0.9995	0.2116	0.2321
10	21	1.0000	0.4581	0.5926
10	22	0.9998	0.0608	0.9540
10	23	0.9999	0.3655	0.5548
11	15	0.9977	0.7512	0.0953
11	17	0.9992	0.9828	0.1260
11	23	0.6497	0.9113	0.6064
12	13	0.9486	0.8762	0.2782
12	14	0.7007	0.7394	0.2460
12	17	0.9995	0.1626	0.9504
13	14	0.9493	0.8177	0.0320
13	17	0.8509	0.1579	0.7983
14	17	0.9990	0.1336	0.7744
15	16	0.9998	0.0842	0.7590
15	17	0.6497	0.7853	0.2830
16	17	0.9980	0.5587	0.1803
16	18	1.0000	0.6653	0.6210
16	20	0.7987	0.4784	0.0540
17	18	0.9999	0.3843	0.6772
17	19	1.0000	0.5878	0.5839
17	20	0.9005	0.1616	0.0741
17	21	0.9000	0.2530	0.4819
17	22	0.7495	0.7900	0.8259
19	20	0.9985	0.8875	0.9996
19	21	1.0000	0.5168	0.8520
19	22	0.9989	0.5073	0.6856
20	21	0.6006	0.9915	0.5858
21	22	0.9992	0.9837	0.9792
21	23	0.6998	0.9538	0.3801
22	23	0.7487	0.9562	0.2709
