0	1	0.8988	0.4493	0.3695
0	2	0.9983	0.6202	0.3930
0	3	0.8995	0.4017	0.9087
1	2	0.9994	0.5896	0.5119
1	3	0.9976	0.5014	0.7644
1	33	0.6020	0.9042	0.5910
2	3	0.9999	0.5432	0.6378
2	33	0.9996	0.0708	0.2821
3	31	0.9985	0.9886	0.5433
3	33	0.9986	0.9725	0.7210
4	5	0.9995	0.5226	0.6408
4	29	0.8496	0.4268	0.6403
5	6	0.9995	0.5357	0.4331
5	7	0.8678	0.7762	0.4223
5	28	0.6498	0.3608	0.5560
5	29	0.9491	0.3960	0.5114
5	30	0.5006	0.3436	0.5626
5	31	0.8988	0.4060	0.6122
5	33	0.8494	0.4575	0.8248
6	7	0.9970	0.2689	0.3702
6	16	0.5002	0.4222	0.2745
6	17	0.9986	0.5218	0.3418
6	27	0.9999	0.4971	0.4613
6	28	0.9997	0.4905	0.4966
6	29	0.9986	0.2206	0.4261
6	31	0.8498	0.2375	0.3407
7	8	1.0000	0.9234	0.6734
7	9	0.9500	0.7743	0.4718
7	10	0.9998	0.8304	0.7141
7	11	0.9999	0.6074	0.4945
7	13	0.8002	0.7906	0.5063
7	14	0.9991	0.9353	0.2576
7	24	0.5008	0.5629	0.4272
7	26	0.9001	0.7465	0.6051
8	9	0.9500	0.6997	0.6338
8	10	0.5009	0.4730	0.6447
8	11	0.9995	0.4792	0.6425
9	10	0.9486	0.9239	0.2949
9	11	0.8001	0.6307	0.5596
9	14	0.9495	0.7009	0.2912
10	11	0.9490	0.6570	0.1508
10	14	0.9999	0.6370	0.5844
11	12	0.9994	0.9811	0.7606
11	13	1.0000	0.8404	0.5674
11	14	0.9995	0.8978	0.2291
11	15	0.6503	0.4843	0.4933
11	26	0.9497	0.3586	0.4821
12	13	0.9494	0.8228	0.1774
12	14	0.7502	0.9888	0.2743
12	25	0.5004	0.5569	0.2463
13	14	0.9984	0.8678	0.1196
13	15	0.9999	0.8723	0.7015
13	26	0.9490	0.5081	0.1529
14	15	0.9985	0.8205	0.5772
14	26	0.9978	0.5328	0.1803
15	26	0.9494	0.7395	0.2633
16	17	0.9993	0.8071	0.5311
16	18	0.8493	0.4807	0.7293
16	19	0.7502	0.5877	0.9286
16	20	0.8998	0.3978	0.4867
16	23	0.8002	0.4835	0.6108
16	24	0.7505	0.2160	0.4617
16	26	0.9995	0.1075	0.5561
16	27	0.9987	0.5470	0.7864
16	28	0.9985	0.7425	0.2753
16	29	0.8495	0.4770	0.4450
16	30	0.7503	0.1134	0.6462
16	33	0.9485	0.4873	0.4836
17	18	0.9493	0.5462	0.5627
17	19	0.9989	0.3338	0.7342
17	20	0.9989	0.3286	0.6706
17	21	0.7508	0.5077	0.2962
17	22	0.5005	0.5795	0.5145
17	23	0.9498	0.5687	0.6021
17	24	0.6498	0.4767	0.4338
17	26	0.9491	0.5712	0.8082
17	27	0.9973	0.5246	0.6997
17	28	0.7502	0.4699	0.3404
18	19	0.7996	0.8056	0.4152
18	20	0.6996	0.8473	0.5329
18	21	0.6501	0.6250	0.5355
18	31	0.6004	0.6829	0.2233
19	20	0.8990	0.7533	0.6717
19	21	0.6507	0.5331	0.5904
19	22	0.5990	0.5643	0.6746
19	26	0.9962	0.9441	0.5731
19	27	0.8494	0.9554	0.5253
19	28	0.5497	0.7296	0.4022
20	24	0.9496	0.5144	0.7683
20	26	0.9984	0.6548	0.2929
20	27	0.6508	0.5468	0.3921
21	22	0.8487	0.8916	0.2779
21	26	0.7515	0.0912	0.5761
22	23	0.9488	0.5658	0.4645
23	26	0.9485	0.8801	0.6022
23	29	0.8499	0.5198	0.4804
23	31	0.9495	0.8343	0.5554
23	33	0.9993	0.8314	0.7211
24	25	0.9994	0.9179	0.2687
24	26	0.9986	0.3977	0.1697
24	27	0.7502	0.0701	0.8802
24	33	0.6631	0.5844	0.2211
25	26	0.9981	0.5862	0.1419
26	27	0.9994	0.7377	0.6501
26	28	0.9352	0.6281	0.2693
26	30	0.6503	0.1536	0.5693
26	31	0.5497	0.2456	0.3907
26	33	0.7503	0.1833	0.4215
27	28	1.0000	0.7212	0.4846
27	29	0.9999	0.7173	0.5194
27	30	0.9998	0.9516	0.2438
27	33	0.9495	0.9508	0.3536
28	29	1.0000	0.5101	0.6159
28	30	0.9994	0.1827	0.5706
28	32	0.6503	0.5670	0.1522
29	30	0.9991	0.9692	0.6683
29	31	0.7706	0.7808	0.4173
29	32	0.9998	0.7979	0.3757
29	33	0.9996	0.8898	0.3988
30	31	0.9998	0.8483	0.1995
30	32	0.9991	0.5531	0.8720
30	33	1.0000	0.8131	0.2896
31	32	0.9985	0.6728	0.3457
31	33	1.0000	0.5503	0.5260
32	33	0.9981	0.9942	0.4592
