0	1	0.9997	0.4361	0.4378
0	2	0.9970	0.2720	0.4298
0	4	0.9495	0.0247	0.4268
0	5	0.9967	0.1085	0.3802
0	6	0.9977	0.0499	0.4730
1	2	0.9977	0.4426	0.4821
1	4	0.9491	0.9761	0.4432
1	5	1.0000	0.9844	0.4252
1	6	1.0000	0.6229	0.5095
2	3	1.0000	0.9711	0.2715
2	4	0.9971	0.1536	0.2954
2	5	0.9988	0.3827	0.3358
2	6	1.0000	0.7277	0.4231
3	4	0.9989	0.7954	0.0995
3	5	0.9992	0.8385	0.6432
3	6	1.0000	0.5587	0.3040
3	7	1.0000	1.0000	0.9931
3	8	0.9984	0.8945	0.0026
3	12	0.9996	0.6617	0.5317
4	5	0.5428	0.4219	0.3042
4	6	0.9999	0.3877	0.5270
5	6	0.9999	0.4822	0.4268
6	11	0.9960	0.9606	0.5883
7	8	0.9977	0.9651	0.3766
7	9	0.9967	0.9920	0.1748
7	10	0.9992	0.3989	0.5908
7	11	1.0000	0.4372	0.2996
7	12	0.9965	0.9985	0.0377
7	15	0.9989	0.5561	0.5457
7	20	0.9998	0.1015	0.9629
7	21	0.9997	0.2147	0.8485
7	23	1.0000	0.8141	0.7856
7	24	1.0000	0.5097	0.7230
8	11	0.9012	0.1877	0.9987
8	12	0.9999	0.3531	0.4407
8	15	0.9999	0.9030	0.0923
9	10	0.9980	0.8578	0.9964
9	11	0.8989	0.3078	0.9366
9	13	0.8002	0.3850	0.8175
9	15	0.9998	0.2612	0.3922
10	11	0.9955	0.5245	0.0622
10	13	0.6027	0.0479	0.9955
10	15	0.8497	0.0247	0.7525
11	15	0.9996	0.3304	0.4513
13	14	0.9970	0.3456	0.9245
13	15	0.9976	0.9847	0.5469
13	16	0.9968	0.2417	0.1240
14	15	0.9986	0.3373	0.2116
14	16	0.9964	0.7316	0.3623
14	17	0.9974	0.1857	0.3726
14	18	0.9992	0.9102	0.5619
15	16	0.9998	0.2487	0.7508
15	20	1.0000	0.7146	0.2631
15	21	1.0000	0.5658	0.8936
15	22	0.9982	0.1381	0.0357
15	23	0.8505	0.2417	0.4883
16	17	0.9998	0.8934	0.3484
16	18	0.9998	0.7062	0.4234
16	19	0.9997	0.9739	0.1592
17	18	1.0000	0.3219	0.6280
17	19	0.9962	0.1874	0.1041
18	19	0.7017	0.7666	0.0120
20	21	1.0000	0.8490	0.3284
20	22	0.8504	0.7510	0.9995
20	23	0.5007	0.7970	0.9790
21	22	0.9999	0.9521	0.9490
21	23	0.9992	0.7344	0.9802
