0	1	0.9981	0.9891	0.0029
0	3	0.9958	0.9482	0.5621
0	4	0.9981	0.5772	0.1202
0	5	1.0000	0.4851	0.7393
0	6	0.9979	0.4048	0.0001
0	28	0.9499	0.8682	0.9310
0	33	0.9997	0.4078	0.9666
1	2	0.9997	0.5635	0.4737
1	3	0.9996	0.5331	0.7646
1	25	0.6501	0.3803	0.0657
2	3	0.9984	0.8799	0.6590
2	25	0.9994	0.8357	0.0672
3	4	0.9997	0.6518	0.6687
3	5	1.0000	0.2600	0.0023
3	25	0.9988	0.4397	0.3481
4	5	0.9946	0.5035	0.0740
4	25	0.9994	0.9430	0.7210
4	33	0.9994	0.6880	0.2940
5	6	1.0000	0.7569	0.2096
5	27	1.0000	0.1066	0.0978
5	28	0.9984	0.6273	0.4548
5	33	0.9994	0.2501	0.5475
6	7	0.9943	0.9905	0.0117
6	26	0.9982	0.9796	0.6974
6	27	0.9985	0.9632	0.6402
6	28	1.0000	0.5591	0.5159
6	30	0.9480	0.9971	0.5280
6	31	0.9967	0.9947	0.0888
6	32	0.9485	0.8867	0.1586
6	33	1.0000	0.6253	0.4650
7	26	0.9993	0.3007	0.2323
7	29	0.9998	0.0580	0.9941
7	30	0.9997	0.2131	0.0864
7	31	0.9999	0.0202	0.2160
7	32	0.7507	0.0053	0.6864
7	33	0.9006	0.0008	0.0225
8	9	1.0000	0.7527	0.3424
8	25	0.9989	0.6949	0.7166
8	30	0.7496	0.3409	0.2887
8	31	0.9978	0.4254	0.4584
8	32	1.0000	0.4894	0.7210
9	10	0.9983	0.9437	0.5382
9	11	0.9984	0.6670	0.1515
9	12	0.9992	0.7331	0.4120
9	13	0.9965	0.9832	0.1927
9	24	1.0000	0.7041	0.1975
9	25	1.0000	0.4861	0.4911
10	11	0.9982	0.8161	0.1013
10	12	0.9992	0.9928	0.9801
10	14	0.7005	0.9745	0.1821
10	20	0.9962	0.7887	0.7515
10	23	0.8955	0.9949	0.3999
10	24	1.0000	0.9065	0.1504
10	25	0.9976	0.1236	0.6879
11	12	0.9996	0.4893	0.7286
11	13	0.9983	0.3727	0.4259
11	14	0.6500	0.5239	0.3020
11	20	0.9982	0.1778	0.6295
11	22	0.5006	0.5642	0.7384
11	23	0.9984	0.7160	0.1902
11	24	1.0000	0.4440	0.4435
11	25	0.9996	0.4538	0.4444
12	13	0.9962	0.9866	0.6940
12	14	0.8501	0.9750	0.3221
12	20	0.9988	0.9986	0.7986
12	22	0.8499	0.9343	0.8901
12	23	0.9983	0.9781	0.3227
12	24	1.0000	0.7182	0.5277
12	25	1.0000	0.8821	0.2790
13	14	0.9498	0.8728	0.5283
13	17	0.7501	0.9901	0.4888
13	19	0.9991	0.9967	0.8334
13	20	0.9987	0.2822	0.6579
13	22	0.9989	0.7456	0.8397
13	23	0.9995	0.7674	0.7830
13	24	0.9994	0.4119	0.3158
14	17	0.9998	0.9104	0.4439
14	19	1.0000	0.5823	0.6963
14	20	0.9992	0.5298	0.6066
14	22	0.9997	0.6850	0.7515
14	23	0.9997	0.5455	0.8497
14	24	0.9980	0.2736	0.1812
15	16	0.9990	0.6533	0.9068
15	17	0.9997	0.5623	0.7007
15	20	0.9998	0.5737	0.4932
15	21	0.9960	0.8795	0.1668
15	22	0.9998	0.0792	0.0145
15	23	0.9497	0.0476	0.9542
16	17	0.9985	0.9610	0.4888
16	18	1.0000	0.8468	0.4604
17	18	0.9993	0.3578	0.9003
17	19	1.0000	0.5045	0.5459
17	20	0.9983	0.9536	0.3807
17	22	0.9999	0.2658	0.5081
17	23	0.9999	0.3707	0.8522
18	19	0.9991	0.7988	0.0970
19	20	0.9996	0.9985	0.3415
19	22	0.9992	0.3036	0.7316
19	23	1.0000	0.5333	0.8592
20	22	0.9992	0.9913	0.0287
20	23	0.9995	0.9086	0.7514
20	24	0.9978	0.7030	0.0829
22	23	1.0000	0.7473	0.2560
22	24	0.9996	0.9835	0.6396
23	24	0.9999	0.4778	0.4769
24	25	1.0000	0.8842	0.2357
25	26	0.9985	0.9886	0.0016
25	32	0.9994	0.9466	0.6622
25	33	0.9491	0.9651	0.0022
26	27	0.9998	0.9754	0.0486
26	30	0.9991	0.9013	0.8687
26	31	0.9967	0.9856	0.2583
26	32	0.9996	0.3150	0.7945
26	33	0.9998	0.3534	0.0000
27	28	0.9997	0.4336	0.4160
27	29	1.0000	0.2219	0.8614
27	30	0.9993	0.0217	0.8929
27	31	0.9992	0.0143	0.4382
27	32	1.0000	0.0246	0.9687
27	33	1.0000	0.1673	0.0812
28	29	0.9999	0.8524	0.5014
28	30	0.8997	0.9022	0.9869
28	31	0.9972	0.9834	0.2935
28	33	0.9996	0.4157	0.4326
29	30	1.0000	0.5163	0.5234
29	31	0.5003	0.2628	0.0856
30	31	1.0000	0.9813	0.1675
30	32	0.9995	0.9234	0.6753
30	33	0.9998	0.9073	0.0450
31	32	0.9983	0.3025	0.7651
31	33	0.9964	0.6079	0.0138
32	33	0.9954	0.7935	0.0141
