0	1	0.9982	0.9999	0.0698
0	2	0.9973	0.5923	0.7325
0	3	0.9998	0.5015	0.2640
0	7	0.9987	0.1289	0.2729
0	9	1.0000	0.4930	0.6638
0	10	0.9998	0.0248	0.5378
0	11	0.9989	0.8456	0.0011
1	2	0.9983	0.4913	0.0916
1	7	0.9485	0.8430	1.0000
1	11	1.0000	0.4582	0.5654
1	14	0.7510	0.5358	0.9951
2	3	0.9988	0.5282	0.3326
2	6	0.9996	0.3886	0.4369
2	7	1.0000	0.5122	0.4897
2	8	0.7513	0.0096	0.9975
2	9	0.9986	0.5305	0.4870
2	10	0.9504	0.8762	0.9993
2	11	0.9995	0.2547	0.1910
3	4	0.9994	0.4852	0.4638
3	5	0.9503	0.0017	0.0000
3	6	0.9993	0.4934	0.2449
3	7	0.9992	0.2931	0.4558
3	8	1.0000	0.7349	0.8807
3	9	0.9998	0.5245	0.5087
3	10	1.0000	0.6008	0.9994
3	11	1.0000	0.4884	0.0506
4	5	0.9981	0.8578	0.4611
4	6	0.9996	0.6270	0.1147
4	7	0.9955	0.6558	0.5984
4	9	0.9986	0.4922	0.3198
5	6	1.0000	0.9563	0.1089
6	7	0.9993	0.4622	0.5266
6	8	0.9993	0.0010	0.9998
6	9	1.0000	0.0050	0.2760
6	11	0.6030	0.0000	0.5913
7	8	0.9998	1.0000	1.0000
7	9	1.0000	0.8047	0.3777
7	11	0.9993	0.9992	0.4803
8	9	1.0000	0.9439	0.1671
8	11	1.0000	0.6454	0.8654
9	10	0.9997	0.8226	0.8270
9	11	0.9991	0.1588	0.2757
11	14	1.0000	0.7670	0.9720
11	15	0.9501	0.6421	0.0501
12	14	1.0000	0.4543	0.5266
12	15	0.9997	0.8713	0.5878
12	17	0.9990	0.6257	0.8315
12	20	0.9998	0.4583	0.3680
12	21	1.0000	0.4950	0.4700
13	14	0.9982	0.5331	0.0674
13	18	0.5723	0.5532	0.1759
13	19	0.9994	0.9397	0.2533
14	15	0.9998	0.5511	0.4971
14	17	0.9978	0.6064	0.7506
14	18	0.9988	0.0759	0.3471
14	19	0.9984	0.0812	0.3741
14	20	0.9999	0.5335	0.4735
14	21	0.9993	0.3917	0.4692
15	16	0.9996	0.9609	0.7379
15	17	0.9993	0.5418	0.5867
15	18	0.9996	0.9722	0.4096
15	19	0.9991	0.9701	0.2088
15	20	1.0000	0.4636	0.4283
15	21	0.9990	0.4393	0.3535
16	17	1.0000	0.9530	0.6791
17	18	0.9990	0.9507	0.4479
17	19	1.0000	0.9459	0.7163
17	20	1.0000	0.9065	0.5699
18	19	0.9993	0.7041	0.6471
18	20	0.9990	0.6074	0.2356
18	21	0.7067	0.5329	0.4634
19	20	0.9999	0.9178	0.1450
19	21	0.9999	0.5665	0.6999
20	21	0.9982	0.3209	0.3622
20	22	0.9985	0.0435	0.3450
21	22	0.9971	0.5685	0.1072
