0	1	1.0000	0.6966	0.5201
0	2	0.5511	0.6653	0.7231
0	3	0.8000	0.6517	0.5678
1	2	0.9000	0.8091	0.4376
1	3	0.9999	0.6195	0.5789
1	4	0.5514	0.5813	0.4196
2	3	0.9999	0.6040	0.4656
3	4	1.0000	0.7113	0.4664
4	5	0.8501	0.5806	0.5067
4	6	0.8001	0.5040	0.6871
5	6	0.9003	0.5849	0.5045
5	7	0.8998	0.5737	0.5246
5	8	0.5513	0.4329	0.5931
5	9	0.9499	0.6592	0.4168
6	7	0.9499	0.7623	0.5308
6	9	0.9998	0.7242	0.5366
7	8	0.7003	0.4209	0.6115
7	9	0.8502	0.4868	0.5656
8	9	0.9485	0.7330	0.4536
8	11	0.5002	0.6849	0.4965
9	10	0.9498	0.5588	0.5078
9	11	0.8002	0.6380	0.4778
10	11	0.9998	0.5332	0.4274
10	12	0.6979	0.5823	0.4298
11	12	0.9997	0.7328	0.4582
11	13	0.7000	0.5710	0.5150
11	14	0.8001	0.7187	0.4233
11	15	0.9000	0.5196	0.4526
11	16	0.9993	0.7742	0.3891
11	17	0.9997	0.7138	0.5215
11	18	0.9499	0.7467	0.4084
11	19	0.7999	0.6783	0.5859
12	13	0.5507	0.3204	0.2809
12	14	0.6717	0.4853	0.3451
12	17	0.6501	0.5335	0.7606
12	18	0.9996	0.7421	0.8661
13	14	0.9479	0.9200	0.0338
13	16	0.7172	0.7812	0.0429
13	17	0.7491	0.8371	0.7203
13	18	0.9986	0.8853	0.5515
13	19	0.5007	0.2214	0.4754
14	15	0.9489	0.6118	0.4885
14	16	0.7994	0.5586	0.4963
14	17	0.9977	0.4110	0.5206
14	18	0.9982	0.3440	0.4793
14	19	0.7497	0.4730	0.4266
15	16	0.9994	0.5262	0.5069
15	17	0.9000	0.5576	0.4600
15	18	0.9998	0.6237	0.7036
15	19	0.9498	0.6919	0.4510
16	17	0.9994	0.5182	0.5320
16	18	0.9999	0.4199	0.5392
16	19	0.9485	0.5108	0.4750
16	20	0.6506	0.4308	0.5450
17	18	1.0000	0.5737	0.5102
17	19	0.9993	0.4366	0.3099
17	20	0.5008	0.2995	0.4185
17	21	0.5007	0.2095	0.1842
18	19	0.9982	0.9805	0.2283
18	20	0.7003	0.8010	0.7279
18	21	0.7997	0.5591	0.4103
18	22	0.6002	0.3338	0.4785
19	20	0.9501	0.7979	0.6128
19	24	0.5511	0.7362	0.6416
20	23	0.7498	0.7132	0.6138
20	24	1.0000	0.4115	0.8352
20	25	0.5500	0.4862	0.3064
21	22	0.6995	0.5136	0.4806
21	23	0.7992	0.5693	0.5972
21	24	0.5014	0.3908	0.5421
22	23	0.9980	0.4743	0.7058
22	24	0.7999	0.3036	0.5710
23	24	0.8480	0.7148	0.5403
24	25	0.5999	0.7046	0.3808
