0	1	0.9988	0.9998	0.1074
0	2	0.9979	0.5928	0.6850
0	3	0.9999	0.4742	0.3543
0	7	0.9977	0.1333	0.3171
0	9	1.0000	0.4899	0.5932
0	10	0.9997	0.0369	0.5193
0	11	0.9995	0.8739	0.0032
1	2	0.9982	0.5099	0.0998
1	7	0.9493	0.8026	0.9993
1	11	0.9999	0.4609	0.5576
1	14	0.9998	0.6553	0.9981
2	3	0.9996	0.5437	0.3321
2	6	0.9987	0.3545	0.4040
2	7	0.9999	0.4998	0.4829
2	8	0.6513	0.0041	0.9965
2	9	0.9989	0.5479	0.4575
2	10	0.9496	0.9028	0.9861
2	11	0.9992	0.2501	0.1958
3	4	0.9994	0.5058	0.4498
3	5	1.0000	0.0006	0.0000
3	6	0.9992	0.5041	0.2428
3	7	0.9998	0.2943	0.4620
3	8	0.9998	0.7932	0.8688
3	9	0.9991	0.5333	0.4933
3	10	1.0000	0.6448	0.9994
3	11	1.0000	0.4642	0.0373
4	5	0.9976	0.8752	0.4810
4	6	0.9985	0.6561	0.1083
4	7	0.9952	0.6614	0.6275
4	8	0.7006	0.1357	0.8619
4	9	0.9981	0.4983	0.2845
5	6	1.0000	0.9445	0.1053
6	7	0.9998	0.4489	0.5286
6	8	0.9998	0.0000	1.0000
6	9	1.0000	0.0009	0.2159
6	11	0.7523	0.0000	0.6419
7	8	1.0000	1.0000	1.0000
7	9	1.0000	0.7807	0.3560
7	11	0.9996	0.9996	0.5417
8	9	1.0000	0.9526	0.1835
8	11	1.0000	0.5929	0.8865
9	10	0.9994	0.8104	0.7584
9	11	0.9995	0.1680	0.2251
11	14	0.9999	0.8821	0.9859
12	14	1.0000	0.4694	0.5436
12	15	0.9990	0.8118	0.5912
12	17	0.9998	0.6467	0.5289
12	21	1.0000	0.6292	0.3445
13	14	0.9963	0.5747	0.0405
13	17	0.6000	0.6185	0.6809
13	20	0.9487	0.9185	0.2849
13	22	0.9987	0.7834	0.6107
14	15	0.9998	0.5326	0.4676
14	17	1.0000	0.4877	0.6588
14	18	0.9988	0.3210	0.6367
14	19	0.9489	0.2455	0.5841
14	20	0.9996	0.0437	0.4390
14	21	1.0000	0.4802	0.4232
14	22	0.9989	0.0509	0.6215
15	16	0.9992	0.9271	0.3573
15	17	1.0000	0.7103	0.5321
15	18	0.9994	0.9740	0.9725
15	19	0.9996	0.8024	0.5126
15	20	0.9973	0.9860	0.5166
15	21	1.0000	0.5861	0.4055
15	22	0.9471	0.9521	0.0214
16	17	0.9978	0.5701	0.6643
17	18	0.9977	0.6274	0.9875
17	19	0.9992	0.3826	0.4920
17	20	0.9991	0.7596	0.7452
17	21	0.9990	0.4492	0.3316
17	22	0.6510	0.0905	0.0780
18	19	0.6500	0.8275	0.5963
18	21	0.8999	0.9963	0.2462
19	20	0.9992	0.8710	0.7486
19	21	0.5965	0.4642	0.2669
19	22	0.9993	0.4335	0.6055
20	21	1.0000	0.9484	0.2226
20	22	0.9992	0.8259	0.4551
20	23	0.9494	0.8999	0.4031
21	22	0.9971	0.3319	0.1497
21	23	0.9975	0.1919	0.0533
22	23	0.9972	0.3555	0.1620
