0	1	0.9985	0.8941	0.9961
0	26	0.9499	0.3934	0.7633
0	27	0.9001	0.4286	0.9708
1	26	0.9504	0.0754	0.9841
1	27	0.9993	0.4145	0.4368
1	30	0.9989	1.0000	0.9794
1	31	1.0000	0.0078	0.1374
2	3	0.8988	0.3434	0.2635
2	21	0.9948	0.4547	0.3984
2	22	0.9990	0.2248	0.0575
3	4	0.9980	0.8768	0.4500
3	5	0.9999	0.7247	0.7321
3	7	0.9984	0.6221	0.7994
3	16	0.9969	0.9827	0.8336
3	17	0.9998	0.9785	0.4473
3	18	0.9962	0.9127	0.2910
3	19	0.9998	0.7758	0.5730
3	21	1.0000	0.4875	0.4910
3	22	0.9982	0.9657	0.0480
4	5	0.9997	0.7174	0.7583
4	7	0.9499	0.6586	0.7618
4	15	0.8998	0.9310	0.8721
4	18	0.9468	0.7377	0.5683
4	19	0.8492	0.7602	0.6193
4	20	0.9989	0.7364	0.8615
4	21	0.8985	0.4960	0.1616
5	6	0.9993	0.8462	0.1980
5	19	0.8003	0.6148	0.7600
5	20	1.0000	0.7934	0.9293
5	21	0.9977	0.9614	0.0970
6	7	1.0000	0.4826	0.5655
6	15	1.0000	0.9050	0.7016
6	16	0.8473	0.3289	0.6920
6	17	0.9483	0.7777	0.1891
6	18	0.9969	0.8564	0.0633
6	19	1.0000	0.5576	0.4766
6	20	0.9502	0.4946	0.5771
6	21	0.9992	0.0861	0.5056
6	22	0.8001	0.1654	0.0367
7	8	0.9982	0.9626	0.4546
7	13	0.8503	0.1740	0.3621
7	15	0.9971	0.3293	0.6208
7	18	0.8002	0.0433	0.3796
7	19	0.9987	0.3899	0.6226
7	20	0.9995	0.3355	0.4954
7	21	0.9974	0.7453	0.1350
8	9	0.9998	0.9506	0.1637
8	13	0.9998	0.6669	0.6031
8	15	1.0000	0.4605	0.6436
8	18	0.7496	0.8934	0.2675
8	19	0.9986	0.2403	0.3597
8	20	0.9984	0.6438	0.6499
9	10	0.8004	0.9741	0.1000
9	12	0.9973	0.7048	0.9296
9	13	0.9991	0.5281	0.2798
9	14	0.9000	0.9624	0.6915
9	15	0.6503	0.4247	0.3826
9	28	0.9957	0.9593	1.0000
10	11	0.9999	0.4778	0.5291
10	12	0.9995	0.0122	0.3226
10	14	0.5573	0.0013	0.1108
10	24	0.7563	0.3587	0.3961
10	28	0.9987	0.2014	0.7032
10	29	0.9982	0.1912	0.6027
10	30	0.8049	0.1384	0.2074
11	12	0.9998	0.9962	0.2715
11	14	1.0000	1.0000	0.0672
11	28	0.9994	0.5165	0.7092
11	29	0.9981	0.2717	0.6663
12	13	0.9996	0.9661	0.1065
12	14	1.0000	0.7209	0.7095
13	14	1.0000	0.5566	0.4323
13	15	0.9999	0.5545	0.4787
13	17	0.5503	0.8006	0.3371
13	19	0.9998	0.5288	0.4237
14	15	0.9996	0.5502	0.2109
14	17	1.0000	0.1840	0.9146
14	18	0.9501	0.6778	0.9136
14	19	0.9984	0.7798	0.3784
15	17	0.9483	0.8003	0.4662
15	18	0.9989	0.1469	0.6857
15	19	0.9996	0.4851	0.4271
15	20	1.0000	0.0968	0.0715
16	17	0.9985	0.6226	0.3815
16	21	0.9995	0.5407	0.9348
16	22	0.9988	0.8761	0.0775
16	24	0.6500	0.4043	0.0729
17	18	0.9497	0.7632	0.4754
17	19	0.9989	0.5570	0.4510
17	22	0.8012	0.4885	0.1529
18	19	0.9997	0.5561	0.5493
19	20	0.9975	0.5011	0.1308
19	21	0.9999	0.3613	0.5672
21	22	0.9980	0.9480	0.0632
22	23	0.9985	0.9195	0.3569
22	24	1.0000	0.7979	0.2455
22	25	0.7008	0.9679	0.2816
22	30	1.0000	0.7573	0.9212
22	31	1.0000	0.8557	0.1934
23	24	0.9994	0.6414	0.7176
24	25	1.0000	0.9991	0.0527
24	26	0.9998	0.8796	0.2097
24	28	0.9993	0.5634	0.4582
24	29	1.0000	0.5223	0.9865
24	30	0.9996	0.4275	0.3634
24	31	0.9983	0.7892	0.6036
25	26	0.9988	0.7798	0.2303
25	27	0.9992	0.3028	0.5706
25	30	1.0000	0.0131	0.0286
25	31	0.9997	0.9226	0.9473
26	27	1.0000	0.6259	0.5777
26	28	0.9989	0.1356	0.0661
26	29	0.9998	0.0094	0.5703
26	30	0.9996	0.2713	0.1805
26	31	0.9992	0.7469	0.7218
27	29	0.7994	0.9879	0.6224
27	30	0.9997	0.7518	0.5459
27	31	0.9999	0.0006	0.4964
28	29	1.0000	0.3972	0.8222
28	30	0.9977	0.4916	0.1491
29	30	0.9993	0.9482	0.0248
30	31	0.9992	0.6599	0.4303
