0	1	0.9999	0.6412	0.3342
0	2	0.9997	0.6164	0.5161
0	3	0.9983	0.9713	0.4976
0	4	0.9988	0.3302	0.4417
0	5	0.9483	0.2977	0.4323
0	6	0.9970	0.0360	0.6164
0	7	0.8497	0.9508	0.8669
1	2	0.9987	0.4777	0.1038
1	4	1.0000	0.5180	0.3584
1	6	0.9999	0.5100	0.3184
1	7	1.0000	0.1643	0.7397
1	8	0.8514	0.0017	0.8501
1	9	0.9997	0.1281	0.2718
1	11	1.0000	0.6680	0.8497
1	12	1.0000	0.7208	0.3799
1	13	0.9999	0.4623	0.4345
2	3	0.9998	0.9878	0.5515
2	4	0.9986	0.2401	0.2767
2	13	1.0000	0.6385	0.3309
3	4	0.9974	0.8229	0.0229
4	5	0.9998	0.4833	0.5041
4	6	0.9995	0.3877	0.4159
5	6	0.9982	0.6894	0.4317
6	7	0.9991	0.3033	0.2966
6	9	0.6016	0.2208	0.0366
7	8	0.9988	0.6694	0.5092
7	9	0.9999	0.6557	0.4220
7	11	0.9979	0.4132	0.3210
7	13	0.9975	0.7535	0.1799
8	9	0.9996	0.7135	0.4498
8	10	0.9977	0.8295	0.2903
8	11	0.9499	0.4095	0.0650
9	10	0.9999	0.7546	0.3832
9	11	1.0000	0.4829	0.3623
9	12	0.9997	0.5884	0.6703
9	13	0.9975	0.3848	0.1744
10	11	0.9999	0.9027	0.4037
11	12	0.9979	0.9664	0.4734
