0	1	0.9958	0.8459	0.5134
0	2	0.9997	0.5917	0.3659
0	4	0.9995	0.8411	0.7942
0	5	1.0000	0.3517	0.8194
0	6	0.9999	0.6137	0.4336
0	8	0.9996	0.6686	0.6461
0	9	0.9491	0.8206	0.6184
0	15	0.9999	0.6929	0.9352
1	2	1.0000	0.7971	0.1478
1	3	0.9993	0.6695	0.7728
1	4	0.9981	0.9561	0.0000
1	6	0.9986	0.6316	0.4739
1	9	0.9998	0.2330	0.9483
1	12	0.9996	0.1405	0.9717
1	13	0.9979	0.0087	0.0018
1	15	0.9987	0.4813	0.3223
2	3	0.9990	0.7406	0.4281
2	4	0.9994	0.6436	0.5205
2	5	0.9984	0.2704	0.8902
3	4	1.0000	0.4821	0.3590
3	5	0.7501	0.3686	0.8816
4	5	0.9993	0.6084	0.6873
5	6	0.9995	0.6551	0.2271
5	8	0.9999	0.4061	0.4416
6	8	0.9997	0.6858	0.4882
6	9	0.9988	0.6152	0.5165
6	11	1.0000	1.0000	0.4552
6	12	0.9998	0.5550	0.4060
6	15	0.9983	0.3941	0.7916
7	8	1.0000	0.9195	0.1241
7	9	0.9998	0.8261	0.9582
7	11	0.9997	0.6496	0.2499
8	9	1.0000	0.5695	0.3581
8	11	1.0000	0.4855	0.6718
8	12	0.9991	0.6475	0.1160
9	11	0.9949	0.8377	0.5301
9	12	0.9998	0.5730	0.3546
9	15	0.9989	0.5207	0.7965
9	16	0.5025	0.0094	0.7487
9	17	0.9494	0.9165	0.0737
10	11	0.9966	0.6023	0.1434
10	12	0.9993	0.1231	0.9772
10	14	0.6515	0.0305	0.7337
10	17	0.9999	0.0022	0.6044
11	12	0.9995	0.6780	0.1995
11	17	0.9958	0.4689	0.0000
12	15	0.9993	0.5501	0.5917
12	16	0.9998	0.0125	0.9675
12	17	0.9987	0.7410	0.4938
13	14	0.9990	0.9470	0.5798
15	16	0.9982	0.9084	0.7931
15	17	1.0000	0.4967	0.7003
