0	1	0.9991	0.6191	0.4012
0	4	0.9996	0.4073	0.4153
0	5	1.0000	0.6887	0.5235
0	7	1.0000	0.4344	0.6013
0	8	0.9998	0.4596	0.6137
0	9	0.9983	0.5380	0.1963
1	2	0.8001	0.9777	0.1365
1	4	1.0000	0.5179	0.6663
1	5	0.9998	0.6814	0.4722
1	6	0.8986	0.6842	0.4585
1	7	0.9985	0.7037	0.4013
1	8	1.0000	0.5317	0.3812
1	9	0.8494	0.6595	0.1748
2	3	0.9987	0.3031	0.8700
3	4	0.9976	0.9372	0.1084
3	8	0.6995	0.7980	0.7742
4	5	0.9983	0.9672	0.5826
4	7	0.9491	0.6308	0.7728
4	8	0.9978	0.4130	0.6662
5	6	0.9999	0.7081	0.7004
5	7	1.0000	0.7362	0.2362
5	8	1.0000	0.4923	0.9758
5	9	0.6998	0.5934	0.3736
6	7	0.5997	0.6240	0.4257
6	8	0.7477	0.2987	0.5141
6	9	0.5004	0.3118	0.3427
7	8	1.0000	0.5430	0.6366
7	9	0.9986	0.2656	0.2280
7	12	0.9499	0.1020	0.9099
7	28	0.5008	0.9212	0.2767
8	9	0.9984	0.9980	0.0451
9	12	0.9495	0.1932	0.7802
10	11	0.9968	0.7523	0.0078
10	12	0.9998	0.5398	0.7332
10	13	0.9955	0.7035	0.0005
10	15	0.9973	0.7550	0.0024
10	17	0.9943	0.5033	0.0000
10	19	0.9987	0.3620	0.0000
10	22	0.9969	0.4693	0.0009
10	23	0.5519	0.1791	0.9527
10	24	0.9955	0.5112	0.0081
10	26	0.9963	0.5606	0.0357
11	12	0.9987	0.7386	0.7019
11	15	0.9989	0.4732	0.3026
11	17	0.7994	0.3653	0.1975
11	19	0.9992	0.1341	0.2326
11	22	0.9994	0.0985	0.2144
11	24	0.9999	0.0580	0.3109
11	25	0.9980	0.6254	0.5119
11	26	1.0000	0.3725	0.6494
11	27	1.0000	0.9562	0.9026
11	28	0.8489	0.2730	0.4612
12	13	0.9976	0.5975	0.1894
12	14	1.0000	0.4907	0.7738
12	15	0.9990	0.5590	0.2206
12	28	0.5004	0.7807	0.2500
13	14	0.9999	0.5589	0.5790
13	15	0.9989	0.4689	0.5183
13	16	0.5517	0.5661	0.6763
13	17	0.9999	0.5253	0.4506
13	19	0.9998	0.5942	0.4217
13	22	0.9996	0.6398	0.4547
13	24	0.9995	0.4976	0.5126
13	26	1.0000	0.6075	0.9644
14	15	1.0000	0.5053	0.5595
14	16	1.0000	0.2292	0.6793
14	17	0.9987	0.2381	0.2086
15	16	0.9979	0.7887	0.7219
15	17	1.0000	0.5306	0.3810
15	19	1.0000	0.6185	0.3666
15	22	0.9988	0.5277	0.3335
15	24	0.9988	0.2725	0.4511
15	26	1.0000	0.4693	0.9443
16	17	0.9998	0.5709	0.3024
17	18	0.9998	0.4463	0.5816
17	19	0.9997	0.4959	0.4711
17	21	0.7492	0.8276	0.2596
17	22	0.9998	0.4840	0.4624
17	24	0.9491	0.3749	0.4301
17	26	0.9986	0.5118	0.8951
18	19	0.9977	0.5851	0.1324
18	21	0.9998	0.2649	0.8280
18	22	0.9975	0.6548	0.0564
19	20	0.9499	1.0000	0.2121
19	21	0.9998	0.5361	0.5253
19	22	0.9989	0.4645	0.4770
19	23	0.9997	0.9549	0.9033
19	24	0.9993	0.4330	0.4581
19	26	0.9983	0.5637	0.8218
20	21	0.9992	0.9683	0.0383
20	23	0.9990	0.9698	0.0854
21	22	0.9998	0.5741	0.4299
21	23	1.0000	0.2154	0.8649
22	23	0.9984	0.8698	0.8458
22	24	0.6346	0.3822	0.3967
22	25	0.6995	0.9990	0.6188
22	26	0.9992	0.5567	0.6419
23	24	0.9995	0.8130	0.6493
23	25	1.0000	0.3023	0.7127
23	27	0.9991	0.1138	0.4837
24	25	0.9993	0.9336	0.7644
24	26	0.9494	0.5272	0.5325
25	26	0.9999	0.5603	0.5587
25	27	0.9997	0.0984	0.2478
25	28	1.0000	0.5135	0.7894
25	29	0.8985	0.2518	0.2159
25	30	0.8497	0.4835	0.2732
26	27	0.9996	0.9989	0.3413
26	28	0.9997	0.8340	0.3976
27	28	0.9999	0.6999	0.2604
27	30	0.9993	0.6072	0.3797
28	29	1.0000	0.6861	0.5240
28	30	1.0000	0.6765	0.4330
29	30	0.9999	0.6590	0.3125
