0	3	0.6009	0.5763	0.5904
1	2	0.7503	0.6225	0.3539
1	3	0.9494	0.4987	0.4996
2	3	0.9991	0.5478	0.4005
3	40	0.6500	0.4275	0.7421
4	5	0.9998	0.6209	0.4575
4	6	0.9493	0.5014	0.6311
4	8	0.5503	0.4487	0.4638
4	9	0.9000	0.5712	0.4189
4	10	0.6495	0.5217	0.3759
5	6	0.6003	0.7691	0.4596
5	7	0.7498	0.5673	0.4841
5	9	0.8998	0.8312	0.3980
6	7	0.9995	0.5854	0.3284
6	9	0.8503	0.5510	0.4639
6	10	0.7999	0.4177	0.5995
6	11	0.7701	0.3687	0.4992
6	12	0.8993	0.7185	0.2979
6	40	0.5501	0.2905	0.6196
7	8	0.8485	0.5236	0.5149
7	9	0.8998	0.5652	0.5474
7	10	0.9991	0.5066	0.4976
7	11	0.9996	0.4300	0.5886
7	12	0.5491	0.4927	0.4497
7	14	0.5004	0.6754	0.2845
8	9	0.9001	0.6522	0.3966
8	10	0.8990	0.5478	0.5874
9	10	0.8998	0.4929	0.6019
9	11	0.7693	0.4489	0.6242
9	12	0.5506	0.5372	0.6031
10	11	0.9996	0.6102	0.4491
10	12	0.9977	0.5199	0.6055
10	13	0.5494	0.7383	0.2378
10	14	0.7497	0.6739	0.5024
10	15	0.8495	0.4866	0.3301
11	12	0.9996	0.6329	0.5463
11	14	0.8499	0.2672	0.6626
11	15	0.6322	0.4830	0.5676
12	13	0.9498	0.9349	0.2438
12	14	0.8492	0.7801	0.6757
12	15	0.9490	0.7389	0.4452
12	16	0.6004	0.1887	0.6325
13	14	0.9987	0.6124	0.1872
14	15	0.9497	0.7797	0.3741
15	16	0.8504	0.5375	0.5533
15	17	0.9992	0.5228	0.3937
15	18	0.6006	0.3348	0.4643
15	19	0.7997	0.3304	0.3939
16	17	0.9503	0.7630	0.3123
16	19	0.8501	0.7957	0.2370
17	18	0.9987	0.8517	0.4907
17	19	0.9993	0.6221	0.5432
17	20	0.7008	0.6188	0.6045
17	21	0.9000	0.5625	0.4854
18	19	0.9995	0.5019	0.5934
18	21	0.8499	0.5283	0.4167
19	20	0.9498	0.5869	0.5090
19	21	0.9989	0.5006	0.4902
19	23	0.5001	0.5772	0.6048
19	25	0.6506	0.6093	0.5251
20	21	0.9997	0.6172	0.3742
20	22	0.5504	0.5893	0.2968
21	22	0.6006	0.6808	0.4713
21	23	0.7503	0.5169	0.5534
21	24	0.8003	0.5020	0.3553
21	25	0.6522	0.4631	0.4275
22	23	0.7506	0.6952	0.4524
22	24	0.7003	0.4823	0.3106
22	25	0.8006	0.5796	0.6245
22	26	0.8501	0.5455	0.5091
23	24	0.5542	0.4923	0.3538
23	25	0.7504	0.4909	0.5677
24	25	0.8995	0.4053	0.5740
24	27	0.5010	0.4618	0.6081
25	26	0.9000	0.7895	0.6303
25	27	0.9221	0.7696	0.4518
25	28	0.7000	0.5529	0.5090
25	29	0.9499	0.4794	0.4707
25	31	0.6500	0.6701	0.3446
25	34	0.8009	0.5377	0.5515
26	27	0.8500	0.7508	0.5331
26	28	0.7504	0.5802	0.4444
27	29	0.5003	0.4477	0.0683
28	29	0.6051	0.5103	0.1246
28	31	0.6514	0.3381	0.5035
28	34	0.6503	0.5340	0.5149
29	30	0.9486	0.5396	0.4774
29	31	0.9988	0.3762	0.4359
29	32	0.8996	0.2847	0.7212
29	33	0.6997	0.4111	0.4955
29	34	0.9991	0.5457	0.5346
29	35	0.8991	0.4480	0.5067
29	36	0.9484	0.4917	0.5878
29	37	0.5506	0.4271	0.4699
30	31	0.7513	0.5716	0.4508
30	32	0.9998	0.6505	0.5141
30	33	0.9991	0.5377	0.5575
30	34	0.9495	0.5234	0.6318
30	35	0.7490	0.5014	0.5672
30	37	0.7998	0.7916	0.4299
31	32	0.7998	0.6754	0.4233
31	33	0.9490	0.5765	0.4699
31	34	0.9993	0.5432	0.6597
31	35	0.7504	0.5357	0.5887
31	36	0.5505	0.4714	0.4673
32	33	0.9998	0.5800	0.4892
32	34	0.9999	0.7217	0.4771
32	35	0.8502	0.5769	0.5729
32	36	0.8522	0.4981	0.4424
33	34	0.9993	0.5185	0.5102
33	35	0.9480	0.5324	0.6250
33	36	0.9973	0.4382	0.6195
33	37	0.8995	0.4666	0.6054
33	38	0.8492	0.4158	0.5365
34	35	0.9994	0.6462	0.4935
34	36	1.0000	0.6935	0.5952
34	37	0.9995	0.5680	0.6470
34	38	0.8498	0.5979	0.5827
35	37	0.9495	0.6043	0.5012
35	38	0.5506	0.4997	0.4539
36	37	0.9496	0.7659	0.4987
36	38	0.5011	0.4858	0.5300
37	38	0.9500	0.7891	0.6139
37	40	0.5006	0.4854	0.4378
37	41	0.7503	0.6256	0.4261
38	42	0.5003	0.6175	0.5580
39	40	0.8497	0.6614	0.3955
40	41	0.9992	0.6447	0.2581
40	42	0.5011	0.3321	0.2384
41	42	0.9486	0.6529	0.3090
41	47	0.7008	0.6245	0.5257
42	43	0.5004	0.6099	0.4638
42	44	0.9987	0.7197	0.5751
42	45	0.7122	0.5138	0.4677
42	46	0.5004	0.8490	0.4119
42	47	0.9498	0.4733	0.4068
42	48	0.5005	0.5858	0.4029
42	58	0.5506	0.3841	0.3187
43	44	0.7999	0.6417	0.3896
43	46	0.5006	0.3689	0.3179
44	45	0.9493	0.5204	0.4747
44	46	0.5508	0.6024	0.1169
44	47	0.9994	0.5840	0.3216
44	48	0.6006	0.5983	0.4413
45	46	0.5019	0.6802	0.5053
45	47	0.9994	0.5453	0.3282
45	48	0.7507	0.5472	0.3075
46	47	0.8495	0.4675	0.2009
47	48	0.9983	0.7061	0.1798
47	49	0.5509	0.3619	0.4609
47	51	0.8492	0.3957	0.4984
47	52	0.5504	0.5404	0.4243
47	53	0.5020	0.2693	0.2835
47	55	0.5006	0.4927	0.4020
47	56	0.7004	0.3580	0.5944
47	57	0.9493	0.4852	0.4796
47	58	0.9499	0.5769	0.3696
48	49	1.0000	0.8090	0.5094
48	50	0.9993	0.5090	0.2896
48	51	0.9997	0.2876	0.8123
48	52	0.9496	0.7344	0.8191
48	53	0.6501	0.5569	0.5329
48	55	0.9497	0.3566	0.4660
48	56	0.6997	0.5292	0.5082
48	58	0.6505	0.2864	0.5359
49	50	0.7504	0.5125	0.3651
50	51	0.9980	0.5568	0.5309
50	52	0.6505	0.5787	0.3979
50	53	0.5502	0.4129	0.4361
50	54	0.9990	0.4579	0.4639
50	55	0.8987	0.5073	0.5328
50	56	0.8004	0.6301	0.5239
50	57	0.9499	0.5332	0.3692
50	58	0.6504	0.4523	0.6050
51	52	0.9979	0.8677	0.6761
51	53	0.9493	0.6299	0.5276
51	55	0.7500	0.5127	0.5042
51	56	0.8494	0.7103	0.6551
51	57	0.9996	0.6034	0.3924
51	58	0.8998	0.6720	0.4391
52	53	0.8493	0.7791	0.2270
52	54	0.7998	0.8137	0.6686
52	55	0.8495	0.6464	0.7048
52	56	0.7501	0.7745	0.6377
52	57	0.9980	0.7408	0.3704
52	58	0.8501	0.5718	0.8249
53	54	0.8992	0.3973	0.6940
53	55	0.9175	0.3997	0.4213
53	56	0.8991	0.4751	0.6073
53	57	0.8998	0.5962	0.4832
53	58	0.5503	0.5169	0.4351
54	55	0.9000	0.5799	0.4288
54	56	0.7460	0.6327	0.3793
54	57	0.9001	0.7041	0.1813
54	58	0.6509	0.6678	0.6289
55	56	0.9488	0.5842	0.5697
55	57	0.9998	0.5583	0.4486
55	58	0.7029	0.4314	0.4575
56	57	0.9499	0.6797	0.3106
56	58	0.8001	0.6291	0.4674
57	58	0.9990	0.5618	0.5421
57	59	0.7010	0.2845	0.3552
