0	1	0.9998	0.5562	0.4346
0	13	0.9986	0.6546	0.3380
0	14	0.8992	0.5268	0.4970
0	15	0.9995	0.7170	0.3088
1	2	0.9997	0.9383	0.3761
1	13	0.9993	0.6220	0.5567
1	14	0.9494	0.5994	0.4726
1	15	0.9991	0.4912	0.2816
2	3	0.8055	0.9461	0.0659
2	12	0.9986	0.9366	0.8681
2	13	1.0000	0.4255	0.9007
2	14	0.9999	0.4652	0.5656
2	15	1.0000	0.7370	0.4168
3	4	1.0000	0.6346	0.7491
3	5	0.9995	0.0180	0.6720
3	6	0.9976	0.4141	0.6170
3	10	0.6009	0.3817	0.1844
3	11	0.9494	0.6255	0.5185
3	12	0.9990	0.2561	0.4577
3	15	0.9984	0.1811	0.2678
4	5	0.8499	0.9216	0.0797
4	6	1.0000	0.8563	0.7697
4	11	0.9997	0.7937	0.1941
4	12	0.7990	0.6992	0.0161
5	6	0.9988	0.1946	0.0476
5	12	0.7977	0.6255	0.4752
6	7	0.9988	0.8828	0.5893
6	8	0.9494	0.8696	0.9886
6	9	0.9990	0.9661	0.9376
6	10	0.9983	0.5647	0.1764
6	11	0.5004	0.8205	0.3862
6	12	0.9984	0.3379	0.4553
7	8	1.0000	0.8390	0.7336
7	9	0.9995	0.9778	0.9508
8	9	0.9993	0.8371	0.7469
8	10	0.8985	0.9162	0.1068
8	11	0.9486	0.1829	0.4882
9	10	0.9493	0.7857	0.4538
9	11	0.9986	0.6422	0.2897
10	12	0.5499	0.3336	0.5818
11	12	0.9978	0.9938	0.0121
12	13	0.9994	0.8807	0.6586
12	14	0.9999	0.7378	0.5845
12	15	0.5520	0.7680	0.1704
13	14	0.9980	0.5696	0.6734
13	15	0.8990	0.2979	0.1107
14	15	0.9998	0.9769	0.2271
