0	1	0.9994	0.8670	0.2580
0	2	1.0000	0.7161	0.8154
0	3	0.9000	0.5208	0.6023
0	4	0.8492	0.3214	0.6629
0	5	0.8501	0.3866	0.6395
0	6	0.6002	0.5493	0.4466
0	7	0.9994	0.7222	0.2461
0	8	0.9998	0.8111	0.7404
0	9	0.6006	0.5256	0.5567
1	2	0.9982	0.4532	0.4359
1	8	0.6004	0.4798	0.3460
1	9	0.5027	0.4199	0.3801
2	3	0.9497	0.9661	0.2375
3	4	0.9992	0.7327	0.8290
3	5	0.9504	0.6050	0.5391
3	6	0.9985	0.5609	0.3302
3	7	0.9987	0.3984	0.4167
3	8	0.9994	0.5007	0.7082
4	5	0.9480	0.6485	0.5861
4	8	0.5496	0.7175	0.4169
5	6	0.9499	0.9268	0.1225
5	8	0.8000	0.6602	0.3882
5	9	0.9499	0.7009	0.4287
6	7	0.5995	0.6319	0.1080
6	8	0.8000	0.5896	0.7001
6	9	0.9996	0.2966	0.7478
7	8	0.9994	0.5357	0.4888
7	9	0.9987	0.2474	0.3782
8	9	0.9995	0.8694	0.3344
8	10	0.7503	0.6957	0.3898
8	11	0.6004	0.4953	0.5373
8	12	0.8502	0.5621	0.5494
8	13	0.7505	0.5989	0.4982
9	10	0.9997	0.8175	0.5044
9	11	0.9484	0.5322	0.3329
9	12	0.9997	0.5468	0.7891
9	13	0.9003	0.6228	0.6740
10	11	0.9988	0.6577	0.1994
10	12	1.0000	0.5696	0.6288
10	13	0.6508	0.6078	0.6912
11	12	1.0000	0.4946	0.5006
11	13	0.9994	0.6512	0.3737
11	14	0.9987	0.2733	0.4212
12	13	0.9998	0.7885	0.4869
12	14	0.7988	0.8811	0.5397
13	14	0.6503	0.6036	0.4576
