0	1	0.9496	0.9256	0.2348
0	3	0.9990	0.8815	0.3735
0	4	0.9989	0.6262	0.5947
0	5	0.9997	0.9618	0.3165
0	6	0.9995	0.8057	0.3792
0	7	0.6009	0.8321	0.3302
0	8	0.8500	0.7945	0.5779
0	9	0.9980	0.5100	0.0975
0	13	0.5506	0.7457	0.4597
0	22	0.9993	0.3506	0.4301
1	2	0.9993	0.6528	0.3863
1	3	0.9003	0.0724	0.0609
1	4	0.9987	0.2728	0.9459
1	5	0.7000	0.3790	0.3077
1	22	0.8023	0.0057	0.2698
1	23	0.8488	0.5561	0.8554
2	3	0.9486	0.5601	0.0389
2	4	0.9986	0.1400	0.9875
2	5	0.6502	0.2292	0.3115
3	4	0.9998	0.4627	0.2166
3	5	0.5511	0.1765	0.8402
3	6	0.9983	0.5810	0.4786
3	8	0.5005	0.3064	0.4744
3	9	0.9486	0.2596	0.6228
3	21	0.9999	0.3174	0.9060
3	22	1.0000	0.6045	0.4837
3	23	0.9999	0.5491	0.6931
4	5	0.9985	0.9481	0.3507
4	6	0.6252	0.7400	0.3150
4	22	0.8998	0.1756	0.3901
5	6	0.8979	0.7102	0.4132
6	7	0.6011	0.6762	0.2963
6	8	0.5501	0.4011	0.4462
6	21	0.6499	0.5536	0.6125
6	22	0.9985	0.2829	0.5547
7	8	0.9989	0.7292	0.6697
7	9	0.9991	0.3270	0.5356
7	10	0.7000	0.5386	0.3835
7	13	0.8986	0.5369	0.6850
7	14	0.8488	0.6127	0.0525
7	21	0.7998	0.6252	0.6416
7	22	0.9985	0.6969	0.2975
8	9	0.7003	0.5960	0.3904
8	10	0.8994	0.4644	0.3186
8	13	0.9995	0.6534	0.4445
8	21	0.7999	0.5205	0.5687
9	13	0.8997	0.7862	0.4910
9	21	0.9981	0.6971	0.6376
9	22	0.9966	0.4671	0.6278
10	11	0.8980	0.8917	0.5428
10	12	0.9999	0.6979	0.3994
10	13	0.8498	0.4952	0.8111
10	14	0.9993	0.5279	0.4690
10	15	0.5500	0.5204	0.3091
10	16	0.7500	0.4688	0.3895
11	12	0.7994	0.6456	0.1126
11	15	0.5004	0.6697	0.3301
11	17	0.5510	0.2824	0.4017
12	13	0.9501	0.7497	0.2935
12	14	0.7496	0.2293	0.4584
13	14	0.8995	0.9184	0.1839
13	19	0.9988	0.5469	0.5170
13	21	0.7507	0.7550	0.4646
14	15	0.9969	0.9550	0.6494
14	16	0.8500	0.5606	0.6593
14	17	0.8999	0.5674	0.6409
14	19	0.5277	0.3098	0.2454
15	16	0.7484	0.6071	0.6071
15	17	0.6013	0.5227	0.5231
16	17	0.9990	0.6438	0.3648
17	18	0.9993	0.8221	0.4380
17	19	0.9990	0.8516	0.2007
17	21	0.6503	0.5863	0.3082
18	19	0.9988	0.8072	0.3408
18	21	0.7004	0.5144	0.4526
19	20	0.9993	0.6841	0.1435
19	21	0.8990	0.5696	0.2406
20	21	0.9494	0.6969	0.4087
21	22	0.9486	0.9383	0.4344
22	23	0.9496	0.9676	0.1335
