0	1	0.6508	0.9321	0.2057
0	2	0.9993	0.9819	0.6317
0	3	1.0000	0.6848	0.3067
0	5	0.7502	0.8759	0.4369
0	7	0.6001	0.6772	0.3895
0	9	0.9987	0.4472	0.5759
0	10	0.5513	0.7853	0.6948
0	11	0.9496	0.8117	0.9818
0	14	0.9991	0.4643	0.3127
0	15	0.9996	0.5232	0.5218
0	16	0.5508	0.5892	0.5229
1	2	0.8984	0.9385	0.3755
1	3	0.9995	0.5889	0.9900
1	4	0.9472	0.6522	0.3116
2	3	0.9998	0.8200	0.1765
2	4	0.9999	0.1846	0.8754
2	5	0.5053	0.5525	0.2300
3	4	0.9992	0.7988	0.4975
3	5	0.9995	0.6339	0.5339
3	6	0.7007	0.4444	0.3601
3	7	0.9985	0.5228	0.4732
3	9	0.9489	0.4019	0.5212
3	11	0.5488	0.0849	0.8677
3	15	0.9479	0.3528	0.6190
4	5	0.8997	0.3120	0.2917
5	6	0.9996	0.7222	0.5960
5	7	0.9998	0.6136	0.5061
5	8	0.9004	0.8691	0.6430
5	9	0.9989	0.5337	0.4094
5	15	0.7490	0.3723	0.3446
6	7	0.9999	0.6611	0.3948
6	8	0.9992	0.2411	0.6471
7	8	0.9992	0.7022	0.5625
7	9	0.9995	0.5869	0.4170
7	15	0.9991	0.7266	0.4447
8	9	0.9986	0.6630	0.1014
8	13	0.7974	0.3395	0.6970
8	14	0.9500	0.4347	0.6685
8	15	0.8992	0.7757	0.0480
9	10	0.9994	0.9827	0.3438
9	11	0.9984	0.8686	0.7218
9	12	0.5007	0.8868	0.4454
9	13	0.9991	0.8094	0.6745
9	14	0.9994	0.6753	0.7178
9	15	0.9994	0.5298	0.4286
9	16	0.9990	0.7778	0.6923
10	11	0.9972	0.4475	0.5468
10	12	0.9968	0.4865	0.7831
10	13	0.9980	0.5172	0.2360
10	14	0.5007	0.2977	0.3280
10	15	0.9485	0.3102	0.8062
10	16	0.9990	0.2590	0.2863
11	12	0.9972	0.6830	0.6782
11	13	0.8004	0.4898	0.4263
11	15	0.9982	0.5786	0.5605
11	16	0.8989	0.2373	0.4760
12	13	0.6509	0.7540	0.2648
12	15	0.6999	0.5235	0.6463
13	14	0.9999	0.6914	0.4058
13	15	0.9498	0.6793	0.3562
13	16	0.9999	0.2861	0.7490
14	15	0.9985	0.6872	0.1029
14	16	0.9501	0.2924	0.8004
15	16	0.9500	0.7106	0.5224
