0	1	0.9993	0.7299	0.2330
0	3	0.9998	0.2628	0.8112
0	4	0.9996	0.4029	0.5365
0	5	0.9996	0.5582	0.3962
1	2	0.9956	0.9917	0.9488
1	3	0.9984	0.7203	0.6171
1	4	0.9994	0.2418	0.4378
1	5	0.9991	0.5015	0.3090
2	3	0.9977	0.6378	0.0580
2	5	0.8496	0.6717	0.9609
2	6	0.5857	0.5931	0.1842
2	11	0.7506	0.3496	0.5309
3	4	0.9985	0.9259	0.4572
3	5	0.9999	0.8985	0.4753
3	12	0.9975	0.6792	0.2612
3	18	0.5506	0.5452	0.5274
3	19	0.7498	0.7502	0.5855
4	5	0.9989	0.6030	0.3586
5	6	1.0000	0.8206	0.4197
5	7	0.9483	0.4243	0.8599
5	8	0.6492	0.6897	0.2488
5	9	0.8491	0.5854	0.6541
6	7	1.0000	0.5346	0.6408
6	8	0.9997	0.4746	0.6616
6	9	0.9998	0.4931	0.6047
6	10	1.0000	0.4885	0.5564
6	12	0.7997	0.6794	0.5046
7	8	0.9980	0.8624	0.3373
7	9	0.9995	0.6715	0.3011
7	10	0.9998	0.7391	0.1460
8	9	0.9493	0.6974	0.1390
8	10	0.9964	0.6028	0.0557
9	10	0.9999	0.5964	0.3861
9	11	0.9992	0.3354	0.5126
9	12	0.9492	0.4789	0.3637
10	11	1.0000	0.5091	0.5783
10	12	0.9986	0.2997	0.4158
11	12	0.9994	0.9216	0.3002
11	13	0.9986	0.3894	0.4024
11	14	0.9500	0.3047	0.3658
11	15	0.9995	0.3958	0.5151
11	16	0.9982	0.8063	0.3630
12	13	0.9486	0.9532	0.1295
12	14	0.7011	0.9878	0.3083
12	15	0.5510	0.7411	0.7853
12	16	0.9985	0.7501	0.2359
12	19	0.8987	0.7940	0.7462
13	14	0.8980	0.5834	0.1782
13	15	0.9503	0.5450	0.5313
13	16	0.8491	0.3198	0.3664
13	17	0.8527	0.4983	0.6471
13	18	0.7003	0.0770	0.8564
14	15	0.9976	0.5897	0.1613
14	16	0.6813	0.1676	0.3741
14	17	0.9985	0.5976	0.9185
15	16	0.8998	0.9951	0.2152
15	17	0.9500	0.6338	0.7185
15	18	0.6002	0.6467	0.4994
16	17	0.9963	0.5228	0.0885
16	18	0.9998	0.0996	0.9267
16	19	0.7919	0.4521	0.7572
17	18	0.9998	0.6700	0.5249
18	19	0.9994	0.9905	0.6294
