0	1	1.0000	0.7281	0.3793
0	2	0.9001	0.6817	0.3640
0	3	0.9499	0.5418	0.5816
0	4	1.0000	0.7398	0.4714
0	5	0.9500	0.7177	0.4453
0	6	0.8005	0.5454	0.4022
1	2	1.0000	0.6300	0.4989
1	3	0.9997	0.5652	0.4583
1	4	0.9999	0.4440	0.8771
1	6	0.6001	0.5924	0.3794
2	3	0.9499	0.7034	0.5042
2	4	0.8999	0.5988	0.4929
2	5	0.7003	0.5382	0.5192
3	4	0.9998	0.7858	0.4767
3	5	0.6011	0.5987	0.4265
4	5	0.9994	0.8267	0.4654
4	6	0.9995	0.6910	0.6412
5	6	0.9500	0.6914	0.3242
5	7	0.7503	0.4976	0.7163
6	7	0.9992	0.7539	0.3481
7	8	0.9998	0.9300	0.3718
7	9	0.5507	0.4211	0.4399
8	9	0.7999	0.4573	0.5030
8	13	0.6003	0.5821	0.4835
10	13	0.8496	0.6899	0.5751
11	12	0.9997	0.8530	0.1810
11	13	0.7503	0.5418	0.5243
11	18	0.9498	0.7321	0.1474
11	20	0.9994	0.8323	0.1915
11	23	0.9992	0.7053	0.5761
12	13	0.9993	0.7420	0.2667
12	18	0.9975	0.4406	0.5680
12	19	0.9496	0.4257	0.7407
12	20	0.9992	0.4956	0.5133
12	21	0.9487	0.7691	0.5149
12	22	0.9993	0.5967	0.9026
12	23	0.8988	0.5691	0.5983
13	14	0.8994	0.8622	0.6779
13	18	1.0000	0.4704	0.4631
13	20	1.0000	0.1763	0.8514
14	17	0.9993	0.5679	0.8082
14	18	0.6009	0.5502	0.2668
15	16	0.9496	0.7534	0.5847
15	17	0.9999	0.7316	0.4053
15	18	0.6502	0.5934	0.5591
15	19	0.7992	0.6711	0.2594
16	17	0.9984	0.8278	0.2858
16	18	0.8499	0.4501	0.5818
16	19	0.6010	0.2802	0.3532
17	18	0.9999	0.6738	0.3180
17	19	0.9999	0.1764	0.6032
17	20	0.7024	0.6592	0.3418
18	19	0.8997	0.7948	0.5413
18	20	1.0000	0.6188	0.4417
19	20	0.9988	0.8447	0.4056
19	22	0.8999	0.5533	0.5101
20	21	0.9978	0.9687	0.4936
20	22	0.9497	0.7355	0.8450
20	23	0.9986	0.4762	0.4715
21	22	0.9990	0.6760	0.2981
21	23	0.9994	0.3848	0.7206
22	23	0.9993	0.8870	0.1193
24	25	0.9988	0.7142	0.6787
24	26	1.0000	0.6606	0.4964
24	27	1.0000	0.7047	0.4663
25	26	0.9965	0.9852	0.3746
25	27	0.9483	0.7296	0.6634
25	28	0.9952	0.4728	0.7215
25	29	0.9485	0.9558	0.3132
26	27	0.9996	0.7124	0.2958
26	28	0.9990	0.3515	0.9710
26	29	0.9006	0.5110	0.5434
26	30	0.8501	0.3776	0.4062
26	31	0.5504	0.5974	0.3615
27	28	0.8994	0.5245	0.2684
27	29	0.8998	0.5246	0.5569
27	30	0.7001	0.3416	0.4591
28	29	0.8489	0.7647	0.3587
29	30	0.7997	0.4353	0.3802
29	31	0.8506	0.6371	0.3967
30	31	0.9501	0.5460	0.5878
30	32	0.5504	0.5103	0.2308
30	33	0.8325	0.4940	0.7778
30	52	0.7999	0.5099	0.5171
31	32	0.9990	0.7941	0.2695
31	33	1.0000	0.4536	0.8591
31	44	0.5503	0.6506	0.5259
31	48	0.9495	0.6280	0.4490
31	49	0.8005	0.3695	0.5657
31	52	0.6997	0.4763	0.6018
32	33	0.9988	0.9731	0.1614
32	39	0.9982	0.3364	0.6509
32	40	0.9485	0.9780	0.0201
32	44	0.9973	0.3413	0.7712
32	45	0.9483	0.9994	0.0279
32	46	0.9992	0.8675	0.3690
32	47	1.0000	0.2419	0.8194
32	48	0.9990	0.5833	0.6239
32	50	0.5518	0.7493	0.3087
33	34	0.9961	0.9506	0.2154
33	35	0.8003	0.5942	0.4124
33	39	1.0000	0.2660	0.9068
33	44	1.0000	0.1993	0.9684
33	48	0.9999	0.1964	0.8455
33	49	0.9497	0.4200	0.3114
33	52	0.9996	0.5516	0.6112
34	35	0.8004	0.7470	0.4880
35	36	0.6002	0.7365	0.3173
35	41	0.5005	0.6451	0.5459
36	37	0.8997	0.5859	0.5305
36	41	0.6501	0.5428	0.5183
37	38	0.8500	0.7900	0.4121
37	41	0.7003	0.4460	0.6457
37	42	0.7502	0.6492	0.4677
38	39	0.9994	0.8578	0.0973
38	41	0.9003	0.3826	0.8498
38	42	0.9494	0.6900	0.4522
38	44	0.7003	0.8012	0.1975
39	40	0.8993	0.9873	0.1360
39	41	0.9996	0.7602	0.6357
39	44	0.9995	0.4659	0.5003
39	46	0.7507	0.6889	0.4653
39	47	0.9997	0.3068	0.7162
40	41	0.9976	0.5478	0.1266
40	44	0.9001	0.1238	0.9813
40	46	0.8994	0.4430	0.2775
41	42	0.8997	0.8336	0.1776
41	43	0.8502	0.6191	0.3450
41	44	0.8496	0.7079	0.4880
41	45	0.8003	0.3718	0.7474
41	47	0.9993	0.8436	0.5592
42	43	0.9991	0.5002	0.4732
44	46	0.8501	0.7572	0.4689
44	47	1.0000	0.3934	0.6876
44	48	0.8503	0.7931	0.4136
45	46	0.9987	0.9357	0.1784
45	48	0.7512	0.1983	0.9207
46	47	0.9989	0.8572	0.5765
46	48	0.9502	0.5423	0.5370
47	48	0.9492	0.7634	0.1210
49	50	0.9998	0.6849	0.4378
49	51	0.9988	0.4282	0.3383
49	53	0.9497	0.7395	0.3481
50	51	0.9990	0.7566	0.1558
50	52	0.9994	0.5707	0.9295
51	52	0.9999	0.5008	0.5936
51	53	1.0000	0.1678	0.6281
52	53	0.9986	0.9491	0.3157
