0	21	0.5018	0.7842	0.5257
0	22	0.7498	0.4201	0.6158
0	28	0.5506	0.4545	0.3990
0	31	0.5553	0.6462	0.3309
0	32	0.9994	0.3242	0.7400
1	2	0.9495	0.5785	0.7519
1	3	0.6996	0.6320	0.3677
1	4	0.6502	0.5310	0.3022
2	3	0.8997	0.6144	0.6566
2	4	0.7502	0.5798	0.4706
3	4	0.7501	0.4294	0.2180
4	5	0.9996	0.6001	0.3510
4	10	0.7004	0.6780	0.4192
4	13	0.6003	0.3653	0.3438
4	15	0.8006	0.5360	0.3872
4	16	0.5501	0.4541	0.5047
5	6	0.9481	0.8759	0.6587
5	7	0.8522	0.6630	0.4611
5	8	0.7501	0.6992	0.5604
5	9	0.7508	0.4306	0.5910
5	10	0.7493	0.3996	0.4228
5	13	0.8493	0.2338	0.5104
5	15	0.6002	0.5561	0.5455
5	18	0.5005	0.4419	0.2972
6	7	0.7007	0.5281	0.5814
7	8	0.6499	0.5432	0.3831
8	9	0.8497	0.4475	0.3815
10	11	0.7005	0.7885	0.3348
10	12	0.8996	0.5309	0.6582
10	13	0.9994	0.6479	0.5249
10	14	0.9486	0.6613	0.8558
10	15	0.9991	0.5343	0.6197
10	16	0.9996	0.6456	0.5988
10	17	0.9993	0.5397	0.5433
10	18	0.9999	0.6803	0.5135
10	19	1.0000	0.6777	0.5729
10	21	0.5004	0.5680	0.4735
11	12	0.9498	0.7937	0.5724
11	13	0.9999	0.6875	0.4105
11	14	0.9500	0.7193	0.5873
11	16	0.9993	0.6064	0.5008
11	18	0.6008	0.5155	0.4430
12	13	0.9984	0.6027	0.4868
12	14	0.6988	0.4039	0.5060
12	15	0.8504	0.5971	0.5830
12	16	0.9991	0.5465	0.4601
12	18	0.6010	0.7050	0.3338
13	14	0.8997	0.5680	0.5288
13	15	0.9993	0.5114	0.5330
13	16	0.8496	0.5698	0.4622
13	17	0.5510	0.5735	0.3375
14	15	1.0000	0.6802	0.5175
14	16	0.9995	0.6493	0.6287
14	18	0.9999	0.6096	0.3748
15	16	0.9999	0.5927	0.5363
15	17	0.7010	0.6052	0.4026
15	19	0.6988	0.5401	0.4326
16	17	0.9499	0.5505	0.5391
16	18	0.9996	0.5567	0.5595
16	19	0.8499	0.4869	0.4983
17	18	0.9994	0.4728	0.4005
17	19	0.9993	0.5672	0.5964
18	19	0.9500	0.5294	0.4874
18	21	0.5504	0.4501	0.5085
19	20	0.5510	0.5212	0.2898
19	21	0.5017	0.5209	0.4789
20	21	0.9989	0.5175	0.5199
20	22	0.9989	0.3922	0.3092
20	24	0.9990	0.5026	0.5011
20	25	0.6013	0.3061	0.4186
21	22	0.9988	0.7493	0.1888
21	24	0.9994	0.5522	0.4463
21	25	0.9994	0.5041	0.3549
21	26	0.7004	0.4745	0.3809
21	29	0.5004	0.4649	0.6166
21	32	0.9997	0.6978	0.3329
22	23	0.9997	0.4953	0.5159
22	24	0.8501	0.3490	0.5172
22	29	0.7000	0.3640	0.5284
23	24	0.9991	0.7041	0.5992
23	25	0.8002	0.6502	0.5219
23	26	0.6502	0.6249	0.6140
23	30	0.9991	0.6666	0.5769
23	32	0.9989	0.6252	0.6035
24	25	0.9994	0.6509	0.5757
24	26	0.9498	0.5191	0.5493
24	27	0.9001	0.6814	0.4494
24	28	0.7003	0.6440	0.5666
24	29	0.9966	0.5299	0.6946
24	30	0.8495	0.4669	0.4813
24	31	0.8479	0.8139	0.5498
24	32	0.9995	0.6400	0.4436
25	26	0.8499	0.5078	0.4036
25	27	0.7005	0.3688	0.5062
25	29	0.9479	0.4885	0.6321
25	30	0.6496	0.4861	0.5725
26	27	0.7002	0.5759	0.3429
26	29	0.8980	0.4258	0.6844
26	30	0.9482	0.4699	0.3812
26	31	0.7503	0.5775	0.2416
26	32	0.5506	0.5439	0.4171
27	28	0.9995	0.8247	0.4390
27	29	0.9489	0.4880	0.6296
27	31	0.7505	0.5355	0.4121
27	32	0.8498	0.6541	0.4660
28	29	0.8500	0.6240	0.3443
28	30	1.0000	0.5702	0.7303
28	31	0.7499	0.4430	0.3955
28	32	0.9503	0.6762	0.5884
29	30	0.9999	0.6006	0.4676
29	31	0.6498	0.5233	0.5423
29	32	0.9995	0.5573	0.4267
30	31	0.9993	0.7399	0.5412
30	32	0.9000	0.5739	0.4684
31	32	0.9491	0.3663	0.3333
