0	1	0.9479	0.5720	0.5431
0	2	0.9999	0.6693	0.5543
0	3	0.6009	0.6241	0.4888
1	2	1.0000	0.7153	0.5283
1	3	0.7501	0.7888	0.5531
1	4	0.6502	0.6006	0.4284
1	6	0.5006	0.6077	0.5848
2	3	1.0000	0.7523	0.6011
2	4	0.9997	0.6048	0.4672
2	5	0.7004	0.5199	0.6488
2	6	0.7519	0.5611	0.5219
2	22	0.5501	0.2865	0.3631
2	24	0.6502	0.3865	0.5470
3	4	0.9497	0.5532	0.5181
3	6	0.8501	0.5694	0.5749
3	7	0.5004	0.6148	0.5124
3	24	0.5508	0.3852	0.3878
4	5	0.9000	0.4960	0.6289
4	6	0.5501	0.5022	0.4777
4	22	0.5503	0.4855	0.5151
5	6	0.7501	0.5915	0.4602
6	7	0.7512	0.6606	0.3276
6	22	0.6493	0.6151	0.6264
7	22	0.6503	0.4947	0.7660
8	9	0.9978	0.6782	0.0772
9	10	0.9989	0.7589	0.3657
9	11	0.7998	0.3762	0.3998
9	12	0.9978	0.5773	0.6454
9	14	0.8993	0.5579	0.5357
9	16	0.9990	0.5359	0.7776
9	17	0.9488	0.3528	0.5408
9	18	0.9988	0.5117	0.2944
9	19	0.9990	0.4868	0.2009
10	11	0.8999	0.7155	0.7522
10	12	0.8499	0.5549	0.7610
10	13	0.5011	0.6112	0.6610
10	14	0.8998	0.5089	0.6282
10	16	0.9495	0.5444	0.7554
10	17	0.9487	0.7851	0.5099
10	18	0.7496	0.6053	0.4706
11	12	0.9992	0.4697	0.5390
11	14	0.9983	0.7152	0.5188
11	16	0.9988	0.6136	0.7277
12	13	0.8496	0.5964	0.7080
12	14	0.9993	0.6144	0.5555
12	15	0.8999	0.7821	0.3964
12	16	0.9996	0.6485	0.6145
12	17	0.8999	0.7121	0.5347
12	18	0.8998	0.7095	0.4546
12	19	0.6988	0.7473	0.1809
13	14	0.9973	0.7894	0.4489
13	15	0.9000	0.6163	0.5047
13	16	0.9983	0.6054	0.8197
13	17	0.7007	0.3761	0.3954
13	18	0.6999	0.5138	0.4013
14	15	0.9995	0.6802	0.3904
14	16	0.9999	0.5900	0.5339
14	17	0.9492	0.6182	0.6218
14	18	0.9999	0.6737	0.4301
14	19	0.6501	0.8346	0.0496
15	16	0.9992	0.5758	0.6417
15	17	0.5842	0.4977	0.1575
15	18	0.9986	0.4653	0.4942
16	17	0.9978	0.8511	0.5110
16	18	0.9997	0.7461	0.4072
16	19	0.5006	0.7541	0.2745
17	18	0.9988	0.7380	0.2896
18	19	0.9983	0.4765	0.3108
19	20	0.6505	0.9660	0.3162
19	21	0.8999	0.6955	0.3520
19	23	0.9480	0.8903	0.6849
20	21	0.9966	0.7395	0.0573
20	22	0.8500	0.5730	0.7049
20	23	0.5504	0.5412	0.2434
21	22	0.9998	0.3933	0.4824
21	23	0.9997	0.3543	0.5551
21	24	0.9991	0.6974	0.2763
22	23	0.9999	0.6096	0.4824
22	24	0.9997	0.3064	0.4831
23	24	0.9982	0.8785	0.1887
