0	1	0.9993	0.9916	0.3599
0	2	0.9497	0.9809	0.8108
0	3	0.9996	0.9019	0.6781
0	4	0.9477	0.7091	0.3276
1	2	0.9982	0.8651	0.5711
1	3	1.0000	0.3730	0.6937
1	4	0.8980	0.6224	0.4320
1	18	0.7501	0.9754	0.2737
1	19	1.0000	0.6337	0.9244
2	3	0.9999	0.5915	0.5382
2	4	0.9988	0.2998	0.4933
2	5	0.9993	0.0070	0.5568
2	13	0.9981	0.9227	0.0314
2	17	0.9997	0.1415	0.2507
2	18	0.9998	0.4549	0.4402
2	19	0.9969	0.7328	0.5563
3	4	0.9993	0.9579	0.3649
3	13	0.9995	0.2388	0.1171
3	18	0.9985	0.3719	0.4369
3	19	0.9992	0.2176	0.8502
4	5	0.9977	0.8964	0.3904
4	13	0.5509	0.4829	0.0470
4	17	0.9979	0.7570	0.1818
4	18	0.9999	0.7953	0.6434
5	6	0.9486	0.9991	0.0112
5	16	0.9472	1.0000	0.1338
5	17	0.9983	0.9978	0.2329
5	18	0.9987	0.9878	0.4510
6	8	0.8476	0.2850	0.4127
6	10	1.0000	0.5396	0.4513
6	11	0.9499	0.7551	0.7596
6	12	1.0000	0.4866	0.8906
6	13	1.0000	0.4655	0.8384
6	14	0.9999	0.5206	0.5964
6	16	0.9984	0.1666	0.3876
6	17	0.9980	0.1476	0.4420
6	18	0.9995	0.1299	0.4883
7	8	0.6492	0.9956	0.7424
7	9	1.0000	0.9947	0.2560
7	10	1.0000	0.9977	0.1749
7	11	0.9999	0.9797	0.6829
8	9	0.9990	0.8984	0.5204
8	10	0.9988	0.5213	0.4376
8	11	0.9500	0.8214	0.2991
9	10	0.9980	0.2504	0.1856
9	11	0.5500	0.4726	0.0663
10	11	1.0000	0.4451	0.4157
10	14	0.9999	0.4365	0.6914
10	16	1.0000	0.9216	0.3887
11	12	0.9999	0.8794	0.6958
12	13	0.9986	0.9004	0.6146
13	14	0.9981	0.9819	0.3483
13	16	0.9977	0.9578	0.2737
13	17	0.9995	0.8895	0.2949
13	18	0.9999	0.7894	0.3105
14	15	0.9980	0.9810	0.5046
14	16	1.0000	0.8784	0.1163
14	17	0.9997	0.9463	0.5352
15	16	0.9948	0.7023	0.0014
15	17	0.9988	0.8120	0.6543
15	18	0.9493	0.9260	0.5458
15	19	0.9997	0.8252	0.3520
16	17	0.9998	0.4283	0.4626
16	18	1.0000	0.4421	0.4865
16	19	0.9971	0.5172	0.1484
17	18	0.9992	0.4931	0.4930
17	19	0.9990	0.3845	0.2636
18	19	0.9990	0.5008	0.4412
