0	1	0.9991	0.9998	0.0781
0	2	0.9996	0.5453	0.7006
0	3	0.9993	0.4275	0.2979
0	7	0.9993	0.0656	0.2745
0	9	1.0000	0.4017	0.6413
0	10	0.9989	0.0127	0.4643
0	11	0.9990	0.8217	0.0057
1	2	0.9986	0.5202	0.1067
1	7	0.9988	0.8241	1.0000
1	11	0.9999	0.4766	0.5512
1	14	0.9998	0.7118	0.9984
2	3	0.9989	0.5375	0.3356
2	6	0.9996	0.3892	0.4661
2	7	0.9997	0.5041	0.4804
2	8	0.7530	0.0244	0.9898
2	9	0.9983	0.5597	0.4899
2	10	0.9999	0.8704	0.9996
2	11	0.9995	0.2782	0.1888
3	4	0.9990	0.5009	0.4674
3	5	1.0000	0.0008	0.0000
3	6	0.9991	0.4998	0.2582
3	7	0.9998	0.2809	0.4458
3	8	1.0000	0.7386	0.8509
3	9	0.9979	0.5324	0.5025
3	10	1.0000	0.5781	0.9989
3	11	1.0000	0.4865	0.0253
4	5	0.9967	0.8737	0.5107
4	6	0.9990	0.6585	0.1292
4	7	0.9953	0.6579	0.6274
4	8	0.7507	0.1386	0.8960
4	9	0.9984	0.4965	0.3427
5	6	1.0000	0.9485	0.1347
6	7	0.9997	0.4638	0.5212
6	8	0.9996	0.0000	1.0000
6	9	1.0000	0.0023	0.2542
6	11	0.8012	0.0000	0.6582
7	8	0.9999	1.0000	1.0000
7	9	1.0000	0.7715	0.3610
7	11	0.9998	0.9999	0.4919
8	9	1.0000	0.9360	0.1662
8	11	1.0000	0.6312	0.8138
9	10	0.9979	0.8467	0.7001
9	11	0.9999	0.1292	0.2217
11	14	1.0000	0.8573	0.9917
12	14	1.0000	0.4969	0.5295
12	15	0.9983	0.8157	0.6061
12	17	1.0000	0.6814	0.4997
12	21	0.9999	0.4841	0.4047
12	22	1.0000	0.5510	0.5024
13	14	0.9978	0.5982	0.0403
13	20	0.9993	0.9255	0.4321
13	21	0.6515	0.8303	0.1292
14	15	0.9999	0.5353	0.4170
14	17	1.0000	0.4885	0.5645
14	19	0.9999	0.0816	0.5250
14	20	0.9990	0.0201	0.4958
14	21	1.0000	0.5422	0.5213
14	22	0.9999	0.5082	0.5079
15	16	0.9996	0.8761	0.4152
15	17	1.0000	0.6815	0.3457
15	18	0.9992	0.9918	0.9625
15	19	1.0000	0.9409	0.3532
15	20	0.9994	0.9894	0.4719
15	21	1.0000	0.4865	0.4616
15	22	1.0000	0.5750	0.4473
16	17	0.7004	0.6057	0.4609
17	18	0.9983	0.8657	0.9811
17	19	0.9501	0.8730	0.4165
17	20	0.9993	0.9949	0.7544
17	21	0.9997	0.4971	0.4296
18	21	1.0000	0.9992	0.1849
19	20	0.9998	0.6254	0.7699
19	21	0.9995	0.6020	0.2199
20	21	1.0000	0.8768	0.0781
20	22	1.0000	0.7047	0.9864
21	22	0.9990	0.3926	0.4014
