0	1	1.0000	0.4131	0.4162
0	3	0.6014	0.0039	0.2502
0	5	0.8977	0.3109	0.2965
0	6	0.8991	0.7336	0.8049
1	2	1.0000	0.8368	0.2380
1	3	0.9969	0.9598	0.0296
1	4	0.9983	0.9933	0.4565
1	5	1.0000	0.8543	0.3324
1	6	0.9995	0.1201	0.8188
2	3	0.9981	0.9551	0.7465
2	4	0.9999	0.5053	0.5075
2	5	1.0000	0.4674	0.4028
2	6	0.9970	0.9652	0.5325
2	7	0.9991	0.3217	0.4741
2	21	0.8984	0.9065	0.3406
2	22	0.9979	0.1267	0.6080
3	4	0.9983	0.9924	0.0403
3	5	0.9993	0.8256	0.8491
3	7	0.9979	0.9980	0.8941
3	8	0.6000	0.4066	0.8589
3	10	0.5009	0.3981	0.9744
3	15	0.8982	0.8295	0.5905
3	16	0.6006	0.2933	0.0528
3	21	0.9999	0.9184	0.4766
3	22	1.0000	0.9692	0.3520
4	5	0.9963	0.7197	0.0516
4	7	0.9992	0.8916	0.5226
4	22	0.9499	0.6003	0.6673
5	6	0.9955	0.9757	0.6676
5	22	0.9496	0.0426	0.8939
6	7	0.9992	0.8366	0.6633
6	8	0.9997	0.3578	0.5100
6	16	1.0000	0.0342	0.9621
6	17	0.9993	0.3110	0.3749
7	8	0.9987	0.8569	0.4238
7	18	1.0000	0.9286	0.3009
7	21	0.7941	0.8205	0.0347
7	22	0.9998	0.2651	0.9495
8	9	0.9988	0.4634	0.6949
8	10	0.8493	0.3502	0.3412
8	16	1.0000	0.5222	0.8678
8	17	0.9987	0.4234	0.2374
8	18	0.9494	0.3238	0.0479
8	19	0.8002	0.2763	0.7282
9	11	0.9969	0.9225	0.6968
9	12	0.9979	0.8382	0.6060
9	16	0.9987	0.6073	0.6888
10	11	0.9954	0.9784	0.4845
10	12	0.9998	0.8980	0.7203
10	13	0.7500	0.9118	0.3497
10	14	0.6003	0.8752	0.4948
10	15	0.7030	0.9460	0.3530
10	16	0.9988	0.8869	0.3885
11	12	0.9997	0.6872	0.6845
11	14	0.9993	0.6934	0.7724
11	16	0.9984	0.6981	0.1408
12	13	1.0000	0.6717	0.5329
12	14	0.8468	0.5673	0.4026
12	15	1.0000	0.7285	0.5095
12	16	1.0000	0.5147	0.5395
13	14	0.9999	0.6599	0.5812
13	15	0.9000	0.6890	0.5878
13	16	0.9991	0.5834	0.2951
14	15	0.9992	0.8362	0.5856
14	16	0.9980	0.4720	0.1911
14	21	1.0000	0.9620	0.9210
15	16	0.9978	0.8029	0.0904
15	21	0.7468	0.4508	0.8399
16	17	0.9998	0.9807	0.1015
17	18	0.9501	0.9374	0.1287
17	19	1.0000	0.8727	0.9750
18	19	1.0000	0.4595	0.5137
18	20	0.9995	0.4980	0.4529
18	21	1.0000	0.8028	0.0136
18	22	0.9976	0.1756	0.6938
19	20	1.0000	0.5715	0.3546
20	21	0.9989	0.9996	0.0562
20	22	0.9998	0.5989	0.5284
21	22	0.9976	0.4186	0.0985
