0	2	0.9976	0.6350	0.8704
0	3	0.9993	0.0574	0.0225
0	7	0.9977	0.3320	0.0653
0	9	0.9979	0.0472	0.8133
0	10	0.9987	0.0265	0.6442
0	11	0.9997	0.9988	0.0000
1	2	0.9991	0.5057	0.1728
1	7	0.7003	0.8880	0.9933
1	9	0.9034	0.1493	0.0125
1	11	0.9999	0.4064	0.5497
2	3	0.9999	0.5885	0.2785
2	6	0.9999	0.4607	0.4445
2	7	0.9999	0.4569	0.5038
2	8	0.5025	0.0297	0.9919
2	9	0.9980	0.6045	0.4534
2	10	1.0000	0.8663	1.0000
2	11	1.0000	0.4047	0.2408
3	4	0.9997	0.4518	0.4385
3	5	0.5029	0.0087	0.0092
3	6	0.9992	0.4294	0.2341
3	7	0.9991	0.2252	0.4320
3	8	1.0000	0.7472	0.9170
3	9	0.9997	0.4461	0.4750
3	10	1.0000	0.5687	0.9991
3	11	1.0000	0.3914	0.0281
4	5	0.9963	0.8957	0.5147
4	6	0.9984	0.7194	0.0702
4	7	0.9963	0.7222	0.6252
4	8	0.9002	0.3284	0.9279
4	9	0.9988	0.5407	0.2558
5	6	0.9999	0.9549	0.0174
6	7	0.9993	0.4246	0.4895
6	8	0.9993	0.0000	1.0000
6	9	1.0000	0.0000	0.2690
6	11	0.9503	0.0000	0.4144
7	8	1.0000	1.0000	1.0000
7	9	0.9998	0.6791	0.3049
7	11	0.9993	0.9900	0.5065
8	9	0.9997	0.9662	0.2170
8	11	0.9997	0.6544	0.7765
9	10	0.9967	0.8163	0.5969
9	11	0.9985	0.1836	0.2665
11	14	0.7973	0.9341	0.9875
11	18	0.6010	0.8952	0.9977
11	19	0.9519	0.7034	0.0000
12	14	0.9986	0.5610	0.5070
12	15	0.9993	0.8207	0.5871
12	19	0.9997	0.4413	0.4119
12	20	0.9999	1.0000	0.7867
12	21	0.9997	0.5176	0.4246
12	22	0.9994	0.5400	0.5596
13	14	0.9996	0.5220	0.0733
13	19	0.9992	0.4457	0.9533
13	20	0.9992	0.7396	0.3544
14	15	0.9978	0.3755	0.5043
14	17	0.9996	0.5548	0.9888
14	18	0.9994	0.9949	0.2882
14	19	0.9998	0.5028	0.4698
14	20	0.9968	0.0644	0.5205
14	21	0.9995	0.5268	0.4729
14	22	0.9969	0.3302	0.8528
15	16	0.9984	0.7348	0.6337
15	17	0.9997	0.4994	0.3558
15	19	0.9985	0.5148	0.5901
15	20	0.9991	0.9999	0.6254
15	21	0.9983	0.4978	0.4392
15	22	0.9983	0.6164	0.5367
16	17	1.0000	1.0000	0.0023
16	19	1.0000	1.0000	0.8357
16	20	0.9998	1.0000	0.5428
16	21	0.9988	0.9133	0.1166
17	19	0.9973	0.5703	0.6241
18	19	0.9967	0.5413	0.0039
19	20	0.9996	0.9967	0.5240
19	21	0.9997	0.8347	0.0704
20	21	0.9979	0.7158	0.0337
20	22	1.0000	0.7909	0.9583
21	22	0.9985	0.4155	0.4427
