0	9	0.5501	0.3078	0.5418
1	2	0.9990	0.6865	0.4358
1	3	0.5508	0.6325	0.3845
1	9	0.6506	0.3813	0.3057
2	3	0.7999	0.3501	0.5579
2	4	0.8494	0.5753	0.7725
2	25	0.9500	0.7637	0.6474
3	4	0.9987	0.4930	0.4906
3	5	0.9490	0.3931	0.4339
4	5	0.9962	0.9265	0.5235
4	6	0.9496	0.6051	0.4481
4	25	0.6999	0.6602	0.3487
5	6	0.8480	0.4632	0.6460
5	7	0.5009	0.4012	0.3562
6	7	0.9491	0.5380	0.5363
6	8	0.9982	0.4321	0.5121
6	25	0.9997	0.6140	0.4740
7	8	0.9991	0.7025	0.4484
8	9	0.7005	0.5204	0.2153
8	25	0.9996	0.6577	0.5234
9	10	0.9999	0.9754	0.2636
9	11	0.9989	0.8744	0.2785
9	12	0.9492	0.9712	0.0919
9	13	0.9998	0.3260	0.4594
9	14	0.7499	0.8962	0.0483
9	19	0.9988	0.8928	0.7526
9	21	0.5010	0.8916	0.1915
9	22	0.9989	0.8508	0.6708
9	24	0.9997	0.7813	0.5865
9	25	0.9992	0.3226	0.2521
10	11	0.9988	0.6110	0.3422
10	13	1.0000	0.8398	0.8849
10	19	0.9488	0.2954	0.2109
10	22	0.9495	0.1720	0.2035
10	24	0.9995	0.0838	0.4901
11	25	0.7510	0.2155	0.5792
12	13	0.9999	0.5247	0.5455
12	14	0.9997	0.4231	0.5053
12	15	0.9999	0.7781	0.4105
12	16	1.0000	0.3840	0.5254
12	17	1.0000	0.4616	0.5244
12	18	0.9989	0.7200	0.5643
12	19	0.9998	0.4505	0.6014
12	20	0.6464	0.9337	0.3597
13	14	0.9997	0.7622	0.1452
13	15	0.7994	0.4384	0.2015
13	16	0.8996	0.7223	0.7687
13	17	0.9994	0.7065	0.3125
13	19	1.0000	0.3385	0.9445
13	22	0.6514	0.2062	0.9679
13	25	0.8491	0.3885	0.1694
14	15	0.9999	0.6554	0.4662
14	16	1.0000	0.4642	0.5634
14	17	0.9997	0.5032	0.2753
14	18	0.8998	0.8168	0.2973
15	16	0.9997	0.5347	0.3761
15	17	0.6508	0.4698	0.6387
16	17	1.0000	0.5045	0.2993
16	18	0.9499	0.5257	0.5443
17	18	0.9981	0.9148	0.3926
17	19	0.6520	0.5435	0.3923
17	20	0.5508	0.9253	0.3787
18	19	0.9981	0.7788	0.0325
18	21	0.7499	0.3889	0.4969
19	20	0.9945	0.9927	0.4853
19	21	0.9993	0.8743	0.4798
19	22	0.9985	0.6281	0.5215
19	24	0.7991	0.8390	0.4606
20	21	0.9996	0.0827	0.0593
20	22	0.9977	0.5273	0.9756
21	22	1.0000	0.5927	0.5562
21	23	0.9997	0.1573	0.6819
21	24	0.9972	0.5034	0.1785
22	23	0.9993	0.9875	0.4079
22	24	1.0000	0.6730	0.5127
23	24	0.9975	0.7474	0.7037
