0	1	0.9979	0.5776	0.2538
0	2	1.0000	0.6283	0.6765
0	3	0.9001	0.5783	0.5258
0	5	0.8009	0.5730	0.6545
0	6	0.8004	0.6351	0.5733
0	16	0.7009	0.4922	0.6842
1	2	0.9999	0.5017	0.4385
1	3	0.9984	0.7857	0.4415
1	4	0.6001	0.4265	0.4563
1	5	0.5010	0.2507	0.3447
1	15	0.5002	0.4597	0.3162
2	3	0.9987	0.9313	0.4046
2	4	0.7000	0.6453	0.3128
2	5	0.8498	0.4114	0.3312
2	6	0.7496	0.4926	0.5107
3	4	0.8499	0.5227	0.2456
3	5	0.6499	0.5454	0.4104
3	6	0.7007	0.5084	0.8241
4	5	0.9987	0.7484	0.3774
4	16	0.6499	0.8256	0.4207
5	6	0.9990	0.5285	0.4964
5	7	0.5007	0.1589	0.2175
5	15	0.5913	0.3511	0.5342
6	7	0.8493	0.7730	0.3958
6	12	0.6495	0.6778	0.2878
6	13	0.8496	0.6084	0.6182
6	15	0.8494	0.6401	0.5727
6	16	0.9990	0.4528	0.5715
7	8	0.9983	0.4663	0.5946
7	11	0.9989	0.4015	0.5104
7	12	0.6143	0.6232	0.3402
7	13	0.9986	0.5002	0.6783
7	14	0.7489	0.6279	0.4551
7	15	0.9986	0.3892	0.3613
7	16	0.9990	0.2544	0.4121
8	9	0.9984	0.9304	0.4826
8	10	0.9490	0.3042	0.6849
8	11	0.9998	0.5589	0.4707
8	12	0.9492	0.9758	0.4392
8	13	0.9982	0.6950	0.5837
8	14	0.7500	0.7650	0.4408
8	15	0.8488	0.6137	0.5435
8	16	0.9994	0.6041	0.4946
9	10	0.8489	0.6502	0.3688
9	11	0.9996	0.3835	0.6091
9	12	0.8992	0.5055	0.6481
9	13	0.7496	0.4893	0.1996
9	15	0.6995	0.5409	0.2671
10	11	0.9986	0.5519	0.2252
11	12	0.9991	0.8164	0.3008
11	13	0.9981	0.5027	0.5405
11	14	0.9498	0.6096	0.4854
11	15	0.9983	0.6378	0.2253
11	16	0.9993	0.5247	0.4324
12	13	0.9989	0.7184	0.2374
12	14	0.9997	0.4079	0.7124
12	15	0.9976	0.4441	0.3708
12	16	0.9999	0.5350	0.6537
13	14	0.9991	0.4807	0.5509
13	15	0.9990	0.6378	0.3246
13	16	0.9992	0.5285	0.5153
14	15	0.9989	0.8697	0.5952
14	16	0.9998	0.5083	0.4680
15	16	0.9994	0.6148	0.2520
