0	1	0.9997	0.5712	0.4657
0	2	1.0000	0.5558	0.5062
0	3	0.9994	0.5938	0.5936
0	4	0.8998	0.5558	0.5626
0	5	0.9489	0.7133	0.4796
0	6	0.8996	0.6256	0.5045
1	2	0.9998	0.6282	0.4805
1	3	0.6006	0.6318	0.5615
1	5	0.9001	0.4137	0.2430
2	3	0.9995	0.6817	0.5246
2	4	0.9986	0.4869	0.4740
2	5	0.9997	0.6895	0.4784
2	6	0.9997	0.6798	0.5474
3	4	0.9985	0.5733	0.4100
3	5	0.9990	0.5142	0.4956
3	6	0.9993	0.5380	0.4930
4	5	0.9986	0.6417	0.2924
4	6	0.9995	0.5721	0.5674
5	6	0.9989	0.4950	0.5800
5	7	0.9992	0.5779	0.6024
5	17	0.6651	0.4203	0.2881
6	7	0.9993	0.6505	0.6302
7	8	0.8997	0.6725	0.5258
7	10	0.7003	0.4190	0.4432
7	11	0.7005	0.3101	0.7287
8	9	0.9977	0.9906	0.4674
8	11	1.0000	0.9444	0.9140
8	12	0.8001	0.5884	0.5042
8	13	0.9990	0.5438	0.5853
8	14	0.9991	0.7331	0.6411
8	15	0.9001	0.6557	0.6638
9	10	0.9996	0.7771	0.6735
9	11	0.8987	0.6121	0.5307
9	12	0.7499	0.3920	0.3081
9	14	0.9993	0.4993	0.4783
9	15	0.8492	0.4459	0.6663
10	11	0.9996	0.6605	0.5695
10	14	0.5505	0.5116	0.4325
11	12	0.8479	0.9074	0.1189
11	13	0.9486	0.8665	0.5855
11	14	0.9495	0.7872	0.3732
11	15	0.8991	0.8832	0.2708
12	13	0.9991	0.6256	0.3941
12	14	0.9995	0.5585	0.4898
12	15	0.7001	0.4416	0.4372
13	14	0.9474	0.4366	0.5053
13	15	0.9989	0.5635	0.6641
13	16	0.5501	0.4922	0.5478
13	17	0.8497	0.5724	0.5507
14	15	0.9991	0.6057	0.5969
14	17	0.8499	0.5331	0.5410
15	16	0.9981	0.9742	0.4593
15	17	0.9500	0.6507	0.4702
16	17	0.9491	0.5211	0.4319
