0	1	0.6008	0.5845	0.7003
0	2	0.6505	0.4114	0.4070
0	3	0.5008	0.6307	0.4108
0	4	0.9994	0.6411	0.6530
0	5	0.7497	0.8935	0.5561
1	2	0.8002	0.7438	0.4068
1	3	0.7185	0.6888	0.4196
1	4	0.7992	0.6884	0.6904
2	3	0.9991	0.8204	0.6079
2	4	0.9999	0.6775	0.5624
3	4	0.9995	0.6183	0.6017
4	5	0.5002	0.8947	0.3234
4	22	0.7496	0.7144	0.4223
5	15	0.6004	0.4845	0.5532
6	7	0.9491	0.3450	0.4780
6	8	0.8496	0.6590	0.5026
6	10	0.6446	0.4961	0.4706
6	11	0.7501	0.5642	0.3677
6	14	0.5002	0.4935	0.5414
6	15	0.8995	0.6135	0.5110
7	8	0.9986	0.6902	0.3584
7	10	0.5010	0.5953	0.4814
7	11	0.5003	0.4062	0.4067
7	12	0.6002	0.7316	0.3388
7	14	0.8997	0.5348	0.7496
7	15	0.9992	0.6833	0.4717
7	16	0.8990	0.6577	0.4689
7	17	0.8995	0.4003	0.4537
7	18	0.9990	0.3883	0.5316
7	19	0.5499	0.5186	0.4388
7	20	0.9488	0.6471	0.5935
7	22	0.9496	0.5752	0.6144
8	9	0.9993	0.8803	0.4016
8	10	0.9983	0.5391	0.5718
8	11	0.9990	0.5925	0.3909
8	12	0.9996	0.5495	0.4365
8	13	0.9479	0.7128	0.4560
8	14	1.0000	0.5642	0.5348
8	15	0.7000	0.7497	0.3024
8	16	0.5502	0.5184	0.4500
8	18	0.6000	0.7034	0.4294
8	22	0.6501	0.1674	0.4763
9	10	0.9998	0.5427	0.6312
9	12	0.7500	0.6373	0.6616
9	14	0.8998	0.4925	0.4885
9	15	0.9500	0.3629	0.7827
9	16	0.7999	0.3196	0.2892
9	18	0.6506	0.3340	0.3506
10	11	0.9993	0.7397	0.4083
10	12	0.9497	0.6121	0.5348
10	13	0.9498	0.8923	0.5149
10	14	0.9994	0.5711	0.4638
10	15	0.9000	0.6161	0.4909
10	22	0.6526	0.3238	0.5905
11	12	0.9993	0.5525	0.4403
11	13	0.8003	0.3678	0.5342
11	14	0.9998	0.4291	0.5829
11	15	0.8003	0.4068	0.4122
12	13	0.9494	0.8274	0.7213
12	14	0.9994	0.4740	0.4820
12	15	0.5003	0.6085	0.3124
13	14	0.9991	0.6418	0.5500
13	17	0.7505	0.2919	0.4698
13	18	0.6016	0.4232	0.4809
14	15	0.9982	0.8229	0.6256
14	16	0.7499	0.4962	0.4804
15	16	0.8498	0.5434	0.4419
15	17	0.9994	0.6367	0.5737
15	18	0.9490	0.5946	0.5416
16	17	0.9993	0.6365	0.5347
16	18	0.8994	0.4866	0.5766
17	18	0.9993	0.5292	0.5437
17	20	0.6012	0.6399	0.3664
18	19	0.7006	0.5417	0.5044
18	20	0.8497	0.6303	0.3821
18	21	0.5002	0.5698	0.2400
19	20	0.6004	0.5498	0.3597
20	21	0.9979	0.8236	0.4104
20	22	0.9497	0.6815	0.5982
21	22	0.9979	0.5875	0.1435
