0	1	1.0000	0.7232	0.3213
0	2	0.9997	0.7625	0.5877
1	2	0.9992	0.6923	0.6733
2	3	0.8004	0.6537	0.5638
2	12	0.8501	0.7375	0.8998
2	13	0.5013	0.7849	0.5847
3	4	0.9000	0.8538	0.3835
4	5	0.6999	0.6198	0.1685
5	6	0.9990	0.5398	0.4616
5	7	0.5904	0.5273	0.4207
5	11	0.9476	0.5528	0.5982
5	12	0.9988	0.5492	0.5225
5	13	0.9986	0.5553	0.4340
5	14	0.6508	0.4182	0.3860
6	7	0.8700	0.9703	0.5073
6	8	1.0000	0.8849	0.5895
6	9	0.9991	0.9390	0.6409
6	10	0.9994	0.4852	0.5979
6	11	0.9991	0.5130	0.5724
6	12	0.9974	0.4656	0.5676
6	13	0.7001	0.3847	0.4179
7	8	0.9477	0.9654	0.5021
8	9	0.8501	0.8575	0.1564
8	11	0.8499	0.6157	0.4387
9	10	1.0000	0.8938	0.4639
9	11	0.9998	0.6144	0.6437
9	12	0.6504	0.4076	0.5290
10	11	0.9988	0.6497	0.1023
10	12	0.9996	0.7809	0.8110
11	12	0.9995	0.6214	0.5303
12	13	0.9995	0.9759	0.5728
12	14	0.5508	0.7928	0.2889
13	14	0.9988	0.8590	0.5541
