0	1	0.6507	0.6930	0.3514
0	2	0.8637	0.8878	0.4054
0	4	0.7999	0.5632	0.6145
0	5	0.9498	0.5695	0.5135
1	2	0.9496	0.8022	0.7068
1	3	0.8010	0.6383	0.2897
1	4	0.5019	0.5453	0.6095
2	3	0.8502	0.6780	0.3818
2	4	0.9996	0.6577	0.3948
3	4	0.9996	0.6541	0.3791
5	7	0.6992	0.9948	0.5206
5	12	0.6998	0.8975	0.2334
5	39	0.5501	0.6597	0.6694
7	9	0.5500	0.8337	0.3757
7	10	0.8981	0.9026	0.9070
7	12	0.6500	0.5550	0.6332
7	39	0.5009	0.8773	0.6511
8	9	1.0000	0.6768	0.5518
8	10	0.9997	0.4237	0.6171
8	11	0.9998	0.6352	0.6857
8	12	0.9977	0.5989	0.3886
8	13	0.9988	0.7119	0.5753
8	36	0.8998	0.3937	0.6742
8	37	0.9999	0.5874	0.5861
8	38	1.0000	0.5248	0.5808
8	39	0.9968	0.5146	0.1398
9	10	0.9938	0.2777	0.3834
9	11	0.9996	0.3747	0.4955
9	12	0.9996	0.4546	0.4486
9	13	0.9992	0.4335	0.5630
9	37	0.9986	0.5487	0.5962
9	38	0.9993	0.4891	0.5167
9	39	0.9959	0.5293	0.0439
10	11	0.8982	0.3920	0.3114
10	12	0.9988	0.5170	0.3030
10	13	0.9994	0.5888	0.3284
10	14	0.8500	0.5210	0.3695
10	38	0.8992	0.4079	0.3658
10	39	0.9970	0.5807	0.0903
11	12	0.9992	0.4510	0.4229
11	13	0.9994	0.5082	0.4745
11	14	0.9992	0.4589	0.4945
11	16	0.8497	0.4327	0.4081
11	17	0.8498	0.4649	0.6267
11	38	0.6999	0.4204	0.2631
11	39	0.9989	0.7546	0.1266
12	13	0.8478	0.6389	0.2403
12	14	0.9994	0.6188	0.3898
12	15	0.9990	0.6878	0.4097
12	16	0.8503	0.7725	0.3050
12	17	0.6502	0.7773	0.4912
13	14	0.9989	0.3500	0.4219
13	15	0.9986	0.3161	0.4264
13	16	0.9991	0.3725	0.3898
13	17	0.9993	0.4970	0.4511
13	18	0.8993	0.3838	0.4337
13	20	0.6502	0.2706	0.1523
14	15	0.6082	0.3144	0.3447
14	16	0.9988	0.4114	0.3720
14	17	0.9997	0.4982	0.4151
14	18	0.6007	0.3449	0.3527
14	19	0.9498	0.2751	0.7957
14	20	0.9994	0.2252	0.0328
15	16	0.9995	0.4865	0.4622
15	17	0.9998	0.6944	0.3663
15	18	0.9999	0.6127	0.3509
15	19	1.0000	0.4850	0.7631
15	20	0.9973	0.6387	0.0295
15	21	0.9986	0.7422	0.0821
16	17	1.0000	0.6755	0.4265
16	18	0.9999	0.7132	0.3333
16	19	1.0000	0.6837	0.7782
16	20	0.9987	0.6760	0.1504
16	21	0.6014	0.6253	0.2370
17	18	1.0000	0.5109	0.4854
17	19	0.9991	0.3010	0.4568
17	20	0.9497	0.3549	0.4947
17	22	0.8520	0.5297	0.3394
17	25	0.7499	0.4582	0.6838
18	19	1.0000	0.3358	0.4687
18	20	1.0000	0.3174	0.4754
18	21	0.9981	0.4110	0.2241
18	22	0.9000	0.4564	0.4117
18	23	0.9996	0.2211	0.2589
19	20	0.9997	0.4649	0.3238
19	21	0.9986	0.2425	0.2106
19	22	1.0000	0.0305	0.6160
19	23	0.9999	0.0277	0.4089
20	21	1.0000	0.8458	0.2019
20	22	0.9971	0.9574	0.3976
20	23	0.9983	0.9187	0.2854
20	24	0.6106	0.8296	0.3672
20	25	0.8501	0.9080	0.4807
21	22	0.9999	0.5877	0.3676
21	23	0.9997	0.5060	0.5130
21	24	0.9496	0.3656	0.4589
21	25	0.9999	0.5454	0.4452
21	26	0.7503	0.4053	0.2678
22	23	0.9995	0.4116	0.5338
22	24	0.9992	0.3963	0.6477
22	25	0.9986	0.3423	0.4901
22	26	0.8499	0.3517	0.4726
22	27	0.7995	0.2420	0.3983
23	24	0.9999	0.4259	0.6219
23	25	1.0000	0.6833	0.3774
23	26	0.9965	0.8360	0.1118
23	27	0.9993	0.4974	0.6156
24	25	0.9999	0.6318	0.4199
24	26	0.9977	0.8159	0.1566
24	27	0.9995	0.6462	0.6622
24	28	0.9488	0.8615	0.1705
25	26	0.9496	0.4933	0.4961
25	27	0.9991	0.3767	0.4527
25	28	0.9988	0.5119	0.2329
25	29	0.9993	0.3960	0.5134
25	30	0.6511	0.3615	0.2716
26	27	0.9995	0.4050	0.4298
26	28	0.9990	0.8463	0.2178
26	29	0.9999	0.7890	0.4953
26	30	0.9972	0.9199	0.3367
27	28	0.9495	0.5588	0.2760
27	29	1.0000	0.4008	0.5094
27	30	0.9998	0.3815	0.4367
27	31	0.9503	0.1775	0.9159
28	29	1.0000	0.6758	0.4912
28	30	0.9997	0.8257	0.5930
28	31	0.9993	0.9456	0.8168
28	32	0.9998	0.8245	0.1932
29	30	0.9999	0.4251	0.5766
29	31	0.9995	0.3058	0.6250
29	32	0.9490	0.2985	0.4557
30	31	1.0000	0.6189	0.6652
30	32	0.9990	0.5336	0.3514
30	33	0.7996	0.6033	0.4995
30	34	0.9468	0.7853	0.6755
31	32	0.9996	0.5272	0.5724
31	33	0.9994	0.3531	0.5350
31	34	0.9990	0.1508	0.4989
31	35	0.9993	0.2238	0.9547
32	33	0.9999	0.8664	0.3845
32	34	0.9974	0.9569	0.3416
32	35	0.9982	0.9473	0.5554
32	36	0.9001	0.8901	0.4124
33	34	0.9995	0.6104	0.2584
33	35	0.9993	0.4191	0.4794
33	36	0.9495	0.5135	0.5093
33	37	0.8992	0.5552	0.6363
33	38	0.9992	0.6644	0.5063
34	35	0.9989	0.3134	0.4382
34	36	0.9997	0.3367	0.6771
34	37	0.9998	0.2249	0.5162
34	38	1.0000	0.3421	0.4254
34	39	0.9003	0.1685	0.8895
35	36	0.9997	0.4956	0.4806
35	37	0.9978	0.5941	0.1709
35	38	1.0000	0.6001	0.3990
35	39	0.9998	0.5365	0.8480
36	37	0.9998	0.7186	0.2698
36	38	1.0000	0.7678	0.4585
36	39	0.9990	0.6724	0.7589
37	38	0.9998	0.4333	0.4113
37	39	0.9995	0.3105	0.3741
38	39	0.9993	0.3915	0.3595
