0	1	0.9999	0.8998	0.4336
0	2	0.9997	0.5558	0.5009
0	6	0.8997	0.4449	0.4813
0	7	0.9994	0.6419	0.5320
0	8	0.9989	0.7142	0.3935
0	9	0.9996	0.7265	0.4759
0	11	0.9993	0.7525	0.4635
0	12	0.8003	0.8297	0.3667
1	2	0.9996	0.6590	0.2412
1	3	1.0000	0.3180	0.7956
1	4	0.9996	0.6928	0.4435
1	5	0.8997	0.7759	0.0763
1	7	1.0000	0.6583	0.7103
1	9	0.9500	0.4213	0.8264
1	11	0.9999	0.3077	0.8289
1	12	0.9488	0.3774	0.2666
1	14	0.9998	0.4280	0.7007
2	3	0.9995	0.9694	0.4949
2	4	0.6502	0.3663	0.3290
2	5	0.9997	0.4692	0.4615
2	6	0.9985	0.9385	0.6620
2	7	0.9995	0.4560	0.4998
2	8	0.9497	0.9685	0.4594
2	9	0.5363	0.3139	0.2594
3	4	0.9999	0.9062	0.2950
3	5	1.0000	0.5159	0.8704
4	5	0.9971	0.5513	0.1101
5	6	0.9990	0.9905	0.6229
5	7	0.9488	0.5194	0.3081
6	7	0.9988	0.5961	0.4311
6	8	0.9995	0.2733	0.8637
7	8	0.9977	0.9028	0.4838
7	9	1.0000	0.6377	0.4718
7	10	0.6500	0.9608	0.3974
7	11	0.9997	0.7679	0.4078
8	9	0.9992	0.4710	0.4673
8	10	0.9500	0.2561	0.7562
8	11	0.9970	0.3597	0.0872
9	10	0.9982	0.9543	0.5607
9	11	0.9997	0.5201	0.3981
9	13	0.9996	0.6953	0.4460
9	14	0.8991	0.7975	0.2466
10	11	0.9990	0.6228	0.4847
10	13	0.9492	0.3281	0.7079
10	14	0.8996	0.0671	0.5988
11	12	0.9997	0.7008	0.3649
11	13	0.9497	0.6042	0.4937
11	14	0.9976	0.7804	0.1998
12	13	0.9995	0.4158	0.4952
12	14	0.9990	0.3712	0.4623
13	14	0.9975	0.9075	0.3745
14	15	0.9484	0.8152	0.5761
14	16	0.9493	0.5131	0.3811
14	17	0.9968	0.6972	0.0422
14	20	0.5005	0.4341	0.5379
15	17	0.6004	0.7335	0.2850
16	17	0.8495	0.6320	0.0518
17	18	1.0000	0.7316	0.3917
17	19	1.0000	0.6188	0.5642
17	20	0.9993	0.3922	0.4243
17	22	0.9995	0.0802	0.5616
17	23	0.5008	0.1426	0.1864
17	33	0.7505	0.1639	0.8696
18	19	0.9998	0.6116	0.4397
19	20	0.8496	0.4974	0.2072
20	21	0.9995	0.9736	0.1973
20	22	0.9993	0.7430	0.6108
20	23	0.8501	0.7140	0.2639
20	28	0.8494	0.9328	0.3371
20	31	0.9995	0.9379	0.6173
20	33	0.9994	0.9426	0.6880
21	22	0.9982	0.6238	0.1713
21	23	0.8995	0.4226	0.3869
21	24	0.7497	0.8331	0.0293
21	27	0.9999	0.5007	0.7153
21	28	0.9990	0.5742	0.5938
21	29	0.9979	0.9647	0.7922
21	30	0.9996	0.6114	0.7267
21	31	0.9998	0.5558	0.4820
21	32	0.8491	0.8301	0.5061
21	33	0.9490	0.5916	0.3388
22	23	0.9998	0.7575	0.4804
22	27	0.7492	0.8287	0.6292
22	28	1.0000	0.4753	0.7936
22	31	1.0000	0.3550	0.7829
22	33	0.8990	0.3835	0.6137
23	24	0.9986	0.9066	0.3739
23	25	0.9996	0.7040	0.7481
23	26	0.9995	0.6720	0.6677
23	27	0.9993	0.6947	0.6950
23	28	0.9999	0.5883	0.3797
23	29	0.9993	0.9524	0.9694
23	30	0.6502	0.6750	0.5377
23	31	0.5506	0.5556	0.3020
24	25	0.9000	0.7147	0.2623
24	28	0.6516	0.1109	0.9962
24	29	0.5508	0.4395	0.2646
25	26	0.9977	0.9372	0.6632
25	27	0.5005	0.9043	0.2607
26	29	0.9481	0.6257	0.8659
26	30	0.9973	0.8973	0.6063
27	28	0.9981	0.7646	0.3759
27	29	0.9995	0.4352	0.9474
27	30	0.9995	0.6467	0.5541
28	29	0.9976	0.9916	0.6949
28	30	0.9992	0.5612	0.6057
28	31	0.9996	0.5567	0.4807
28	32	0.6769	0.9543	0.5957
28	33	0.7505	0.5068	0.3572
29	30	0.9490	0.9315	0.2195
29	31	0.9996	0.5227	0.9785
29	32	0.8003	0.4058	0.4477
30	31	0.9994	0.8365	0.1618
30	32	0.8000	0.2258	0.7470
31	32	0.9985	0.9447	0.6188
31	33	0.9998	0.6465	0.5136
32	33	0.9995	0.7539	0.4825
