0	1	0.9990	0.9997	0.1026
0	2	0.9976	0.5968	0.6478
0	3	0.9999	0.4947	0.3043
0	7	0.9985	0.1708	0.2642
0	9	1.0000	0.4376	0.5201
0	10	0.9988	0.0653	0.5329
0	11	1.0000	0.9244	0.0077
1	2	0.9984	0.4978	0.0914
1	7	0.9990	0.8594	1.0000
1	11	1.0000	0.4404	0.5781
1	14	0.8520	0.6277	0.9649
2	3	0.9995	0.5244	0.3340
2	6	0.9985	0.3246	0.3635
2	7	1.0000	0.4772	0.4832
2	8	0.8035	0.0078	0.9652
2	9	0.9999	0.5044	0.3710
2	10	0.9498	0.6952	0.9996
2	11	0.9999	0.2473	0.1873
3	4	0.9997	0.5269	0.4169
3	5	1.0000	0.0035	0.0016
3	6	0.9992	0.4982	0.2217
3	7	0.9996	0.3103	0.4639
3	8	0.9999	0.8424	0.9257
3	9	0.9999	0.4762	0.4375
3	10	1.0000	0.6377	0.9992
3	11	1.0000	0.4416	0.0585
4	5	0.9995	0.7870	0.4010
4	6	0.9996	0.5788	0.1084
4	7	0.9971	0.6290	0.6030
4	8	0.8505	0.1745	0.8321
4	9	0.9981	0.4712	0.2280
5	6	1.0000	0.9527	0.0807
5	7	0.5199	0.9282	0.8300
6	7	0.9997	0.4259	0.5413
6	8	0.9997	0.0000	0.9999
6	9	1.0000	0.0002	0.1513
7	8	0.9997	1.0000	1.0000
7	9	1.0000	0.7383	0.2905
7	11	0.9995	0.9984	0.5693
8	9	0.9999	0.9849	0.1906
8	11	0.9999	0.7755	0.9511
9	10	0.9994	0.7463	0.7423
9	11	1.0000	0.0909	0.1517
11	14	0.9999	0.8656	0.9818
12	14	0.9999	0.4605	0.5640
12	15	0.9991	0.8338	0.5865
12	17	1.0000	0.5906	0.4945
12	21	0.9995	0.6298	0.2802
13	14	0.9971	0.5503	0.0628
13	20	0.9493	0.9151	0.2404
13	22	0.9977	0.7172	0.2854
14	15	0.9999	0.5566	0.4647
14	17	0.9996	0.5509	0.5658
14	19	0.9991	0.2663	0.5142
14	20	0.9996	0.0212	0.4774
14	21	0.9999	0.5659	0.4352
14	22	0.9995	0.0190	0.6254
15	16	0.9998	0.7759	0.3323
15	17	1.0000	0.5779	0.4952
15	18	0.9993	0.9959	0.8291
15	19	0.9999	0.8642	0.4774
15	20	0.9980	0.9913	0.5740
15	21	1.0000	0.5511	0.4207
15	22	0.9955	0.8543	0.0225
15	23	0.6979	0.1801	0.2514
16	17	0.9998	0.6520	0.5010
17	18	0.9989	0.8674	0.9098
17	19	0.5507	0.4187	0.4673
17	20	0.9988	0.9948	0.9101
17	22	0.9477	0.7492	0.2743
18	19	0.8500	0.7437	0.4094
18	21	1.0000	0.9022	0.4160
18	22	0.7994	0.4357	0.1827
19	20	0.9994	0.7755	0.7217
19	22	0.9988	0.3143	0.6199
20	21	0.9997	0.9306	0.3355
20	22	0.9995	0.7253	0.4564
21	22	0.9970	0.3724	0.1494
21	23	0.9958	0.2874	0.3725
22	23	0.8989	0.7797	0.4393
