0	1	1.0000	0.4594	0.4573
0	4	0.9991	0.3638	0.1448
0	7	0.9980	0.3208	0.2556
0	8	0.9966	0.7411	0.4699
0	9	1.0000	0.6195	0.3751
0	10	0.9964	0.1808	0.5622
0	11	0.9999	0.7688	0.2241
0	12	0.9998	0.4428	0.5161
1	2	0.9940	0.9955	0.1385
1	4	1.0000	0.5664	0.2337
1	5	0.8496	0.1117	0.2101
1	6	0.9000	0.8095	0.4014
1	7	1.0000	0.5007	0.3784
1	8	0.9986	0.3869	0.4088
1	9	0.9995	0.3157	0.4579
1	10	1.0000	0.8917	0.6318
1	12	0.9988	0.2049	0.4213
2	3	0.8499	0.8918	0.6471
2	7	0.9980	0.8454	0.6630
2	8	0.9954	0.9906	0.0100
3	7	0.9998	0.0013	0.4233
3	8	0.9985	0.2522	0.2442
4	5	0.7003	0.9993	0.1816
4	8	0.9975	0.8140	0.6365
4	9	1.0000	0.4723	0.5905
4	10	0.9999	0.0000	0.3305
4	12	1.0000	0.0551	0.2493
5	6	0.9990	0.1031	0.0749
5	7	0.9986	0.0170	0.5952
5	8	0.9997	0.0542	0.4204
6	7	1.0000	0.4384	0.6357
6	8	0.9998	0.5773	0.2701
7	8	1.0000	0.6464	0.3574
7	9	0.5514	0.6078	0.4935
8	9	0.9978	0.7901	0.4282
9	10	1.0000	0.9302	0.4125
9	11	1.0000	0.3587	0.3405
9	12	1.0000	0.3949	0.4404
10	11	0.9992	0.9358	0.4447
10	12	0.9995	0.3919	0.3734
11	12	0.9998	0.3694	0.4738
11	13	0.8525	0.5930	0.0053
12	13	0.9496	0.9439	0.0035
13	14	0.9999	0.6873	0.4365
13	15	0.9996	0.7453	0.5201
13	16	0.9994	0.7281	0.5325
14	15	0.9999	0.4628	0.4328
14	16	0.9983	0.3520	0.3952
15	16	0.9400	0.4856	0.4884
