0	1	0.8170	0.9383	0.0475
0	2	0.9973	0.5660	0.5788
0	3	0.9999	0.6599	0.3438
0	7	0.9992	0.5302	0.2121
0	9	0.9991	0.5419	0.4972
0	10	0.9989	0.1328	0.4832
0	11	0.9992	0.8305	0.0000
1	2	0.9959	0.6986	0.0025
1	7	0.9996	0.9928	0.9899
1	11	1.0000	0.4996	0.7150
1	13	0.9997	0.5229	0.9833
2	3	0.9999	0.4807	0.3597
2	6	0.9974	0.1886	0.5430
2	7	0.9981	0.3595	0.4509
2	9	0.9990	0.5053	0.4521
2	11	0.9977	0.2313	0.2692
3	4	0.9988	0.4921	0.4453
3	5	0.6032	0.0762	0.2946
3	6	0.9996	0.3684	0.4126
3	7	0.9994	0.3150	0.3360
3	8	0.9991	0.8142	0.8173
3	9	0.9994	0.5457	0.4659
3	10	0.9999	0.7260	0.9990
3	11	0.9999	0.4818	0.0399
4	5	0.9955	0.7217	0.6252
4	6	0.9972	0.8793	0.4582
4	7	0.9994	0.7437	0.4633
4	8	0.9991	0.0596	0.7476
4	9	0.9985	0.4187	0.4838
4	10	1.0000	0.0453	1.0000
5	6	1.0000	0.6767	0.2576
5	7	1.0000	0.9995	0.7031
6	7	0.9999	0.4649	0.4918
6	8	0.9500	0.0000	0.9993
6	9	1.0000	0.0008	0.2783
7	8	1.0000	1.0000	0.9999
7	9	1.0000	0.6763	0.3792
7	11	0.9992	0.9986	0.6318
8	9	0.9999	0.9346	0.1510
8	11	1.0000	0.5674	0.9263
9	10	0.9992	0.7355	0.6173
9	11	0.9990	0.1482	0.2639
11	13	1.0000	0.7376	0.9140
12	13	0.9489	0.3908	0.3911
12	14	0.9991	0.8637	0.8384
12	19	0.9988	0.3736	0.4514
12	20	0.9989	0.5942	0.5575
13	14	1.0000	0.4895	0.5418
13	16	0.6503	0.3472	0.6846
13	17	0.9977	0.1680	0.4263
13	18	0.9993	0.0269	0.8949
13	19	0.9986	0.5092	0.6041
13	20	0.8487	0.2907	0.6157
14	15	0.9987	0.9702	0.6684
14	16	0.9980	0.9205	0.8473
14	17	0.9994	0.9514	0.4252
14	18	0.7991	0.9562	0.4832
14	19	1.0000	0.5064	0.4845
14	20	0.9995	0.7531	0.6033
15	16	0.9996	0.7952	0.5761
15	17	0.9988	0.5430	0.6541
15	19	0.9988	0.3329	0.1963
16	17	0.8997	0.9131	0.3745
16	19	0.5510	0.8842	0.3589
17	19	0.9989	0.6520	0.1659
17	20	0.9997	0.4211	0.6237
19	20	0.9999	0.4474	0.4235
