0	1	0.7497	0.8824	0.4293
0	5	0.6501	0.4750	0.3611
0	6	0.5007	0.6709	0.4836
0	23	0.5502	0.5945	0.7509
2	3	0.9993	0.5781	0.4505
2	7	0.7972	0.6966	0.1867
2	8	0.9004	0.5171	0.6696
2	24	0.6008	0.4966	0.6017
3	4	0.9996	0.9993	0.1333
3	6	0.9499	0.7754	0.4652
3	7	0.9496	0.1157	0.2800
3	8	0.9994	0.4436	0.4855
3	9	0.9973	0.5187	0.4601
3	24	0.6499	0.5752	0.6705
4	5	1.0000	0.5875	0.4636
4	6	0.9984	0.5987	0.1422
4	7	0.9491	0.1882	0.8191
4	8	0.9992	0.2301	0.3917
5	8	0.7501	0.5493	0.2642
6	7	1.0000	0.8887	0.3710
6	8	0.9501	0.6482	0.3124
6	10	0.9443	0.7786	0.8908
6	11	0.8991	0.5439	0.1811
7	8	0.8483	0.4040	0.5431
7	9	0.9984	0.4130	0.3336
7	24	0.9490	0.2481	0.6802
8	9	0.9999	0.5314	0.4990
8	24	0.9492	0.6541	0.7346
9	14	0.9000	0.8489	0.5043
9	24	0.8999	0.7450	0.7885
10	11	0.9988	0.8374	0.6371
10	12	0.9977	0.9540	0.6198
10	13	0.9999	0.3844	0.7707
10	14	0.9982	0.3892	0.1734
10	17	0.9996	0.6502	0.6484
10	19	0.9988	0.3043	0.3279
10	21	0.9998	0.6660	0.7328
10	22	0.9998	0.1108	0.7870
10	23	0.9999	0.3711	0.6673
10	24	0.9997	0.5006	0.3536
11	15	0.9970	0.8004	0.0378
11	17	0.9990	0.9910	0.1765
12	13	0.9494	0.9084	0.3042
12	14	0.9497	0.7549	0.2646
12	17	0.9984	0.4338	0.9661
13	14	0.9972	0.8934	0.0319
14	17	0.7496	0.1170	0.7534
14	24	0.6510	0.5284	0.4535
15	16	0.9999	0.0438	0.7983
15	17	0.8496	0.3944	0.4545
16	17	0.9978	0.5691	0.1697
16	18	1.0000	0.7092	0.4595
16	20	0.6021	0.4976	0.1968
17	18	1.0000	0.4438	0.7030
17	19	1.0000	0.5807	0.6440
17	20	0.9502	0.1439	0.1034
17	21	0.7999	0.3749	0.2235
17	22	0.5986	0.8648	0.8085
19	20	0.9983	0.8996	0.9981
19	21	0.9999	0.6414	0.7437
19	22	0.9995	0.7014	0.9308
19	23	0.7501	0.5853	0.3012
20	21	0.9497	0.9371	0.4134
21	22	0.9977	0.9829	0.9976
21	23	0.8997	0.7710	0.3773
22	23	0.9976	0.8073	0.1831
23	24	0.5505	0.4326	0.4318
