0	1	0.9972	0.7128	0.5745
0	2	0.9998	0.5466	0.5435
0	3	1.0000	0.7264	0.9200
0	4	1.0000	0.5340	0.5355
0	5	0.5487	0.8200	0.4510
0	6	1.0000	0.6067	0.3966
0	25	0.9998	0.2187	0.8809
1	2	1.0000	0.6264	0.3867
1	4	1.0000	0.5033	0.7615
1	6	0.7012	0.4126	0.6452
1	25	0.9983	0.7282	0.5976
2	3	0.9968	0.7548	0.7773
2	4	0.9995	0.5130	0.4277
3	4	1.0000	0.9550	0.3350
3	5	1.0000	0.4842	0.8153
3	7	0.5012	0.0888	0.7408
4	5	0.9485	0.7627	0.8116
4	6	0.9997	0.5873	0.3382
4	8	1.0000	0.5759	0.3469
4	25	1.0000	0.3402	0.8428
5	6	1.0000	0.6818	0.4460
5	7	0.9999	0.3846	0.6383
6	7	0.9998	0.5276	0.5923
6	8	0.9989	0.4964	0.5353
6	25	1.0000	0.5530	0.8023
7	8	0.9980	0.5428	0.2379
8	25	0.9985	0.7566	0.8326
9	10	0.8503	0.8710	0.0711
9	11	0.9998	0.8973	0.0505
9	12	1.0000	0.2404	0.4822
9	17	0.9994	0.6751	0.1754
9	19	1.0000	0.6549	0.2417
9	20	0.9505	0.0690	0.9995
9	22	0.9998	0.6734	0.4762
9	24	1.0000	0.6528	0.3642
9	25	0.9983	0.1328	0.2070
10	24	0.9986	0.1499	0.4014
11	12	0.9977	0.7193	0.6331
11	13	0.9999	0.5531	0.5411
11	15	0.6957	0.6096	0.0181
11	16	0.9991	0.6438	0.7154
11	17	0.9999	0.4901	0.3876
11	19	0.9996	0.5046	0.3288
11	20	0.8477	0.9621	0.9981
12	13	1.0000	0.6409	0.2421
12	14	0.9993	0.3667	0.7638
12	17	0.9998	0.5721	0.6727
12	19	0.6522	0.3077	0.8574
13	14	0.9987	0.9246	0.5281
13	15	0.9999	0.8660	0.2785
13	16	0.9996	0.8821	0.4882
13	17	1.0000	0.6422	0.3394
14	15	0.9485	0.6458	0.9582
15	16	0.9989	0.3768	0.4644
16	17	0.9998	0.7672	0.2000
16	18	0.9998	0.3597	0.9188
16	19	0.6021	0.6764	0.0428
17	18	0.9997	0.6309	0.8714
17	19	0.9996	0.4703	0.4480
17	20	0.9997	1.0000	0.9706
17	22	0.9988	0.4778	0.4132
18	19	0.9997	0.9031	0.3882
18	21	0.9991	0.6225	0.2851
18	22	0.5993	0.8551	0.0040
19	20	0.9998	0.9988	0.9842
19	21	0.9987	0.7245	0.5986
19	22	0.9998	0.5576	0.4918
20	21	1.0000	0.0341	0.0193
21	22	1.0000	0.6570	0.3079
21	23	0.9993	0.3435	0.3342
21	24	0.9480	0.9331	0.0038
22	23	0.9996	0.8925	0.4720
22	24	1.0000	0.7285	0.4218
23	24	0.9991	0.5203	0.3330
