0	1	0.9986	0.7852	0.4518
0	2	0.9997	0.5204	0.3681
0	3	0.9996	0.5526	0.5357
0	4	1.0000	0.6097	0.4397
0	5	0.9983	0.9748	0.6237
0	6	0.9996	0.6749	0.4009
0	8	0.9494	0.9249	0.6662
0	9	0.9499	0.6113	0.2599
1	2	0.9997	0.6066	0.2641
1	3	0.9999	0.6686	0.8251
1	4	0.9992	0.4801	0.3483
1	6	0.9497	0.3561	0.6300
1	9	0.9999	0.3188	0.8793
1	10	0.5025	0.2611	0.2954
1	11	0.8501	0.3158	0.7153
2	3	0.9995	0.4922	0.5099
2	4	0.9988	0.4691	0.4718
2	5	0.9993	0.7580	0.5566
2	6	0.8490	0.4151	0.4862
2	8	0.8489	0.5941	0.6181
3	4	0.9998	0.6830	0.3839
3	5	0.9986	0.4319	0.4201
4	5	0.9988	0.8979	0.6404
4	6	0.5515	0.5824	0.3871
5	6	0.9991	0.7778	0.6609
5	8	0.9997	0.4768	0.6117
6	8	0.9984	0.8741	0.6762
6	9	0.9988	0.4900	0.4009
6	10	0.9994	0.8232	0.3383
6	11	0.7505	0.6245	0.4179
7	8	0.9981	0.9036	0.0346
7	10	0.9988	0.8089	0.4253
8	9	0.9999	0.8773	0.2728
8	10	0.9494	0.5060	0.3438
8	11	0.9993	0.8286	0.1435
9	10	1.0000	0.5882	0.3692
9	11	0.9992	0.4693	0.3949
9	12	0.5999	0.8357	0.2011
10	11	0.9499	0.6407	0.3971
10	12	0.9497	0.3355	0.6548
11	12	0.9968	0.9686	0.4205
13	15	0.7493	0.4945	0.5105
13	16	0.9985	0.6769	0.4456
13	17	0.9991	0.4950	0.5246
13	18	0.9990	0.7594	0.3710
14	15	0.9499	0.4485	0.5467
14	16	0.5006	0.3911	0.4644
14	17	0.9481	0.3119	0.5513
14	18	0.9992	0.5109	0.4753
15	18	0.8999	0.5844	0.5521
16	17	0.9999	0.4921	0.6752
17	18	0.9998	0.7845	0.4416
