0	1	0.9989	0.6571	0.5086
0	2	0.9985	0.8858	0.6538
0	3	0.9983	0.9149	0.5901
0	4	1.0000	0.4262	0.6219
0	5	1.0000	0.0437	0.3964
0	6	0.9999	0.1377	0.5201
1	2	1.0000	0.5543	0.3808
1	3	0.9997	0.1690	0.2126
1	4	0.9993	0.7204	0.6601
1	5	0.9986	0.9841	0.3402
1	6	1.0000	0.7188	0.5264
1	28	0.5512	0.2885	0.1908
2	3	0.9996	0.9946	0.2779
2	6	0.9971	0.3084	0.4460
2	23	0.9996	0.9999	0.0782
2	26	0.9965	0.9542	0.0147
2	28	0.5522	0.2893	0.3081
3	4	0.9998	0.9190	0.1917
3	6	0.9972	0.5237	0.0930
4	5	0.9980	0.8867	0.6922
4	6	1.0000	0.8198	0.3214
5	6	0.9997	0.2875	0.5190
5	7	0.9994	0.0362	0.8630
5	21	0.8497	0.9056	0.8166
5	23	0.9977	0.9984	0.9465
5	24	0.9976	0.5370	0.1696
6	7	0.9993	0.8120	0.4524
6	23	0.9486	0.1151	0.0126
6	24	0.9959	0.5640	0.0572
6	26	0.9960	0.4401	0.0640
7	24	0.9986	0.4989	0.2786
7	26	0.9997	0.3193	0.8377
7	28	0.9999	0.3931	0.8405
8	9	0.9999	0.7063	0.4903
8	10	1.0000	0.8482	0.1563
8	11	0.9982	0.9300	0.6106
8	12	1.0000	0.5846	0.4440
8	18	0.8987	0.4266	0.3021
8	20	0.9982	0.3910	0.4298
8	22	0.5633	0.5394	0.6005
8	25	0.9966	0.3628	0.7348
8	26	0.9982	0.3805	0.5309
8	27	1.0000	0.5037	0.9034
8	28	0.9994	0.3786	0.6575
8	29	0.9501	0.1028	0.6629
8	30	0.9999	0.0157	0.5932
9	10	0.9999	0.8382	0.1665
9	11	1.0000	0.9527	0.4331
9	12	0.9981	0.6420	0.6014
9	18	0.8185	0.4165	0.5981
9	22	0.5502	0.6499	0.8672
9	25	0.9992	0.6294	0.9817
9	27	0.9997	0.7007	0.9956
9	28	0.7501	0.4383	0.3304
9	30	0.9478	0.9740	0.5069
10	11	1.0000	0.4995	0.6571
10	12	0.9978	0.2551	0.3691
10	25	0.7496	0.1533	0.6462
10	27	0.9998	0.0860	0.7002
10	28	0.6672	0.2529	0.4691
10	30	0.7996	0.3881	0.3731
11	12	0.9989	0.5558	0.1919
11	17	0.9997	0.1956	0.8853
11	18	0.9481	0.3710	0.0028
12	13	0.8496	0.9838	0.3153
12	14	0.9962	0.9840	0.5233
12	15	0.9997	0.9323	0.9073
12	16	0.7465	0.9929	0.4877
12	17	0.9986	0.7772	0.7358
12	18	0.9980	0.6991	0.5091
12	20	0.9974	0.7888	0.5815
12	22	0.9980	0.9504	0.7416
12	27	0.6995	0.4323	0.8988
12	30	0.5516	0.0063	0.7784
13	14	0.9960	0.7013	0.0963
13	17	0.9995	0.5054	0.1183
14	15	0.9992	0.2416	0.5704
14	16	0.9993	0.2004	0.9121
14	17	0.9984	0.3475	0.1881
14	18	0.9985	0.1125	0.7688
15	16	0.9964	0.7906	0.5554
15	17	0.9987	0.8399	0.4163
15	18	0.9996	0.9723	0.6498
15	19	0.9977	0.7991	0.7473
16	17	0.7001	0.7471	0.0908
16	19	0.7986	0.3379	0.2219
17	18	0.9999	0.7208	0.2928
17	19	1.0000	0.2301	0.7011
18	19	0.9991	0.8696	0.5942
18	20	0.9991	0.5146	0.5149
18	22	1.0000	0.6836	0.5224
18	25	0.9975	0.5725	0.6214
18	27	0.8988	0.4871	0.7453
19	20	1.0000	0.7162	0.3032
19	21	0.9995	0.1953	0.5832
19	22	0.9983	0.7300	0.0331
19	24	0.5028	0.1514	0.8680
20	21	0.8986	0.9616	0.5027
20	22	0.9997	0.5085	0.3469
20	23	0.6524	0.9944	0.1470
20	25	0.9983	0.3521	0.4102
20	27	0.6488	0.5172	0.4726
21	22	0.9995	0.5225	0.5913
21	23	1.0000	0.1494	0.8998
21	24	1.0000	0.3140	0.7165
22	23	0.9987	0.9974	0.1997
22	24	0.9997	0.7323	0.8140
22	25	0.9994	0.3972	0.5109
22	26	0.9989	0.9986	0.5480
22	27	0.9990	0.6455	0.5057
23	24	0.9998	0.6050	0.2070
23	25	0.9997	0.0075	0.9715
23	26	0.9990	0.1044	0.1713
24	25	1.0000	0.8277	0.1940
24	26	1.0000	0.2945	0.6198
25	26	1.0000	0.6982	0.5170
25	27	1.0000	0.6815	0.4267
26	27	0.9977	0.3699	0.1681
26	28	0.9994	0.2085	0.3433
27	28	0.9995	0.9673	0.2955
27	29	0.9488	0.2655	0.9174
28	29	0.9995	0.4038	0.7606
