0	1	0.8502	0.8100	0.4085
0	2	0.7004	0.7344	0.3706
0	3	0.9999	0.7543	0.5163
0	29	0.5504	0.8089	0.2787
0	34	0.7002	0.5427	0.6211
0	35	0.5966	0.4742	0.3600
0	52	0.6491	0.4415	0.5576
0	54	0.6501	0.3809	0.4710
0	55	0.7999	0.7329	0.2968
1	2	0.9991	0.5349	0.4703
1	3	0.9994	0.4713	0.6992
1	4	0.9498	0.5476	0.4252
1	5	0.9987	0.6791	0.6252
1	26	0.9981	0.3550	0.5783
1	27	0.7993	0.5313	0.3909
1	28	0.8499	0.4872	0.3794
1	30	0.7236	0.2931	0.5093
1	32	0.9988	0.4346	0.5167
1	33	0.5275	0.3214	0.1509
2	3	0.9997	0.6272	0.5975
2	4	0.9992	0.5308	0.5294
2	5	0.9497	0.4201	0.5477
2	7	0.7002	0.4647	0.3857
3	4	0.9999	0.5450	0.4954
3	7	0.8497	0.5282	0.4005
4	5	0.9998	0.5886	0.4390
4	6	0.9495	0.5911	0.5584
4	7	0.9999	0.6579	0.4732
4	8	0.6004	0.5554	0.4692
5	6	0.9997	0.5729	0.5514
5	7	0.9996	0.4867	0.4804
5	8	0.9498	0.5602	0.5898
5	9	0.7501	0.4712	0.3758
5	10	0.9000	0.4696	0.5755
6	7	1.0000	0.6503	0.4283
6	8	1.0000	0.6347	0.6483
6	9	0.9494	0.5191	0.5135
6	10	0.9998	0.5380	0.5120
6	11	0.7506	0.4966	0.4024
7	8	0.9996	0.5342	0.6175
7	9	0.8494	0.5034	0.5015
7	10	0.9989	0.4380	0.5939
7	11	0.7994	0.5018	0.3836
8	9	0.9000	0.5973	0.4749
8	11	0.9995	0.6131	0.5601
9	10	0.9995	0.5178	0.5445
9	11	0.9996	0.6312	0.5059
9	12	0.5001	0.4100	0.4724
9	13	0.6504	0.5334	0.3773
10	11	0.9998	0.5383	0.5372
10	12	0.8501	0.4434	0.5358
10	13	0.9988	0.4937	0.5197
10	14	0.6999	0.3899	0.4279
10	15	0.5508	0.4061	0.4881
11	12	0.9990	0.4856	0.3937
11	13	0.9999	0.5432	0.4297
11	14	0.9498	0.5722	0.4090
11	15	0.8503	0.4525	0.5025
12	13	0.9005	0.4852	0.3278
12	14	0.8497	0.3967	0.4235
12	15	0.8001	0.3554	0.4694
13	14	0.9998	0.5027	0.4857
13	15	0.9999	0.5535	0.4503
13	16	0.7492	0.2687	0.7278
13	17	0.9989	0.4915	0.5456
13	18	0.9992	0.4815	0.4215
13	19	0.5505	0.4007	0.4503
14	15	0.9998	0.6172	0.5285
14	16	0.9492	0.3744	0.6632
14	17	0.9991	0.3962	0.5021
14	18	0.9997	0.4511	0.4890
14	19	0.9000	0.4182	0.4682
15	16	0.9986	0.7368	0.8992
15	17	0.5499	0.3821	0.5998
15	18	0.6532	0.4624	0.3232
15	19	0.7004	0.5691	0.6852
16	17	0.8005	0.8448	0.2646
16	18	0.5505	0.7725	0.4425
16	19	0.6505	0.7754	0.5262
17	18	0.9997	0.5385	0.5286
17	19	0.9999	0.5999	0.4992
17	20	0.7501	0.3005	0.5121
17	21	0.6984	0.5109	0.5218
17	22	0.9983	0.6569	0.6607
17	23	0.9493	0.7745	0.5537
17	24	0.5506	0.5930	0.5475
18	19	0.9996	0.5317	0.5638
18	20	0.8498	0.3943	0.5282
18	21	0.9987	0.5569	0.5343
18	22	0.9995	0.6876	0.4269
18	23	0.9989	0.5579	0.5843
18	24	0.5003	0.4645	0.5179
19	20	0.8580	0.4962	0.4493
19	21	0.9993	0.5351	0.4045
19	22	0.9997	0.7576	0.3591
19	23	0.9989	0.5717	0.5899
19	24	0.8502	0.3952	0.5305
20	21	0.6502	0.2546	0.4511
20	22	0.7864	0.4856	0.4185
20	23	0.9493	0.4006	0.3860
20	24	0.6006	0.4782	0.4496
21	22	0.9991	0.5829	0.4853
21	23	0.9998	0.5706	0.4713
21	24	0.8991	0.4467	0.7067
21	25	0.6004	0.3797	0.5709
22	23	0.9997	0.4816	0.3693
22	24	0.8997	0.4987	0.7979
22	25	0.8495	0.4090	0.4418
22	26	0.9492	0.5142	0.3907
23	24	0.9998	0.6462	0.6845
23	25	0.9992	0.3193	0.3348
23	26	0.9512	0.4916	0.3680
23	27	0.7489	0.3890	0.3331
24	25	0.9484	0.8819	0.4252
24	26	0.9998	0.8447	0.4594
25	26	0.8862	0.5327	0.4628
25	30	0.5502	0.5150	0.4881
26	27	0.9981	0.5038	0.4365
26	28	0.9989	0.5664	0.5151
26	29	0.7496	0.4408	0.4936
26	30	0.8484	0.4973	0.5985
26	31	0.7982	0.4619	0.5179
26	32	0.6504	0.4933	0.3842
27	28	0.9986	0.4544	0.4442
27	29	0.9990	0.5502	0.5029
27	30	0.8988	0.4645	0.5240
27	31	0.9496	0.4827	0.4489
27	32	0.8989	0.4247	0.3613
27	33	0.5527	0.5492	0.2138
28	29	0.5985	0.5919	0.4494
28	30	0.9997	0.4617	0.5108
28	31	0.9994	0.5499	0.5244
28	32	0.9988	0.4596	0.5030
28	33	0.5004	0.5054	0.3616
29	30	0.9489	0.6388	0.6053
29	31	0.9990	0.5314	0.6069
29	32	0.9997	0.5980	0.4252
29	33	0.9988	0.4970	0.4441
30	31	0.9996	0.5735	0.5030
30	32	0.9994	0.5642	0.3882
30	33	0.9983	0.4508	0.4128
30	34	0.6002	0.4903	0.2970
30	35	0.5005	0.4732	0.3880
31	32	0.9999	0.5553	0.4543
31	33	0.9991	0.4655	0.3491
31	34	0.8996	0.5817	0.2871
32	33	0.9483	0.3796	0.3973
32	34	0.8003	0.6039	0.3822
32	35	0.8498	0.6307	0.4748
33	34	0.9998	0.6033	0.3999
33	35	0.9990	0.5929	0.6937
33	36	0.9975	0.4775	0.5919
34	35	0.9994	0.6999	0.4945
34	36	0.9995	0.4115	0.5927
34	37	0.7499	0.5169	0.4266
34	38	0.8500	0.5805	0.3310
34	39	0.6503	0.4954	0.3675
34	53	0.5993	0.3314	0.4608
35	36	0.9984	0.6967	0.6293
35	37	0.8994	0.7172	0.5203
35	38	0.8503	0.7221	0.5416
36	37	0.9998	0.7351	0.4311
36	38	0.9994	0.6983	0.5464
36	39	0.9990	0.7447	0.5308
36	40	0.9990	0.7586	0.5569
37	38	0.9997	0.5161	0.5483
37	39	0.9995	0.5425	0.6121
37	40	0.9995	0.4887	0.6145
37	41	0.9985	0.3909	0.6237
37	42	0.9986	0.5020	0.5638
37	43	0.9988	0.4609	0.7294
37	44	0.6503	0.2359	0.4401
37	45	0.5005	0.5710	0.4366
37	46	0.8989	0.5222	0.3857
38	39	0.9997	0.5054	0.4734
38	40	0.9491	0.5228	0.5676
38	41	0.6998	0.5820	0.5295
38	43	0.7002	0.4113	0.4126
39	40	0.8995	0.4501	0.6102
39	41	0.9991	0.5865	0.6510
39	42	0.9487	0.5490	0.5665
39	43	0.9993	0.6279	0.5784
39	44	0.9997	0.4669	0.4974
39	45	0.8497	0.5297	0.4901
39	46	0.7002	0.5721	0.3686
40	41	0.9991	0.6727	0.5842
40	42	0.9996	0.7809	0.4788
40	43	0.9996	0.8587	0.5553
40	44	0.9991	0.7641	0.5121
40	45	0.9490	0.7138	0.5447
40	46	0.8001	0.5829	0.3643
41	42	0.9998	0.6744	0.4929
41	43	0.9998	0.7235	0.4175
41	44	0.9996	0.6861	0.5090
41	45	0.9994	0.7234	0.6067
41	46	0.9997	0.6874	0.3837
41	47	0.9002	0.7500	0.2973
41	48	0.7005	0.6821	0.3881
42	43	0.9996	0.4910	0.4535
42	44	0.9992	0.4499	0.5829
42	45	0.9983	0.5106	0.6326
42	46	0.9994	0.5155	0.4605
42	47	0.9993	0.6290	0.4421
42	48	0.8008	0.5521	0.4714
43	44	0.9500	0.4906	0.5195
43	45	0.9996	0.4243	0.5768
43	46	0.9997	0.6114	0.4509
43	47	0.9995	0.5014	0.4205
43	48	0.8496	0.4400	0.4981
44	45	0.9996	0.5176	0.5858
44	46	0.9996	0.6597	0.3857
44	47	0.9991	0.5811	0.3351
44	48	0.9000	0.5137	0.4062
45	46	0.9998	0.6188	0.4004
45	47	0.9996	0.7232	0.3288
45	48	0.9498	0.6679	0.3172
45	49	0.8997	0.6893	0.5781
46	47	0.9996	0.5843	0.4452
46	48	0.9987	0.5385	0.5204
46	49	0.9994	0.5434	0.4662
46	50	0.7969	0.4592	0.5323
46	51	0.6994	0.5084	0.6465
47	48	0.9992	0.4252	0.5342
47	49	0.9973	0.3481	0.6358
47	50	0.8977	0.3675	0.6926
47	51	0.7002	0.3778	0.4624
47	52	0.6001	0.1697	0.5171
48	49	0.9990	0.5315	0.5220
48	50	0.9481	0.4661	0.5472
48	51	0.7498	0.5660	0.4786
48	52	0.7992	0.4272	0.3829
49	50	0.9989	0.5038	0.5199
49	51	0.9991	0.5949	0.5823
49	52	0.9493	0.5010	0.5599
50	51	0.9991	0.5401	0.5466
50	52	0.9991	0.4731	0.4292
50	54	0.7496	0.3270	0.3652
51	52	0.9494	0.5447	0.4467
51	54	0.9489	0.5920	0.3251
52	53	0.9993	0.8480	0.5525
52	54	1.0000	0.7480	0.3939
52	55	0.9991	0.8344	0.5826
53	54	0.9994	0.4950	0.4363
53	55	0.9991	0.5779	0.5467
54	55	0.9994	0.5121	0.4822
55	56	0.5294	0.4877	0.2525
56	57	0.9999	0.8810	0.2945
56	58	0.9995	0.8356	0.5670
56	59	0.9994	0.9031	0.4947
56	60	1.0000	0.7989	0.4364
57	58	0.6991	0.6118	0.3715
57	59	0.8014	0.5113	0.4734
57	60	0.9994	0.4941	0.4100
58	59	0.7485	0.3781	0.4765
58	60	0.9998	0.6734	0.4308
59	60	0.9997	0.5400	0.3572
