0	9	0.6503	0.4810	0.0278
0	15	0.5506	0.3514	0.7942
0	16	0.8489	0.6848	0.4317
1	2	0.9980	0.6323	0.5320
1	3	0.9992	0.5282	0.4287
1	4	0.7495	0.5038	0.4112
1	5	0.9993	0.5325	0.4490
1	6	0.9494	0.8360	0.7527
1	7	0.8004	0.6812	0.5172
1	8	0.7987	0.7458	0.2361
1	9	0.6006	0.6293	0.5810
1	10	0.7434	0.4775	0.9485
1	14	0.8001	0.4775	0.6639
1	15	0.7017	0.2574	0.2746
2	3	0.9952	0.6766	0.6295
2	5	0.8485	0.7858	0.1158
3	4	0.9994	0.7649	0.5445
3	5	0.9996	0.4602	0.4905
3	6	0.9996	0.6127	0.7414
3	7	0.9988	0.5227	0.4617
3	8	0.7002	0.3507	0.2155
3	9	0.7004	0.5476	0.3083
4	5	0.9996	0.5983	0.1895
4	6	1.0000	0.2515	0.9628
4	7	0.7994	0.5058	0.2947
5	6	0.9969	0.8470	0.5917
5	7	0.9998	0.5795	0.3796
5	8	0.8996	0.9562	0.2294
6	7	1.0000	0.6668	0.3494
6	8	0.9994	0.3619	0.5539
7	8	0.9993	0.7176	0.5413
7	10	0.6495	0.8982	0.5181
8	9	0.9998	0.4951	0.3308
8	10	0.5508	0.1471	0.6086
8	11	0.9983	0.4279	0.1497
9	10	0.9970	0.8322	0.4734
9	11	0.7958	0.4229	0.3161
9	12	0.9995	0.8308	0.3568
9	13	0.6503	0.7059	0.3976
9	14	0.9998	0.9068	0.5892
9	15	0.9990	0.8837	0.1125
9	17	0.6017	0.8894	0.5934
10	11	0.9978	0.3538	0.2925
10	12	0.6515	0.2113	0.7205
10	14	0.5584	0.3845	0.8042
10	15	0.7996	0.4576	0.4000
10	17	0.9986	0.3034	0.7416
11	12	0.9998	0.8478	0.2922
11	13	0.9006	0.6876	0.3477
11	14	0.8004	0.6479	0.5043
11	15	0.9995	0.7779	0.3760
11	16	0.8992	0.6826	0.6881
11	17	0.8506	0.7801	0.4044
12	13	0.9996	0.6266	0.3028
12	14	0.9994	0.6329	0.5695
12	15	0.9996	0.5773	0.3074
12	16	0.8503	0.7234	0.5232
12	17	0.9986	0.4749	0.3836
13	14	0.8993	0.5720	0.5140
13	15	0.9493	0.2866	0.3988
13	16	0.9993	0.1386	0.6034
13	17	0.7999	0.4621	0.3879
14	15	0.9990	0.6262	0.2905
14	16	0.7002	0.5434	0.4785
14	17	0.8994	0.5264	0.5075
15	16	0.9998	0.7405	0.7609
15	17	0.9993	0.3923	0.4125
16	17	0.9508	0.8030	0.1001
