0	1	0.9980	0.7092	0.5103
0	2	0.9998	0.5027	0.4637
0	3	0.9994	0.9213	0.7985
0	4	0.9996	0.6382	0.4901
0	5	0.9988	0.8983	0.8691
0	6	0.9993	0.6368	0.4800
0	26	0.9991	0.0503	0.7720
1	2	1.0000	0.7788	0.3316
1	3	0.8501	0.5623	0.5788
1	4	0.9995	0.7113	0.1402
1	6	0.8012	0.4893	0.3447
1	10	0.7950	0.3647	0.3404
1	13	0.9999	0.4293	0.8472
1	14	0.9993	0.2835	0.6772
1	15	0.7004	0.3472	0.1346
1	23	0.5496	0.3092	0.6805
1	26	1.0000	0.6222	0.4212
1	27	0.9002	0.6830	0.3207
2	3	0.9984	0.8453	0.6309
2	4	0.9996	0.6527	0.5337
2	5	0.8993	0.8966	0.6847
2	26	0.8500	0.0541	0.4474
3	4	0.9999	0.6310	0.4469
3	5	0.7506	0.4462	0.7730
4	5	0.9979	0.9145	0.5957
4	6	0.7882	0.5542	0.3252
4	26	0.8492	0.4638	0.4995
5	6	0.9983	0.7834	0.4949
5	7	0.9983	0.7355	0.4937
5	8	0.6010	0.2566	0.5540
5	9	0.9981	0.7659	0.2976
5	10	0.9485	0.6377	0.1074
5	11	0.8498	0.3018	0.3327
5	13	0.9986	0.6537	0.5609
5	26	0.7995	0.8143	0.2852
6	7	0.9994	0.6613	0.3385
6	11	0.7500	0.8384	0.6904
6	13	0.9968	0.6270	0.6251
6	15	0.9983	0.6979	0.7352
6	23	0.7006	0.3800	0.7063
6	26	0.8988	0.5690	0.5698
7	8	0.9974	0.9804	0.3715
7	9	0.7999	0.5964	0.5744
7	10	0.9995	0.5317	0.4057
7	11	0.8502	0.8531	0.5139
7	12	0.9988	0.7673	0.6917
7	13	0.9961	0.5527	0.7913
7	14	0.8981	0.9511	0.1785
7	15	0.9984	0.3877	0.6319
7	23	0.9490	0.6280	0.6651
7	26	0.9493	0.4469	0.3773
8	9	0.9975	0.9718	0.1791
8	10	0.9995	0.5457	0.7810
8	11	0.8486	0.5748	0.4509
8	12	0.6504	0.2143	0.4878
8	13	0.9989	0.4962	0.6402
8	14	0.6499	0.4832	0.3768
8	23	0.7989	0.2090	0.6205
9	10	0.8491	0.6671	0.0121
9	13	0.9487	0.8605	0.8960
9	14	0.7493	0.4567	0.4474
9	23	0.7982	0.6675	0.6304
10	11	0.9488	0.7963	0.5083
10	12	0.8492	0.6971	0.5857
10	13	0.9993	0.4335	0.5846
10	14	0.9984	0.8206	0.2835
10	15	0.9995	0.1159	0.4597
10	16	0.8996	0.7435	0.5207
10	23	1.0000	0.4633	0.8038
10	24	0.9492	0.6461	0.7385
10	26	0.9982	0.2317	0.4663
11	12	0.9978	0.4876	0.5436
11	13	0.9990	0.7129	0.5926
12	13	0.9998	0.6136	0.3981
12	15	0.7993	0.5729	0.4074
13	14	0.9978	0.9853	0.1613
13	15	0.9993	0.9311	0.6970
13	16	0.8499	0.6418	0.3027
13	26	0.9499	0.7342	0.3762
14	15	0.9999	0.3974	0.5622
14	26	0.8000	0.5508	0.3220
15	16	0.9994	0.8315	0.0574
15	23	0.9981	0.8236	0.3158
16	17	0.9990	0.9261	0.1854
16	21	0.9498	0.6613	0.4275
16	22	0.8002	0.7907	0.3415
16	23	0.9995	0.5572	0.5132
16	24	0.7008	0.4823	0.4053
17	18	0.9994	0.8120	0.7127
17	19	0.9993	0.6055	0.5544
17	20	0.9999	0.3980	0.6737
17	21	1.0000	0.2567	0.7325
17	22	0.8999	0.2363	0.4496
17	23	0.9988	0.3422	0.3067
17	26	0.7011	0.7341	0.3151
18	19	0.8497	0.8789	0.7526
18	20	0.9991	0.8858	0.8277
18	21	0.5529	0.6597	0.7567
19	20	0.5659	0.5648	0.2725
20	21	0.9988	0.9000	0.4259
20	22	0.9498	0.7336	0.5696
21	22	0.9984	0.8479	0.3382
22	23	0.7001	0.3947	0.1136
23	24	0.9995	0.4741	0.5433
23	25	0.8503	0.4249	0.6300
24	25	0.9982	0.9863	0.6737
25	26	0.9499	0.8762	0.0841
25	28	0.6012	0.5201	0.4017
26	27	0.9981	0.4160	0.4803
26	28	0.8994	0.4389	0.5893
27	28	0.9999	0.9433	0.5788
27	29	1.0000	0.6244	0.5076
28	29	0.9990	0.6006	0.1425
