0	39	0.6005	0.5473	0.2585
0	40	0.5004	0.3976	0.5011
1	2	0.9986	0.9309	0.4684
1	13	0.5999	0.6609	0.3171
1	14	0.9498	0.6890	0.4656
1	15	0.7006	0.1884	0.5593
1	16	0.9985	0.4918	0.5977
1	17	0.9990	0.6481	0.3592
1	19	0.9499	0.4581	0.8925
1	37	0.9484	0.6870	0.9954
1	38	0.9492	0.6333	0.0785
1	39	0.9994	0.1833	0.5580
2	14	0.5999	0.7630	0.2543
2	15	0.5507	0.7683	0.3763
2	16	0.9503	0.7935	0.9067
2	17	0.9970	0.8864	0.1709
2	19	0.9002	0.5428	0.9420
2	30	0.8497	0.6043	0.7377
2	37	1.0000	0.2115	0.9899
2	38	0.9990	0.6001	0.1763
2	39	0.9976	0.6249	0.3096
2	40	0.6164	0.3338	0.6309
3	4	0.9984	0.4127	0.2247
3	5	0.9984	0.3320	0.4181
3	6	0.9974	0.1755	0.5165
3	7	0.5014	0.0859	0.3324
3	11	0.8011	0.2053	0.0704
3	12	0.9484	0.3846	0.4727
3	13	0.9493	0.3035	0.7970
4	5	0.9988	0.4838	0.3755
4	6	0.8556	0.5244	0.5248
4	12	0.6509	0.5045	0.4084
5	6	0.9993	0.5435	0.4594
5	11	0.6002	0.2687	0.2551
5	12	0.9992	0.5175	0.3134
6	7	0.9988	0.8150	0.1747
6	11	0.9994	0.4598	0.5662
6	12	0.9997	0.6417	0.4091
7	8	0.9961	0.9696	0.5948
7	9	1.0000	0.8478	0.8821
7	10	0.9967	0.8341	0.2017
7	11	0.9983	0.4736	0.1969
7	12	0.9998	0.1922	0.6247
8	9	0.9997	0.5938	0.9358
9	10	0.9969	0.8973	0.0777
10	11	0.5018	0.5931	0.0521
10	12	0.6930	0.7237	0.2146
11	12	0.9991	0.4623	0.4701
12	13	0.9489	0.9027	0.5845
13	14	0.9980	0.8977	0.1056
14	15	0.9978	0.8986	0.4086
15	16	0.6996	0.5727	0.0293
16	17	0.9988	0.4783	0.5257
16	18	0.9974	0.5602	0.1095
16	19	0.9489	0.4352	0.5782
16	39	0.7501	0.2505	0.2906
17	18	0.9960	0.9731	0.1855
17	19	0.9981	0.4949	0.6498
18	19	0.9997	0.0831	0.7999
19	39	0.9489	0.6997	0.4274
20	21	0.8985	0.8428	0.5649
20	27	0.5504	0.7791	0.3674
20	28	0.5501	0.3684	0.7108
20	29	0.8496	0.2434	0.1667
20	30	0.9997	0.4319	0.7249
20	33	0.9495	0.5005	0.5864
20	37	0.9995	0.5129	0.9062
21	22	0.9970	0.9244	0.4641
21	33	0.8489	0.5028	0.5685
21	37	0.9986	0.6633	0.9017
22	23	0.9953	0.9945	0.6856
22	24	0.5997	0.7995	0.3927
22	27	0.5986	0.7593	0.3648
22	28	0.5971	0.7494	0.4585
22	30	0.5494	0.4433	0.2612
22	33	0.9501	0.2751	0.9730
22	37	0.9996	0.4366	0.6790
23	24	0.9987	0.6518	0.7753
23	25	0.6502	0.3566	0.8074
24	25	1.0000	0.9190	0.4103
24	26	0.9996	0.8464	0.4520
24	27	0.5495	0.5435	0.6179
24	28	0.9998	0.7173	0.5405
24	33	0.5512	0.5063	0.8782
24	35	0.9499	0.2627	0.7750
24	36	0.9500	0.4839	0.9002
24	37	0.9992	0.7176	0.4082
25	26	0.8001	0.6556	0.4012
25	28	1.0000	0.5347	0.7484
25	30	0.6010	0.6794	0.8036
25	37	0.9999	0.6642	0.7457
26	27	0.8495	0.4454	0.4736
26	28	0.6507	0.2326	0.4535
26	30	0.9995	0.8481	0.8468
26	37	0.8986	0.4574	0.1266
27	28	0.9977	0.7705	0.6449
27	33	0.6502	0.2817	0.5465
27	37	0.9983	0.1484	0.5990
28	29	0.8988	0.8386	0.1876
28	30	0.9999	0.8614	0.9163
28	31	0.8692	0.8867	0.1337
28	37	0.5505	0.5633	0.0418
29	30	1.0000	0.5781	0.4356
29	31	0.9998	0.4916	0.5396
29	32	0.9981	0.9666	0.4152
29	33	0.9998	0.4771	0.3034
30	31	1.0000	0.6139	0.3978
30	32	0.9999	0.1875	0.7259
30	33	0.9992	0.3669	0.3765
30	37	0.9974	0.5681	0.2180
31	32	0.9975	0.9816	0.5175
31	33	0.9992	0.5551	0.3372
32	33	0.9998	0.5512	0.4390
32	37	0.9965	0.8063	0.0489
33	34	0.9999	0.9942	0.1525
33	37	0.9997	0.6733	0.4444
34	35	0.9992	0.7043	0.2735
34	36	0.9496	0.5889	0.6197
34	37	0.9979	0.4125	0.0420
35	36	1.0000	0.5354	0.6668
36	37	0.9980	0.9002	0.0059
37	38	0.9983	0.9991	0.0479
37	39	0.8471	0.9921	0.4497
38	39	0.9992	0.3837	0.6170
