0	1	1.0000	0.8212	0.3853
0	2	1.0000	0.5657	0.4710
0	3	0.9996	0.9615	0.2551
0	6	1.0000	0.5783	0.7279
0	7	0.9997	0.5501	0.4439
0	8	0.9987	0.9473	0.0962
0	14	0.7493	0.9337	0.5325
0	20	0.6502	0.3513	0.6919
1	2	1.0000	0.6124	0.3874
1	3	0.9997	0.4131	0.5130
1	4	0.8994	0.6557	0.1146
1	7	0.9999	0.4742	0.7675
1	14	0.8506	0.0662	0.4332
1	15	0.5476	0.2427	0.7830
1	18	0.9500	0.4379	0.9285
1	19	0.8991	0.3441	0.1772
1	20	0.7502	0.5952	0.4410
2	3	0.9996	0.7880	0.4161
2	4	0.9991	0.7765	0.3036
2	5	0.9997	0.9652	0.4911
2	6	1.0000	0.6585	0.5269
2	7	0.9994	0.6059	0.5220
3	4	0.9986	0.7162	0.4092
3	5	0.9000	0.2079	0.5496
3	6	0.5509	0.2816	0.3388
3	7	0.9501	0.2713	0.8739
4	6	0.9983	0.4960	0.6651
5	6	0.9978	0.7202	0.1363
5	7	0.6013	0.3238	0.7040
6	7	0.9999	0.7187	0.2193
6	8	0.9997	0.4267	0.6088
7	8	0.9999	0.8917	0.3018
7	9	0.9996	0.5486	0.4948
7	11	0.7999	0.6045	0.5227
7	13	0.7499	0.6055	0.5409
7	15	0.6502	0.6664	0.4273
8	9	0.9999	0.5192	0.6600
8	10	0.9999	0.3292	0.7495
8	11	0.7990	0.5044	0.3793
8	13	0.9986	0.4460	0.3277
8	18	0.6503	0.2643	0.5262
9	10	0.9984	0.8824	0.7167
9	11	0.9997	0.5759	0.4251
9	12	0.9992	0.8214	0.7549
9	13	1.0000	0.7730	0.4125
9	14	0.8500	0.9612	0.5733
9	15	0.6501	0.4973	0.3595
10	11	0.9984	0.7553	0.3690
10	14	0.6507	0.1941	0.5795
11	12	0.9989	0.8743	0.4780
11	13	0.8503	0.2884	0.2657
12	13	0.9993	0.8299	0.3277
12	14	0.9999	0.4785	0.7795
12	15	0.8001	0.7025	0.1790
12	16	0.5509	0.3521	0.6460
13	14	0.9990	0.9083	0.4799
13	15	0.9998	0.5397	0.4335
13	16	0.9995	0.9552	0.3977
13	17	0.9984	0.7838	0.3021
13	18	0.9996	0.5784	0.4446
14	15	0.9999	0.6469	0.6167
14	16	0.9991	0.2722	0.3771
14	17	0.9988	0.5980	0.1614
14	18	0.9996	0.5408	0.4832
14	19	0.8000	0.3436	0.8191
15	16	0.9997	0.8356	0.4576
15	17	0.9998	0.6141	0.4325
15	18	0.9491	0.4694	0.5291
15	19	0.8999	0.5515	0.4370
15	20	0.5953	0.3123	0.7271
16	17	0.9980	0.4976	0.2109
16	18	0.9997	0.3567	0.5705
16	20	0.7505	0.4500	0.5301
17	18	1.0000	0.3330	0.4014
17	19	0.6508	0.2342	0.7759
17	20	0.7503	0.4242	0.6694
18	19	0.9500	0.8597	0.4244
18	20	0.9999	0.7804	0.6221
19	20	0.8003	0.7572	0.3959
