0	1	0.9996	0.5718	0.4437
0	2	0.9999	0.6241	0.5911
0	3	1.0000	0.0562	0.5666
0	4	0.9975	0.5069	0.7326
0	5	1.0000	0.3506	0.4979
0	22	0.9981	0.9930	0.2092
0	25	0.9974	0.9728	0.4136
1	2	0.9988	0.5784	0.5063
1	3	0.9999	0.4353	0.3603
1	5	0.9988	0.7897	0.5764
1	6	0.9996	0.8919	0.3501
1	20	0.9986	0.3971	0.1149
1	22	1.0000	0.0986	0.1313
1	23	0.5991	0.2503	0.1341
1	25	0.9994	0.5900	0.2373
2	3	0.9997	0.9915	0.4085
2	5	0.9994	0.5434	0.7213
2	6	0.9985	0.2796	0.2411
2	20	0.9974	0.3533	0.1689
2	22	0.9991	0.6745	0.1749
2	25	0.9500	0.2202	0.0472
3	4	0.9963	0.9792	0.7479
3	5	0.9988	0.5369	0.2532
4	5	0.9997	0.3864	0.3306
4	16	0.7021	0.7364	0.4547
4	18	0.9981	0.5059	0.0581
5	6	0.8999	0.8582	0.0606
5	18	0.9974	0.4655	0.0000
5	20	0.9975	0.5510	0.1823
5	25	0.6508	0.4714	0.0270
6	7	0.9995	0.9378	0.0266
6	20	0.9990	0.0384	0.4456
6	21	0.9995	0.6922	0.4190
6	23	0.8499	0.5116	0.5226
6	24	0.9991	0.3023	0.2321
7	8	0.9979	0.8735	0.5575
7	9	0.9992	0.6472	0.4736
7	10	1.0000	1.0000	0.7029
7	11	0.9981	0.6014	0.6149
7	13	1.0000	0.6621	0.4434
7	20	1.0000	0.0000	0.6682
7	21	0.9999	0.2366	0.7583
7	23	0.8990	0.1352	0.4961
7	24	0.9999	0.0040	0.2548
8	9	0.9991	0.5849	0.2783
8	10	0.9997	0.2373	0.7650
8	11	0.9970	0.4646	0.0892
8	21	0.5504	0.8707	0.9478
9	10	0.9940	0.7787	0.7235
9	11	0.9988	0.4723	0.7008
9	12	0.9500	0.9851	0.8084
9	13	0.9989	0.6313	0.5160
9	21	1.0000	0.3171	0.9486
10	11	1.0000	0.7197	0.3154
10	12	0.9987	0.2256	0.8015
11	12	0.9975	0.6993	0.7599
11	13	1.0000	0.6109	0.3975
11	15	0.9501	0.7377	0.4993
11	21	0.9991	0.8820	0.9247
12	13	1.0000	0.6559	0.3055
12	14	0.9989	0.1403	0.7295
12	15	0.9958	0.5753	0.0008
13	14	0.9985	0.7370	0.6409
13	15	0.9998	0.4475	0.4433
13	19	0.7485	0.1136	0.5804
13	21	0.9998	0.5335	0.7242
14	15	0.9981	0.6016	0.1364
14	16	0.9996	0.0600	0.6846
15	16	0.9997	0.9986	0.3328
15	17	0.9964	0.4228	0.1107
15	19	0.8491	0.3659	0.2109
16	17	1.0000	0.6058	0.9488
16	18	0.9504	0.3828	0.6940
17	18	0.9990	0.9966	0.6463
17	19	0.9000	0.5062	0.2269
18	19	1.0000	0.6012	0.8778
18	20	0.9500	0.0926	0.8053
19	20	0.9995	0.9940	0.9327
19	21	0.9500	0.9937	0.2188
20	21	1.0000	0.6797	0.2227
20	22	0.9998	0.0946	0.7177
20	23	0.8495	0.0387	0.3700
20	24	0.9484	0.5153	0.5762
21	23	0.9005	0.8114	0.4433
21	24	0.9995	0.4710	0.5397
22	23	0.9969	0.7891	0.3530
22	25	0.9498	0.8609	0.4825
23	24	0.9989	0.6205	0.6224
