0	1	0.9000	0.7048	0.4664
0	2	0.9997	0.6491	0.5258
1	2	0.9990	0.5274	0.3326
1	6	0.6504	0.7393	0.2445
2	3	0.9492	0.5794	0.3595
2	5	0.6009	0.3694	0.5274
2	6	0.7504	0.5009	0.4137
2	7	0.9498	0.3344	0.6673
2	8	0.7014	0.3333	0.2040
2	11	0.9492	0.5813	0.3541
2	12	0.9997	0.1849	0.4953
2	13	0.8502	0.4712	0.4929
2	14	0.6005	0.7066	0.3470
2	21	0.7006	0.5443	0.4788
2	23	0.6006	0.4198	0.4734
3	4	0.9998	0.5931	0.4218
3	5	0.7512	0.5644	0.4085
3	6	0.5011	0.5871	0.5873
3	11	0.9972	0.4244	0.4895
3	12	0.9986	0.2924	0.3139
3	13	0.9494	0.5027	0.5095
3	14	0.6476	0.3967	0.2694
4	11	0.9988	0.5066	0.5970
4	13	0.8000	0.5569	0.3934
5	6	0.6506	0.7022	0.4226
5	7	0.6003	0.6888	0.4037
5	8	0.9992	0.6300	0.4232
5	9	0.9991	0.5716	0.3347
5	10	0.9005	0.6574	0.6836
5	11	0.9999	0.6123	0.6608
6	7	0.7009	0.4597	0.4279
6	11	0.9499	0.5077	0.7539
6	12	0.9989	0.4231	0.9741
7	8	0.9984	0.7885	0.2089
7	9	0.9999	0.3658	0.8202
7	10	0.9499	0.5526	0.7041
7	11	0.9994	0.6481	0.6697
8	9	0.9991	0.4382	0.5360
8	10	0.9955	0.2467	0.6003
8	11	0.9976	0.3846	0.5441
9	10	0.9993	0.6617	0.4932
11	12	0.8476	0.7725	0.1838
11	13	0.5507	0.5569	0.4959
12	13	0.9951	0.6680	0.0589
13	14	0.9987	0.8293	0.2709
13	15	0.6998	0.5004	0.5774
13	16	0.8993	0.3328	0.4759
14	15	0.9986	0.7873	0.2065
14	16	0.8498	0.8662	0.5904
14	17	0.6498	0.5123	0.5246
14	21	0.5506	0.4153	0.4513
14	22	0.5504	0.3853	0.4848
15	16	0.9990	0.7360	0.5105
15	17	0.8999	0.7043	0.2815
15	20	0.7495	0.4909	0.5784
15	21	0.8992	0.4248	0.5308
16	17	0.9990	0.4193	0.3133
16	19	0.7990	0.4517	0.6227
16	20	0.8507	0.5029	0.5827
16	21	0.7495	0.4476	0.3371
16	22	0.6499	0.2892	0.4385
16	23	0.6003	0.3801	0.1996
17	18	0.8498	0.5514	0.3154
17	19	0.9992	0.3565	0.7813
17	20	0.9989	0.3193	0.5385
17	22	0.9498	0.5796	0.5307
17	23	0.8001	0.6206	0.4202
18	19	0.9983	0.5164	0.6256
18	20	0.9992	0.5719	0.4242
18	22	0.9964	0.2540	0.6882
18	23	0.9982	0.2823	0.4635
18	24	0.9990	0.3464	0.4734
19	20	0.9497	0.6281	0.4675
19	22	0.9985	0.6793	0.6668
19	23	0.9996	0.7783	0.3924
19	24	0.8496	0.5573	0.4686
19	28	0.5491	0.7456	0.3854
20	21	0.9989	0.6400	0.5671
20	22	0.9987	0.5183	0.6850
20	23	0.8993	0.4513	0.2920
21	22	0.9994	0.5515	0.3890
21	23	0.8490	0.5589	0.1478
22	23	0.9999	0.6684	0.3924
22	24	0.5508	0.4560	0.3924
23	24	1.0000	0.8375	0.5322
23	25	0.6005	0.6521	0.4837
23	28	0.6995	0.5739	0.6063
24	25	0.9992	0.4903	0.4308
24	28	0.8991	0.6804	0.7095
25	26	0.8986	0.6945	0.1628
25	28	0.9500	0.6048	0.9299
25	29	0.9478	0.5201	0.0269
25	31	0.5004	0.5584	0.4928
25	32	0.8499	0.4159	0.1309
26	27	0.9983	0.9665	0.3486
26	28	0.9994	0.5117	0.5328
26	29	0.9985	0.5018	0.4226
26	30	0.9985	0.9615	0.3212
26	31	0.9998	0.7312	0.6548
26	32	0.9999	0.6052	0.3441
26	33	0.9992	0.7797	0.6482
26	34	0.9991	0.6655	0.2881
27	28	0.7003	0.5346	0.0657
27	29	0.9982	0.3661	0.9796
27	31	0.9981	0.5243	0.2578
27	32	0.5997	0.5301	0.6476
28	29	0.9982	0.4057	0.2868
28	31	1.0000	0.4386	0.7523
28	32	0.9990	0.2355	0.1428
28	33	0.8991	0.5345	0.6665
28	34	0.7505	0.3346	0.3573
29	30	0.9970	0.9873	0.3864
29	31	0.9999	0.6488	0.6809
29	32	0.9997	0.5329	0.3943
29	33	0.9988	0.8076	0.6146
29	34	0.9994	0.6282	0.3322
30	31	1.0000	0.8090	0.2272
30	32	0.9995	0.6552	0.7146
30	33	0.9003	0.5246	0.6148
30	34	0.9993	0.4789	0.0373
31	32	0.9985	0.7249	0.1426
31	33	0.9995	0.6522	0.6865
31	34	0.7006	0.5886	0.1495
32	33	0.9999	0.5917	0.6611
32	34	0.9990	0.4360	0.3537
33	34	0.9981	0.7834	0.1097
