0	1	0.5497	0.5921	0.6126
1	23	0.6998	0.6278	0.5757
1	24	0.7999	0.2400	0.3346
1	26	0.9981	0.4264	0.8939
1	27	0.9974	0.1965	0.4250
2	3	0.9495	0.5948	0.2533
2	18	0.9994	0.4326	0.4770
3	4	0.9988	0.8399	0.4434
3	14	0.9997	0.9772	0.5504
3	15	0.9998	0.9585	0.9468
3	16	0.9988	0.7774	0.6356
3	17	0.9998	0.5183	0.4706
3	18	1.0000	0.4591	0.5143
3	19	0.9978	0.7919	0.0600
4	5	0.9991	0.9265	0.4025
4	6	0.6004	0.5744	0.3129
4	14	0.7009	0.3884	0.4393
4	15	0.9971	0.8069	0.8547
4	16	0.9983	0.4166	0.5914
4	17	0.9980	0.0638	0.5180
4	18	0.7502	0.7296	0.1396
5	6	1.0000	0.8957	0.2391
5	7	0.9501	0.6318	0.1164
5	8	0.9992	0.2356	0.2996
5	11	0.9990	0.4754	0.1477
5	15	1.0000	0.3809	0.8918
5	16	0.9982	0.2711	0.0560
5	17	0.9979	0.8868	0.5858
6	8	0.6514	0.3741	0.4909
6	15	0.5009	0.7692	0.7040
6	17	0.9999	0.4572	0.5534
7	8	0.9998	0.7167	0.4509
7	9	0.9985	0.5219	0.5599
7	10	0.9994	0.8768	0.4137
7	11	0.9997	0.5634	0.4975
7	12	0.9992	0.8913	0.6003
7	13	0.8494	0.6072	0.5359
7	25	0.5008	0.9763	0.2690
8	9	0.9993	0.5734	0.2554
8	11	1.0000	0.4025	0.6561
8	13	0.9496	0.1933	0.9586
9	10	0.9995	0.8271	0.6153
9	11	0.9999	0.5551	0.4286
9	12	0.9001	0.8010	0.5809
9	25	0.9494	0.8924	0.3796
10	11	0.9998	0.4271	0.3801
10	12	1.0000	0.4197	0.8619
11	12	1.0000	0.6959	0.4834
11	13	1.0000	0.6475	0.4139
11	14	0.7502	0.7702	0.4122
11	15	0.6501	0.4856	0.0484
12	13	0.9987	0.4494	0.0965
12	14	0.9997	0.5938	0.7621
13	14	0.9987	0.3454	0.3536
13	15	0.9996	0.6439	0.3610
13	17	0.9997	0.0419	0.4106
14	15	0.9991	0.3485	0.1233
15	16	0.9988	0.4617	0.5820
15	17	0.9972	0.0767	0.4811
16	17	0.9992	0.9699	0.5285
16	18	0.9983	0.2563	0.5026
18	19	0.9998	0.9599	0.1964
19	20	0.9969	0.9827	0.6977
19	21	0.9995	0.9066	0.0915
19	27	0.9982	0.8273	0.1739
20	21	0.9998	0.4639	0.5081
20	23	0.8991	0.6144	0.2265
20	26	0.5503	0.4541	0.3860
20	27	0.6521	0.0197	0.8399
21	22	0.9996	0.9478	0.6158
21	23	0.9998	0.7432	0.5845
21	26	0.9985	0.5753	0.6741
21	27	0.9997	0.6930	0.5209
22	23	0.9992	0.7521	0.3104
22	24	0.5997	0.5794	0.4595
22	26	0.9982	0.9468	0.5529
22	27	0.9995	0.5918	0.6750
23	24	1.0000	0.4035	0.6142
23	26	0.9999	0.4889	0.4004
23	27	0.9003	0.7089	0.8103
24	25	0.9999	0.9461	0.4957
24	26	0.9997	0.4862	0.5009
24	27	0.9996	0.1099	0.7679
25	26	0.9988	0.6692	0.1773
26	27	0.9994	0.8111	0.6144
