0	1	0.9996	0.4767	0.5433
0	2	0.9997	0.4773	0.5667
0	3	0.8998	0.5430	0.5179
0	4	0.9997	0.5963	0.5155
0	7	0.7496	0.3953	0.5449
0	18	0.6999	0.5675	0.6207
1	2	0.9496	0.7492	0.5717
1	3	0.9493	0.6025	0.6087
1	4	0.9495	0.4794	0.4288
1	7	0.7498	0.5564	0.4822
1	18	0.7495	0.4031	0.7531
2	3	0.9499	0.6503	0.2877
2	4	0.8000	0.5172	0.6281
2	6	0.6502	0.5597	0.3960
3	4	0.9999	0.6544	0.4969
3	7	0.7001	0.6510	0.3952
4	5	0.7501	0.8442	0.3688
4	6	0.9499	0.6997	0.6008
4	7	0.9500	0.6478	0.4168
4	8	0.8001	0.5365	0.4939
4	9	0.8999	0.7775	0.5964
4	18	0.8994	0.6083	0.6861
5	6	0.8500	0.7016	0.4092
5	7	0.8492	0.6418	0.5566
5	8	0.5508	0.4259	0.4678
5	9	0.6504	0.4586	0.5672
5	10	0.6015	0.6975	0.6208
6	7	0.9983	0.7647	0.4732
6	8	0.7500	0.5623	0.4992
6	9	0.8496	0.5716	0.5962
7	8	0.9995	0.5453	0.5761
7	9	0.9983	0.5753	0.6631
7	10	0.9991	0.5674	0.4690
7	16	0.8487	0.3023	0.2870
7	17	0.5492	0.6010	0.5267
7	18	0.7998	0.5418	0.5264
8	9	0.9993	0.6298	0.6147
8	10	0.9995	0.7176	0.5510
8	16	0.5998	0.5110	0.6948
8	17	0.7994	0.8259	0.6233
8	18	0.9494	0.5793	0.4321
9	10	0.9989	0.7242	0.4794
9	17	0.5505	0.2859	0.6118
9	18	0.7508	0.5913	0.4682
10	16	0.6010	0.5040	0.3629
10	17	0.7006	0.5891	0.3794
11	12	0.5005	0.5320	0.2007
11	15	0.5992	0.5935	0.3060
12	13	0.8442	0.3868	0.3921
12	14	0.7503	0.3141	0.5825
12	15	0.6008	0.4511	0.4777
13	14	0.8998	0.5542	0.5726
13	15	0.7509	0.5246	0.4309
14	15	0.8500	0.4986	0.3101
15	16	0.5003	0.6687	0.1822
16	17	0.8499	0.7662	0.5382
16	18	0.5007	0.7232	0.3947
17	18	0.5503	0.6638	0.3546
