0	3	0.7499	0.6106	0.5868
0	5	0.9998	0.5080	0.6816
0	6	0.9995	0.6659	0.6919
0	7	0.9983	0.2449	0.1225
0	9	0.9979	0.2360	0.7338
1	5	0.5500	0.5014	0.7287
1	16	0.6495	0.7894	0.3926
1	29	0.7001	0.5598	0.1262
2	3	0.9483	0.8626	0.1576
2	6	0.6503	0.6922	0.6560
2	7	0.8491	0.8751	0.2669
2	9	0.5998	0.9480	0.2149
3	4	0.8994	0.7481	0.2153
3	5	0.9998	0.5809	0.8513
3	7	0.8996	0.6364	0.3281
3	9	0.9491	0.3931	0.0842
3	29	0.9485	0.4008	0.4086
4	5	0.9990	0.4471	0.4901
4	6	0.6504	0.1992	0.3547
4	7	0.5994	0.1077	0.2546
4	9	0.5487	0.2819	0.4356
5	6	0.9991	0.9271	0.4049
5	7	0.9991	0.6732	0.1610
5	9	1.0000	0.5419	0.4950
5	16	0.7493	0.5648	0.8332
5	29	0.8000	0.7048	0.6166
6	7	0.9989	0.8617	0.1463
6	8	0.8493	0.5433	0.7087
6	9	0.9999	0.5388	0.5019
6	29	0.7988	0.7261	0.8389
7	8	0.9993	0.1801	0.7921
7	9	0.9999	0.3824	0.6301
7	12	0.7498	0.0865	0.6997
7	29	0.9995	0.7564	0.9457
8	9	0.9485	0.4402	0.4988
8	29	0.9974	0.6286	0.8151
9	29	0.5502	0.1827	0.7579
10	11	0.9993	0.7641	0.2774
10	12	0.9972	0.3954	0.1774
10	14	0.9502	0.8557	0.8759
10	15	0.9999	0.0094	0.0388
10	18	0.9985	0.7076	0.9455
11	12	0.9994	0.4145	0.4826
11	14	0.9580	0.2955	0.8377
11	18	0.9007	0.5040	0.5664
12	13	0.9978	0.8358	0.2308
12	14	1.0000	0.4278	0.9714
12	15	0.9997	0.4555	0.2576
12	18	0.9993	0.5692	0.7220
12	23	0.9998	0.2952	0.8179
12	25	0.9500	0.8601	0.6785
12	26	0.9493	0.5007	0.3453
12	27	0.7503	0.8030	0.6509
12	28	0.5511	0.7031	0.6072
12	29	0.7508	0.7576	0.5654
13	14	0.7702	0.7652	0.6079
13	15	0.8513	0.2053	0.7421
13	18	1.0000	0.5621	0.6294
14	15	0.9981	0.9869	0.0429
15	18	0.9998	0.0301	0.7653
16	17	0.9052	0.3530	0.8990
16	19	0.5496	0.6322	0.0492
17	18	0.9985	0.2847	0.0663
17	19	0.9983	0.7013	0.1533
17	21	0.8505	0.9506	0.3437
17	24	0.5503	0.2793	0.1193
18	19	1.0000	0.5502	0.8305
18	20	0.5505	0.4515	0.6784
18	22	0.9990	0.9913	0.5431
18	23	1.0000	0.5447	0.9108
18	24	1.0000	0.1413	0.3222
18	25	0.9996	0.3886	0.4640
19	20	1.0000	0.6011	0.4766
19	21	1.0000	0.2694	0.5405
19	23	0.8500	0.9848	0.8728
20	21	1.0000	0.6000	0.8076
20	24	0.6532	0.2294	0.2545
22	23	0.9996	0.1608	0.7403
23	24	0.9999	0.9489	0.9818
23	25	0.9995	0.8617	0.8041
23	26	0.8493	0.3923	0.3101
24	25	0.6005	0.9418	0.5018
25	26	0.9987	0.9632	0.6807
25	27	0.8485	0.6477	0.5247
25	28	0.7001	0.6674	0.7997
26	27	0.5502	0.8284	0.5390
26	28	0.6501	0.7489	0.5626
27	28	0.6969	0.4996	0.4411
