0	1	0.9992	0.6762	0.3851
0	2	0.8485	0.4227	0.6070
0	3	0.6492	0.4710	0.4021
0	5	0.8992	0.4974	0.8144
1	2	0.9485	0.5760	0.6196
1	5	0.5511	0.5688	0.5468
2	3	0.7413	0.5611	0.2451
2	5	0.7503	0.4239	0.8145
2	7	0.7501	0.9017	0.1162
2	13	0.6005	0.6964	0.9322
2	14	0.7004	0.8126	0.1647
2	17	0.9007	0.6266	0.9690
2	18	0.7500	0.7628	0.1089
2	19	0.9500	0.5523	0.9614
2	22	0.7005	0.5880	0.9732
2	28	0.5020	0.4056	0.5196
3	4	0.6002	0.8685	0.3325
3	7	0.9998	0.7595	0.4460
3	9	0.6503	0.6979	0.3282
3	23	0.7992	0.7561	0.8532
3	25	0.8495	0.5631	0.3958
4	5	0.9992	0.4730	0.3575
4	8	0.8000	0.2621	0.5167
4	24	0.5503	0.2404	0.4192
4	25	0.5506	0.5092	0.1550
4	26	0.8493	0.5225	0.8591
5	6	0.9507	0.9812	0.0261
5	7	0.5197	0.6752	0.1235
5	22	0.6502	0.4581	0.6052
5	25	0.9487	0.2389	0.3758
5	26	0.8499	0.1014	0.7563
6	7	0.9961	0.6836	0.0044
6	8	0.7498	0.5244	0.9178
6	9	0.9968	0.8495	0.0063
6	14	0.6002	0.7915	0.0559
6	17	0.7007	0.5546	0.9502
6	23	0.8517	0.5967	0.0026
7	8	0.9991	0.9411	0.5712
7	9	0.9997	0.4481	0.4504
7	11	0.7993	0.3295	0.4347
7	14	0.9974	0.4164	0.4280
7	18	0.9989	0.4767	0.3553
7	20	0.9989	0.2684	0.5766
7	22	0.9998	0.1049	0.8913
7	23	1.0000	0.3766	0.6314
7	24	0.8968	0.9367	0.2885
7	25	0.9988	0.3166	0.2601
8	9	1.0000	0.6875	0.4043
8	10	1.0000	0.2589	0.7488
8	11	0.8982	0.6927	0.0742
9	10	0.9985	0.8714	0.6361
9	11	0.9994	0.5100	0.6043
9	14	0.9998	0.5262	0.4621
9	18	0.9990	0.6073	0.4155
9	23	0.5499	0.5356	0.5880
10	11	0.9999	0.7233	0.8034
10	12	0.9998	0.1213	0.8309
10	14	0.9479	0.6283	0.3296
11	12	0.9992	0.9947	0.5534
11	13	0.9993	0.9214	0.7999
11	14	1.0000	0.8549	0.4102
12	13	0.9991	0.9605	0.1190
12	14	0.6495	0.5823	0.6619
12	16	0.8998	0.5908	0.8204
13	14	0.9993	0.8273	0.0728
14	15	0.6510	0.9904	0.0636
14	17	0.9984	0.9259	0.8379
14	19	0.6507	0.9988	0.4964
14	20	0.9998	0.5577	0.4740
14	23	0.7995	0.6106	0.5271
15	16	1.0000	0.6319	0.5436
16	17	0.8484	0.7368	0.1627
16	19	0.5514	0.4559	0.2188
17	18	0.9996	0.7506	0.6501
17	19	0.9998	0.4034	0.7105
17	20	0.8494	0.7735	0.3761
18	19	0.9994	0.9797	0.3757
18	20	0.9987	0.5595	0.5808
18	22	0.9487	0.9870	0.7362
18	23	0.9996	0.6144	0.5764
19	20	0.9997	0.5742	0.6477
19	21	0.8015	0.1245	0.1122
19	22	1.0000	0.5355	0.7993
19	23	0.8966	0.5629	0.3177
20	21	0.6515	0.8770	0.0815
20	22	0.9986	0.8333	0.7971
20	23	0.9992	0.5854	0.5610
21	22	0.9995	0.5344	0.3058
21	23	0.9997	0.1443	0.8625
21	24	0.8985	0.1408	0.2110
21	25	0.8008	0.3292	0.3827
22	23	1.0000	0.7293	0.3942
22	25	1.0000	0.3250	0.7353
23	24	0.9966	0.9999	0.3646
23	25	0.9992	0.9634	0.4633
24	25	0.9957	0.7566	0.0191
24	26	0.8980	0.5841	0.4089
25	26	0.9999	0.4908	0.5450
25	27	0.9499	0.5109	0.5653
26	27	1.0000	0.5567	0.4396
26	28	0.8502	0.9020	0.1945
