0	2	0.7484	0.7083	0.8923
0	28	0.5009	0.2159	0.4425
1	2	0.9989	0.7178	0.4806
1	3	0.9998	0.5052	0.4170
1	4	0.8002	0.9444	0.3905
1	5	0.9999	0.8923	0.8549
1	6	0.9998	0.6208	0.4279
1	7	0.9986	0.9194	0.6355
1	8	0.9998	0.6936	0.4751
1	28	0.9996	0.0628	0.8692
2	3	1.0000	0.6393	0.3403
2	4	0.9500	0.1109	0.6307
2	5	0.9501	0.2819	0.8058
2	6	0.9984	0.6616	0.1359
2	8	0.5503	0.4593	0.7136
2	9	0.6006	0.1052	0.8761
2	10	0.8000	0.4158	0.2725
2	15	0.8500	0.3845	0.6031
2	28	1.0000	0.7058	0.4457
2	29	0.5504	0.6460	0.2545
3	4	0.9990	0.9812	0.3681
3	5	0.9985	0.8594	0.7314
3	6	0.9999	0.6344	0.4761
3	7	0.8999	0.9154	0.6183
3	28	0.9989	0.0470	0.5943
4	5	0.9983	0.7284	0.1296
4	6	1.0000	0.5249	0.6375
4	7	0.6505	0.3466	0.2180
5	6	0.9998	0.7381	0.3524
6	7	0.9994	0.6848	0.6340
6	28	0.9482	0.2515	0.7259
7	8	0.6500	0.6151	0.3291
7	10	0.7503	0.3954	0.4561
7	11	0.5006	0.7068	0.2593
7	12	0.6001	0.6267	0.2218
7	13	0.5517	0.5473	0.5632
7	14	0.5495	0.4360	0.4309
8	9	0.8989	0.8132	0.5853
8	10	0.9496	0.5596	0.2970
8	11	0.7499	0.0915	0.5405
8	12	0.6605	0.4282	0.2772
8	13	0.6003	0.7342	0.6370
8	14	0.5001	0.5922	0.5954
8	15	0.9483	0.6236	0.5880
8	28	0.9972	0.2688	0.7533
9	10	0.9981	0.9550	0.2089
9	12	0.6002	0.5350	0.2823
9	14	0.6994	0.4830	0.5400
9	28	0.9986	0.9753	0.6042
10	11	0.9491	0.9146	0.2319
10	12	0.9495	0.3434	0.4637
10	13	0.6497	0.4240	0.4126
10	14	0.9492	0.4867	0.3518
10	15	0.9000	0.3443	0.7144
11	12	0.9977	0.7216	0.0497
11	13	0.5008	0.5368	0.5648
11	14	0.9970	0.7526	0.5885
11	16	0.5508	0.6631	0.4225
12	13	0.9973	0.5690	0.6916
12	14	0.9979	0.4150	0.5670
12	15	0.9986	0.4027	0.5600
12	16	0.9493	0.4845	0.4016
12	17	1.0000	0.0142	0.3286
12	25	0.7496	0.4636	0.5613
12	28	0.5523	0.2762	0.5979
13	14	0.9993	0.7097	0.4379
13	15	0.9999	0.7144	0.5326
13	16	0.6009	0.4983	0.2920
13	17	0.8995	0.8405	0.7395
14	15	0.9996	0.5334	0.5095
14	16	0.9982	0.4056	0.4015
14	17	0.9995	0.7544	0.6386
14	28	0.5522	0.4024	0.6846
15	16	0.9490	0.8656	0.2289
15	17	0.9997	0.8853	0.5179
15	19	0.5413	0.5674	0.4593
15	28	0.9499	0.7108	0.5574
16	17	0.9996	0.4653	0.5318
17	18	0.9996	0.8630	0.1155
17	25	0.9995	0.7516	0.3715
17	26	0.9497	0.8054	0.5793
18	19	0.9495	0.8646	0.3022
18	23	0.9994	0.5644	0.4738
18	24	0.6506	0.6322	0.5322
18	25	0.9984	0.4294	0.5109
18	26	0.9481	0.3898	0.5072
19	20	0.9996	0.8058	0.7355
19	21	0.9497	0.7143	0.4199
19	22	0.9498	0.3877	0.7434
19	23	0.9496	0.1980	0.6094
19	24	0.5005	0.2432	0.3655
19	25	0.7046	0.3201	0.3064
20	21	0.5009	0.7980	0.5470
20	22	0.5031	0.7975	0.8448
21	22	0.5006	0.6657	0.3847
21	24	0.6503	0.3850	0.3897
22	23	0.9998	0.7612	0.4234
22	24	0.9999	0.6654	0.5514
23	24	0.9993	0.6338	0.4094
23	25	0.8990	0.4700	0.4870
23	26	0.8492	0.4428	0.4806
24	25	0.9986	0.4948	0.0985
24	26	0.8500	0.3265	0.7766
25	26	0.9490	0.4481	0.5085
25	28	0.6500	0.4895	0.4512
26	27	0.7003	0.8271	0.3537
26	28	0.9001	0.8063	0.4038
27	28	0.8504	0.7940	0.0700
27	29	0.5510	0.7925	0.3826
27	30	0.5013	0.7283	0.3092
27	31	0.7002	0.8816	0.1505
28	29	0.9999	0.5991	0.4705
28	30	0.9989	0.2950	0.7566
28	31	0.6004	0.5820	0.5491
29	30	0.9999	0.8949	0.6278
29	31	0.9996	0.6123	0.6334
30	31	0.9511	0.8034	0.2894
