0	1	0.9994	0.5006	0.4896
0	2	0.9978	0.4941	0.5208
0	3	0.6513	0.5868	0.4076
0	5	0.7499	0.4571	0.4921
0	6	0.9978	0.4447	0.4697
0	7	0.9990	0.6385	0.5463
1	2	0.9991	0.6259	0.5451
1	3	0.9991	0.4594	0.7892
1	4	0.5003	0.4999	0.4196
1	5	0.9988	0.6830	0.6010
1	6	0.9988	0.5067	0.4600
1	7	0.9987	0.5395	0.5183
2	3	0.8984	0.9650	0.4012
2	5	0.8499	0.7539	0.4935
2	6	0.8490	0.4945	0.3993
2	7	0.5500	0.6143	0.5565
3	4	0.8993	0.5903	0.5498
3	6	0.8985	0.4981	0.4005
3	8	0.7510	0.5681	0.6631
3	21	0.5502	0.4830	0.3976
4	5	0.6494	0.6696	0.4949
4	6	0.7005	0.6309	0.1503
4	7	0.5519	0.7058	0.3801
5	6	0.9989	0.7910	0.2096
5	7	0.9494	0.8262	0.3435
6	7	0.9986	0.4680	0.4486
6	8	0.5500	0.3612	0.1747
7	8	0.9495	0.9469	0.1785
8	10	0.9498	0.5236	0.6687
8	11	0.5007	0.6127	0.5058
9	10	0.7519	0.7082	0.3073
9	11	0.8504	0.4603	0.7389
10	11	0.9995	0.5517	0.4456
10	12	0.7997	0.4371	0.5669
10	13	0.6503	0.4955	0.3851
11	12	0.9996	0.9511	0.4297
11	13	0.6004	0.4639	0.4616
11	14	0.6007	0.6802	0.3800
12	13	0.9504	0.7114	0.4629
12	14	0.9002	0.6755	0.6180
12	15	0.9496	0.8523	0.4726
13	15	0.9998	0.5412	0.5860
13	16	0.7524	0.5955	0.4129
14	15	0.9500	0.6785	0.6175
14	16	0.9000	0.5449	0.4735
14	19	0.6501	0.4359	0.4473
15	16	1.0000	0.7232	0.4053
15	19	0.7502	0.5740	0.3547
16	17	0.6505	0.6212	0.4863
16	18	0.9002	0.6676	0.7170
16	19	0.9501	0.5924	0.5192
17	18	0.8002	0.5564	0.5010
17	19	0.9500	0.4593	0.4829
18	19	0.9994	0.6715	0.3223
19	20	0.9501	0.7683	0.3514
19	21	0.6469	0.4064	0.5486
20	21	0.6991	0.6297	0.2375
21	22	1.0000	0.7841	0.4292
21	23	0.9500	0.6801	0.4765
21	24	0.5005	0.5187	0.4548
22	24	0.8003	0.5804	0.5818
23	24	0.9998	0.6341	0.5454
23	25	0.6509	0.4880	0.4799
24	25	1.0000	0.5379	0.5815
