0	1	0.6503	0.5129	0.5682
0	2	0.9980	0.8621	0.5491
0	23	0.6495	0.4800	0.7237
0	26	0.6498	0.5577	0.6516
1	2	1.0000	0.6019	0.4033
1	26	0.8495	0.4351	0.2179
2	3	0.9995	0.8489	0.2079
2	4	0.8002	0.2927	0.5663
2	5	0.9499	0.5889	0.7633
2	6	1.0000	0.6601	0.6917
2	8	0.6504	0.6481	0.4260
3	4	0.5507	0.5599	0.2654
3	5	0.9987	0.6586	0.9321
3	6	0.8989	0.4742	0.4625
3	8	0.7996	0.3279	0.5680
3	26	0.9991	0.2332	0.7285
4	5	0.9985	0.4180	0.4926
4	6	0.9949	0.3197	0.5987
4	7	0.8491	0.8680	0.1502
4	8	0.7006	0.2580	0.2209
4	26	0.9997	0.1558	0.4302
5	6	0.9999	0.5914	0.5138
5	7	0.9500	0.1625	0.2023
5	8	0.9494	0.7111	0.2338
5	9	0.7006	0.7660	0.3921
5	26	0.6003	0.6473	0.4209
6	7	1.0000	0.9899	0.1946
6	8	0.9996	0.7473	0.5939
6	26	0.9996	0.3919	0.5567
7	8	0.9990	0.5895	0.1631
8	9	0.9999	0.8691	0.2491
8	10	0.8000	0.5663	0.5425
8	25	0.9999	0.8004	0.8924
8	26	1.0000	0.7576	0.7109
9	10	0.9998	0.6736	0.5424
9	11	0.9989	0.5198	0.2937
9	12	0.8972	0.8777	0.4575
9	26	0.9995	0.1967	0.7287
10	11	0.9999	0.7153	0.3310
10	13	0.5502	0.5181	0.6280
10	15	0.5009	0.6881	0.4565
10	25	0.6505	0.6474	0.6997
11	12	0.9995	0.8695	0.4573
11	13	0.9996	0.6543	0.8362
11	14	0.9982	0.8159	0.7290
11	15	1.0000	0.6926	0.3866
11	17	0.9488	0.4334	0.2807
11	18	0.8997	0.9644	0.3466
11	19	0.5579	0.5759	0.4239
12	13	0.9987	0.5673	0.7119
12	14	0.5009	0.4459	0.4269
13	14	0.9981	0.6206	0.5559
13	15	0.8999	0.8748	0.3199
13	17	0.7994	0.8233	0.5412
13	18	0.5503	0.8235	0.3212
14	15	0.9987	0.6216	0.1781
14	16	0.7499	0.3397	0.3128
14	17	0.6502	0.8006	0.2067
15	16	0.9978	0.4999	0.1385
15	17	0.9485	0.4430	0.6676
15	18	0.9983	0.4334	0.3520
15	19	0.9978	0.5523	0.6014
15	21	0.9994	0.7863	0.9408
16	18	0.7997	0.7245	0.3055
17	18	0.9968	0.8412	0.5376
17	19	1.0000	0.6918	0.4139
17	21	0.5498	0.6823	0.8137
18	19	0.9987	0.5455	0.1940
18	21	0.9003	0.2623	0.8748
18	24	0.9988	0.5327	0.7018
18	25	0.7506	0.1074	0.0298
19	20	0.9499	0.9975	0.1481
19	21	0.7670	0.8483	0.8811
19	25	0.7501	0.6866	0.3355
20	21	0.9999	0.4596	0.8865
20	22	0.8481	0.9117	0.5609
20	24	0.8994	0.5641	0.5885
20	25	0.9000	0.1109	0.9788
21	22	0.6005	0.8610	0.5600
21	24	0.9001	0.8298	0.6479
21	25	0.8989	0.9959	0.4194
22	23	0.9974	0.9238	0.5013
22	24	0.9965	0.8413	0.4801
23	24	0.7992	0.7144	0.2078
24	25	0.9977	0.6526	0.1884
25	26	0.9996	0.9119	0.4553
