0	1	0.9996	0.6967	0.3681
0	4	0.8501	0.6583	0.4385
0	6	0.9984	0.7705	0.3361
1	2	0.6002	0.9951	0.2838
1	3	0.9500	0.6811	0.6076
1	4	0.5010	0.5708	0.5527
1	5	0.6503	0.3744	0.5936
1	6	0.9500	0.5842	0.7135
2	6	0.9493	0.2577	0.9044
2	12	0.7994	0.6735	0.3852
3	4	0.8001	0.7124	0.6967
3	5	0.7498	0.8304	0.4599
3	6	0.7999	0.6548	0.6015
3	8	0.9002	0.7081	0.5578
3	9	0.5007	0.4995	0.5664
3	10	0.6006	0.6184	0.6107
4	5	0.9485	0.9500	0.6901
4	6	0.7002	0.7978	0.4760
4	8	0.8503	0.5284	0.6141
4	9	0.7008	0.5939	0.6166
4	10	0.7002	0.6469	0.4674
4	11	0.5506	0.6902	0.2617
5	8	0.5004	0.6588	0.4471
6	7	0.9987	0.9430	0.1383
6	26	0.5617	0.8379	0.6083
6	27	0.6504	0.7777	0.0472
7	8	0.9998	0.9362	0.3073
7	12	0.9485	0.5409	0.5627
7	14	0.6700	0.4873	0.4891
7	22	0.8493	0.6909	0.7255
7	23	0.8999	0.7327	0.5664
7	24	0.8499	0.9467	0.4971
7	25	0.9998	0.8184	0.9390
7	26	0.9991	0.6223	0.7293
7	27	0.9976	0.9626	0.0814
8	9	1.0000	0.5347	0.6453
8	11	0.5500	0.5970	0.6568
8	13	0.5505	0.2524	0.4595
8	14	0.7011	0.2853	0.6067
8	26	0.6008	0.2152	0.6710
9	10	0.9994	0.5982	0.7128
9	11	0.8497	0.7693	0.3250
9	13	0.8497	0.6720	0.4917
10	11	0.9488	0.8744	0.1634
11	12	0.9988	0.7528	0.2299
11	13	0.9496	0.3111	0.7089
11	14	0.9986	0.6237	0.1134
12	13	0.9999	0.4744	0.4391
12	14	0.9979	0.5149	0.5710
12	15	0.5880	0.7607	0.4666
12	16	0.7995	0.6044	0.5039
12	26	0.9964	0.5602	0.7978
13	14	0.9999	0.4875	0.3620
13	15	0.7503	0.5676	0.5891
13	16	0.9982	0.5187	0.3372
14	15	0.9995	0.7798	0.6684
14	16	0.9994	0.4971	0.4022
14	17	0.6000	0.8858	0.5453
14	18	0.5999	0.5751	0.2794
14	26	0.6489	0.4329	0.6467
15	16	0.9997	0.6115	0.4385
15	17	0.9998	0.4262	0.6084
15	18	0.7493	0.4391	0.3320
15	19	0.8997	0.3328	0.7969
15	20	0.9994	0.5163	0.4873
15	22	0.6506	0.3600	0.5123
16	17	0.9999	0.6946	0.4515
16	18	0.9996	0.5634	0.3474
16	19	0.5503	0.8545	0.5701
16	20	0.9997	0.6773	0.4322
16	21	0.5995	0.9434	0.3321
16	22	0.9484	0.8743	0.7162
16	23	0.8998	0.7521	0.2597
17	18	0.9995	0.4763	0.3676
17	19	0.7753	0.1312	0.8047
17	20	0.8995	0.3787	0.4162
18	19	0.9484	0.6848	0.7865
18	20	0.9988	0.4455	0.4363
18	21	0.9982	0.7401	0.6906
18	22	0.9996	0.5615	0.7053
18	23	0.9990	0.4709	0.3720
18	26	0.6989	0.2343	0.3825
19	20	0.9486	0.5236	0.8072
19	22	0.8993	0.6058	0.4098
20	21	0.9988	0.6432	0.6646
20	22	0.9993	0.7476	0.3162
20	23	0.7005	0.4095	0.3166
21	22	0.9966	0.9401	0.2659
22	23	0.9981	0.8205	0.1440
22	25	0.9002	0.3496	0.6639
23	24	0.9984	0.9478	0.4768
23	25	0.9999	0.7377	0.6785
23	26	0.9988	0.4489	0.5357
24	25	0.9985	0.4135	0.3109
24	26	0.9998	0.5272	0.7944
24	27	0.6015	0.3610	0.6336
24	28	0.9996	0.6478	0.9102
25	26	1.0000	0.7284	0.4091
25	28	0.9999	0.5391	0.8008
26	27	0.9982	0.9934	0.1568
27	28	0.8986	0.5525	0.5393
