0	2	0.9994	0.5641	0.6738
0	3	0.9962	0.0862	0.0198
0	4	1.0000	0.8799	0.2993
0	8	0.9992	0.7969	0.0854
0	10	0.9956	0.7193	0.6055
0	11	0.9998	0.2014	0.5234
0	12	1.0000	0.9962	0.0000
1	2	0.9966	0.4144	0.0120
1	12	1.0000	0.4512	0.6383
1	14	0.9996	0.6031	0.9996
2	3	1.0000	0.9775	0.2734
2	4	0.9997	0.4563	0.3318
2	7	0.9978	0.1716	0.5225
2	8	0.9999	0.3147	0.5199
2	10	0.9987	0.4697	0.4744
2	11	0.9001	0.8463	0.9370
2	12	0.9991	0.1692	0.2460
3	4	0.9999	0.2745	0.0043
3	7	0.8511	0.0737	0.9965
3	8	0.9001	0.0605	0.0572
3	10	0.9983	0.6169	0.9922
4	5	0.9994	0.4374	0.4352
4	6	0.6520	0.0451	0.4702
4	7	0.9986	0.3136	0.3790
4	8	0.9994	0.3160	0.4391
4	9	1.0000	0.7666	0.8691
4	10	0.9998	0.5112	0.4565
4	11	1.0000	0.4619	1.0000
4	12	1.0000	0.3987	0.0174
5	6	0.9958	0.7055	0.6191
5	7	0.9994	0.8940	0.3760
5	8	0.9977	0.7289	0.5197
5	9	0.7008	0.0704	0.7750
5	10	0.9981	0.3981	0.4451
5	11	0.8017	0.0295	0.9979
6	7	1.0000	0.7771	0.2109
6	8	1.0000	1.0000	0.6655
7	8	0.9992	0.4586	0.4935
7	10	0.9029	0.0004	0.2092
8	9	1.0000	1.0000	1.0000
8	10	1.0000	0.7080	0.3636
8	12	0.9989	0.9991	0.5934
9	10	1.0000	0.9551	0.1689
9	12	1.0000	0.5818	0.8835
10	11	0.9990	0.7603	0.7262
10	12	0.9983	0.1560	0.2926
12	14	0.9999	0.8518	1.0000
12	17	0.6508	0.8840	0.6855
12	18	0.9974	0.6578	0.0587
13	14	0.9998	0.4853	0.5236
13	15	0.9999	0.9984	0.9980
13	18	0.9990	0.9899	0.6151
13	19	1.0000	0.3891	0.4724
13	20	0.9993	0.4450	0.7105
14	15	0.9999	0.3726	0.8476
14	17	0.9992	0.9619	0.4870
14	18	0.9987	0.5618	0.4377
14	19	0.9990	0.6642	0.6575
14	20	0.9991	0.4330	0.7927
15	16	1.0000	0.8266	0.4710
15	18	0.9995	0.8509	0.6401
15	19	1.0000	0.6683	0.4972
15	20	0.9999	0.9506	0.6519
16	18	0.9990	0.5023	0.6047
17	18	0.9985	0.5476	0.1193
18	19	1.0000	0.7705	0.2093
19	20	0.9998	0.4150	0.4712
