0	1	0.8991	0.6507	0.1891
0	2	0.9485	0.3786	0.3114
0	3	0.8000	0.4559	0.4345
0	4	0.7048	0.7293	0.1055
0	21	0.8000	0.2517	0.3008
0	27	0.6014	0.0212	0.3426
1	2	0.9989	0.4967	0.6149
1	3	0.9967	0.1900	0.7695
2	3	0.9997	0.5007	0.5434
2	27	0.5040	0.0639	0.2379
3	23	0.5012	0.5817	0.3094
3	24	0.5496	0.5325	0.4545
3	25	0.9999	0.8702	0.2595
3	27	0.9995	0.1982	0.0472
4	5	0.7975	0.7567	0.1232
4	17	0.9995	0.0828	0.8671
4	20	0.9991	0.1274	0.1200
4	21	0.8993	0.1673	0.2146
5	6	0.9995	0.8345	0.3351
5	16	0.9998	0.7984	0.8804
5	17	0.9960	0.4921	0.2285
5	18	0.9999	0.7963	0.9457
5	19	0.5507	0.3353	0.1925
5	20	0.9979	0.3390	0.3147
6	7	0.9983	0.9307	0.0636
6	16	0.9975	0.6312	0.7043
6	17	0.9965	0.8230	0.0307
6	18	0.9983	0.4272	0.5455
6	19	0.9986	0.0454	0.2694
6	20	0.9979	0.3675	0.0825
7	8	0.9980	0.6178	0.1359
7	9	0.9997	0.2277	0.7032
7	10	0.8961	0.6827	0.0088
7	11	0.8498	0.7604	0.3142
7	12	0.9988	0.6978	0.3925
7	14	1.0000	0.4747	0.5628
7	16	0.9998	0.1554	0.7980
7	17	0.9974	0.1383	0.0361
7	18	0.9991	0.2976	0.3423
7	19	0.9994	0.8910	0.4574
8	9	0.9995	0.8762	0.9085
8	10	0.9990	0.5128	0.5389
8	11	1.0000	0.7117	0.4393
8	12	0.9997	0.5397	0.5612
8	13	0.9501	0.9940	0.3411
8	14	0.8996	0.4303	0.5199
9	10	0.9974	0.9691	0.4934
9	12	0.8496	0.9488	0.9142
9	14	0.6504	0.9187	0.8156
10	11	0.9985	0.8834	0.4619
10	12	1.0000	0.6050	0.5300
10	13	0.9986	0.9859	0.3621
10	14	0.8992	0.3358	0.3325
11	12	0.9997	0.5580	0.3754
11	13	0.9999	0.3455	0.4895
11	14	0.6995	0.5912	0.0002
12	13	0.9990	0.8242	0.4674
12	14	1.0000	0.6560	0.5049
12	15	0.9996	0.9979	0.2383
12	16	0.9488	0.9507	0.0804
13	14	0.9986	0.5700	0.1510
13	15	1.0000	0.1896	0.9660
14	15	0.9991	0.6030	0.3651
14	16	1.0000	0.9457	0.2455
14	17	0.5511	0.9570	0.6720
15	16	0.9993	0.3594	0.0115
16	17	1.0000	0.7241	0.3805
16	18	0.9994	0.4969	0.4639
16	19	0.7013	0.0000	0.3298
16	20	0.9999	1.0000	0.4194
17	18	0.9471	0.6847	0.1611
17	20	0.9988	0.1411	0.3316
17	21	0.9979	0.9880	0.2073
18	19	0.8501	0.9638	0.3585
18	20	0.8502	0.2911	0.1852
20	21	0.9991	0.6943	0.2442
21	22	0.9999	0.7666	0.4499
21	23	1.0000	0.7425	0.2681
21	24	0.9001	0.8218	0.8022
21	25	0.6205	0.8920	0.2242
21	26	0.9994	0.8549	0.9957
21	27	1.0000	0.7377	0.2121
22	23	0.9999	0.6330	0.5638
22	24	0.9996	0.8277	0.5362
22	25	0.7499	0.6757	0.5312
22	26	0.9990	0.9213	0.3455
22	27	0.9995	0.1447	0.7115
23	24	1.0000	0.8820	0.4352
23	25	0.9997	0.6225	0.5607
23	26	0.9997	0.7357	0.3894
23	27	1.0000	0.4623	0.5227
24	25	1.0000	0.5549	0.4676
24	26	0.9981	0.6920	0.1184
24	27	1.0000	0.5940	0.8140
25	26	1.0000	0.5394	0.5138
25	27	0.9996	0.0717	0.6536
26	27	0.9497	0.9627	0.4188
