0	1	0.9957	0.7872	0.4854
0	2	0.9999	0.4862	0.4514
0	4	0.7502	0.9037	0.3439
0	5	1.0000	0.3982	0.7897
0	6	0.9998	0.5576	0.4678
0	7	0.9990	0.9124	0.3910
0	8	0.9991	0.4425	0.5103
0	19	0.9993	0.9718	0.3797
0	25	0.9999	0.0546	0.9567
1	2	1.0000	0.7191	0.2945
1	3	0.8007	0.5486	0.2394
1	6	1.0000	0.4623	0.8874
1	15	0.6519	0.1816	0.8331
1	16	0.5523	0.1539	0.6315
1	17	0.9000	0.2138	0.6681
1	18	0.9998	0.1454	0.8807
1	19	1.0000	0.1733	0.1944
1	25	1.0000	0.6131	0.4854
2	3	0.9998	0.8242	0.4597
2	4	0.9980	0.8935	0.5326
2	5	1.0000	0.4712	0.6496
2	6	0.9990	0.3383	0.3552
2	7	0.9973	0.8338	0.3758
2	19	0.9984	0.1955	0.4780
2	25	1.0000	0.0038	0.9579
3	4	0.9982	0.9150	0.4463
4	5	0.9996	0.6388	0.1809
5	6	0.9996	0.8988	0.0863
5	7	1.0000	0.4912	0.7459
6	7	0.9984	0.7830	0.5073
6	8	0.8970	0.4367	0.4461
6	9	0.9014	0.9665	0.3825
6	11	0.9499	0.6121	0.3671
6	19	0.9994	0.9742	0.2638
6	25	0.9013	0.1899	0.9229
7	8	0.9992	0.7219	0.5411
7	9	0.8498	0.2462	0.6643
7	10	0.7001	0.3278	0.3705
7	11	0.9971	0.6042	0.0641
8	9	0.9982	0.9362	0.6057
8	11	0.8993	0.5370	0.4620
8	19	0.9975	0.9907	0.4332
8	25	0.9989	0.4496	0.9536
9	10	0.8996	0.6808	0.4385
9	11	0.9984	0.6257	0.7241
9	19	0.9992	0.7263	0.4056
10	11	0.9991	0.6461	0.3904
10	12	0.5006	0.2974	0.2352
10	19	0.9991	0.6186	0.3225
10	21	0.5497	0.5312	0.3725
11	19	0.9982	0.9563	0.4660
11	25	0.9989	0.6572	0.8566
12	13	0.9985	0.6174	0.3110
12	19	0.9995	0.1879	0.2601
12	20	0.9999	0.5632	0.6541
12	21	1.0000	0.3563	0.7393
12	22	0.5492	0.9310	0.2994
12	23	0.9996	0.5410	0.4793
12	24	0.9992	0.2054	0.7806
13	19	0.9998	0.8048	0.2916
13	20	0.9992	0.2942	0.5051
13	21	0.9989	0.4427	0.4773
13	22	0.9977	0.9353	0.2839
13	23	0.9992	0.5118	0.5160
14	15	0.9988	0.8365	0.4890
14	16	0.9498	0.6840	0.8605
14	17	0.7501	0.7378	0.2467
14	18	0.7510	0.5342	0.3092
14	19	0.9996	0.2400	0.0614
15	16	1.0000	0.6953	0.8444
15	17	0.9993	0.7068	0.3555
15	18	0.9484	0.6352	0.3661
16	17	0.9997	0.7287	0.4725
16	18	0.7013	0.7838	0.4203
17	18	1.0000	0.5889	0.4402
17	19	0.9973	0.7111	0.0538
18	19	0.9982	0.9694	0.0236
19	20	0.9999	0.4675	0.8307
19	21	1.0000	0.4026	0.6679
19	23	0.9978	0.4707	0.2808
19	24	0.9987	0.5081	0.5913
19	25	0.9993	0.3761	0.3030
20	21	0.9999	0.5824	0.4752
20	23	0.9993	0.5380	0.4362
20	25	0.6502	0.2869	0.4542
21	22	0.9974	0.8656	0.3915
21	23	0.9999	0.6094	0.4361
21	24	0.8993	0.5906	0.3954
21	25	0.9483	0.5809	0.2549
22	23	0.9987	0.4779	0.6326
23	24	1.0000	0.5076	0.5069
24	25	0.5025	0.5993	0.2704
