0	1	0.9001	0.7680	0.4329
0	2	0.8999	0.5710	0.4502
0	3	0.9501	0.6702	0.5310
0	4	0.9500	0.5472	0.4950
0	7	0.7645	0.6448	0.4879
0	9	0.7996	0.4716	0.4065
0	41	1.0000	0.4019	0.5344
1	3	0.7993	0.6061	0.4033
1	4	0.8001	0.7974	0.4119
1	6	0.7502	0.5685	0.5399
1	7	0.9007	0.7921	0.5230
1	8	0.5498	0.7148	0.5095
1	9	0.7995	0.7005	0.5832
2	3	0.8001	0.6429	0.4289
2	4	0.9000	0.6014	0.4503
2	6	0.8997	0.5694	0.3981
2	7	0.9994	0.7071	0.4408
2	8	0.5502	0.5456	0.8927
2	9	0.8496	0.6427	0.5911
3	4	0.9997	0.5581	0.5246
3	6	0.9501	0.6221	0.5160
3	7	0.9499	0.4205	0.4483
3	8	0.5501	0.3045	0.6706
3	9	0.8998	0.7451	0.5681
4	5	0.6500	0.7495	0.4568
4	6	0.9997	0.6521	0.5041
4	7	0.9499	0.6705	0.4446
4	8	0.9992	0.7711	0.8395
4	9	0.8991	0.5177	0.5157
5	6	0.6506	0.2871	0.4216
6	7	0.9993	0.4864	0.4904
6	8	0.5502	0.4950	0.7737
6	9	0.9000	0.5975	0.5466
7	8	0.9987	0.7729	0.9510
7	9	0.9994	0.5461	0.4839
8	9	0.9971	0.8481	0.2558
9	10	0.9496	0.8160	0.4025
9	41	0.7501	0.5585	0.2638
10	41	0.9494	0.5443	0.5146
11	13	0.6010	0.6225	0.5245
11	14	0.5510	0.4256	0.3577
11	16	0.8494	0.6962	0.4044
11	18	0.9000	0.4851	0.5090
11	41	0.5501	0.5666	0.5198
12	13	0.8503	0.5821	0.5442
12	14	0.8498	0.5176	0.4946
12	15	0.7499	0.4724	0.3436
12	16	0.9492	0.5114	0.3362
12	18	0.9990	0.4402	0.5233
13	14	0.9989	0.6784	0.4751
13	15	0.7503	0.6203	0.4062
13	16	0.9983	0.8460	0.7074
13	18	0.9988	0.6220	0.2518
13	19	0.8505	0.5572	0.7251
13	20	0.9002	0.4980	0.5215
14	15	0.9996	0.6773	0.5834
14	16	0.9999	0.5915	0.4794
14	17	0.9000	0.4202	0.9480
14	18	0.9996	0.4941	0.5661
14	19	0.9997	0.6293	0.5796
14	20	0.9450	0.4438	0.4084
15	16	0.9990	0.3895	0.5975
15	17	0.6998	0.4741	0.4543
15	18	0.9995	0.4743	0.6827
15	19	0.7999	0.4345	0.4603
16	17	0.9980	0.9109	0.9019
16	18	0.9996	0.4621	0.3974
16	19	0.9999	0.3739	0.9038
16	20	0.8498	0.4414	0.5943
17	18	0.9968	0.7298	0.0781
17	19	0.6004	0.5986	0.9127
17	20	0.6502	0.6355	0.6657
18	19	0.9998	0.7970	0.5523
18	20	0.9996	0.5962	0.4176
18	21	0.5514	0.6074	0.2727
19	20	0.9993	0.6262	0.6516
19	21	0.5003	0.4540	0.5983
19	22	0.5504	0.6526	0.5749
19	29	0.6003	0.6524	0.4710
19	30	0.5509	0.6766	0.5959
20	21	0.9997	0.5821	0.4421
20	22	0.9995	0.4928	0.5402
20	23	0.5501	0.4441	0.4314
20	25	0.9229	0.6017	0.5790
20	27	0.6507	0.5354	0.4224
20	29	0.8994	0.5532	0.5405
20	30	0.9997	0.7196	0.5158
21	22	0.9992	0.5912	0.5581
21	23	0.7002	0.5039	0.5335
21	25	0.9993	0.6374	0.5441
21	27	0.7997	0.6217	0.4448
21	29	0.9990	0.5165	0.5227
21	30	0.9996	0.7000	0.6468
22	23	0.9988	0.7804	0.5782
22	24	0.8498	0.5700	0.5687
22	25	0.9995	0.5552	0.5207
22	27	0.9491	0.6051	0.6449
22	28	0.7497	0.3654	0.7406
22	29	0.9999	0.5491	0.4180
22	30	0.9995	0.5792	0.5559
23	24	0.6330	0.7147	0.5470
23	25	0.9994	0.6193	0.6989
23	26	0.6499	0.7076	0.5213
23	27	0.9996	0.7072	0.5667
23	28	0.9982	0.9486	0.9762
23	29	0.9991	0.5418	0.3843
23	30	0.9998	0.5981	0.8482
24	25	0.9982	0.6591	0.4636
24	28	0.6003	0.6837	0.8447
24	29	0.9977	0.5018	0.2722
24	30	0.9968	0.7214	0.5918
25	26	0.7989	0.7362	0.4676
25	27	1.0000	0.7037	0.5197
25	28	0.9500	0.6651	0.9766
25	29	0.9999	0.4660	0.4186
25	30	1.0000	0.5022	0.5415
26	27	0.9978	0.9109	0.2164
26	29	0.5511	0.4291	0.2724
26	30	0.5003	0.1397	0.7796
27	28	0.9979	0.9686	0.9195
27	29	0.9988	0.4752	0.3545
27	30	0.9995	0.5225	0.7545
28	29	0.9963	0.8654	0.0706
28	30	0.9964	0.9154	0.7405
29	30	0.9999	0.6087	0.4241
30	41	0.5014	0.5472	0.3686
31	32	0.9975	0.9749	0.2828
31	33	0.9990	0.9105	0.0728
31	34	0.9979	0.8971	0.4313
31	35	0.8736	0.7477	0.4572
31	36	0.5009	0.7741	0.2366
31	37	0.7501	0.7260	0.2333
31	38	0.9497	0.5519	0.4501
31	39	0.6992	0.9102	0.5888
31	40	0.9002	0.5733	0.3237
31	41	0.9991	0.8240	0.6063
32	33	0.9982	0.8799	0.2151
32	34	0.9988	0.8000	0.5953
32	35	0.9000	0.6180	0.4846
32	36	0.9982	0.4095	0.8766
32	37	0.9987	0.8779	0.6564
32	38	0.9999	0.4038	0.8799
32	39	0.8981	0.6472	0.9219
32	40	0.9986	0.6751	0.2727
32	41	0.9492	0.3973	0.5395
33	34	0.9992	0.4286	0.4501
33	35	0.9992	0.5260	0.4684
33	37	0.9982	0.3267	0.5427
33	38	0.9983	0.2265	0.5899
33	39	0.9999	0.1535	0.9847
33	40	0.9977	0.4476	0.3441
33	41	0.9996	0.6216	0.5930
34	35	0.9990	0.5075	0.5731
34	36	0.7502	0.5711	0.5494
34	37	0.9993	0.5286	0.5376
34	38	0.9992	0.4397	0.6096
34	39	0.6503	0.4137	0.9357
34	40	0.9988	0.4760	0.3746
34	41	0.9495	0.5297	0.6180
35	36	0.9955	0.9967	0.5105
35	37	0.9997	0.6341	0.2775
35	38	0.9986	0.1416	0.6748
35	39	0.9501	0.6220	0.9906
35	40	0.9999	0.5360	0.3701
35	41	0.9994	0.6754	0.6142
36	37	0.8111	0.7058	0.1669
36	40	0.6001	0.4697	0.4539
36	41	0.6007	0.4581	0.5656
37	38	0.9986	0.4527	0.6585
37	39	0.9975	0.3818	0.9858
37	40	0.9490	0.3983	0.3022
37	41	0.8990	0.3972	0.6267
38	39	0.9483	0.9225	0.8427
38	40	0.9996	0.5206	0.2797
38	41	0.9500	0.4887	0.5222
39	40	0.9954	0.9788	0.1752
40	41	0.9994	0.5609	0.5298
41	42	0.7501	0.7318	0.4718
41	44	0.6013	0.5236	0.4318
42	43	0.6022	0.6340	0.5160
42	44	0.9496	0.6443	0.5734
42	47	0.8996	0.7886	0.7045
42	49	0.9998	0.7025	0.5191
42	50	1.0000	0.6104	0.5800
43	44	0.9996	0.5881	0.5727
43	45	0.7002	0.4470	0.4777
43	46	0.9988	0.7991	0.5903
43	47	0.9990	0.6987	0.8265
43	49	0.9998	0.6423	0.5842
43	50	0.9995	0.5702	0.5538
44	45	0.9976	0.6072	0.4979
44	46	0.9992	0.5592	0.5140
44	47	0.9992	0.5598	0.6774
44	48	0.9988	0.5980	0.9548
44	49	0.9995	0.4914	0.4632
44	50	0.9998	0.5041	0.4391
45	46	0.9495	0.7376	0.3732
45	47	0.9985	0.7673	0.6661
45	49	0.9988	0.5702	0.6945
45	50	0.9493	0.2885	0.7849
46	47	0.9993	0.5072	0.4440
46	48	0.9988	0.5346	0.9029
46	49	0.8989	0.3944	0.4925
46	50	0.8496	0.5679	0.4568
47	48	0.9970	0.7609	0.9737
47	49	0.9995	0.6783	0.4796
47	50	0.9496	0.6664	0.5897
48	49	0.9957	0.9757	0.5521
48	50	0.7477	0.9954	0.4645
49	50	1.0000	0.5061	0.5351
49	53	0.5714	0.4701	0.4298
50	53	0.6502	0.4759	0.4424
51	52	0.8996	0.7293	0.3481
51	53	0.9998	0.6603	0.5220
51	54	0.9988	0.6452	0.7377
51	56	0.9988	0.6651	0.3692
51	57	0.5503	0.7174	0.4706
51	59	0.7999	0.5840	0.1953
51	60	0.9495	0.6208	0.8286
52	53	0.9990	0.5613	0.4808
52	54	0.9990	0.6782	0.5522
52	57	0.7986	0.5765	0.3737
52	59	0.7992	0.6074	0.5477
52	60	0.8995	0.4326	0.5001
53	54	0.9994	0.6271	0.5315
53	56	0.9985	0.5423	0.7122
53	57	0.9988	0.5772	0.5338
53	59	0.9986	0.7080	0.6399
53	60	0.9996	0.6077	0.5359
54	55	0.9974	0.9893	0.4868
54	56	0.9987	0.6457	0.7036
54	57	0.9987	0.6724	0.6105
54	58	0.8981	0.9631	0.8583
54	59	1.0000	0.6474	0.5162
54	60	0.9994	0.5468	0.5518
55	56	0.7501	0.4536	0.2938
55	57	0.5007	0.4444	0.4875
55	59	0.8496	0.3386	0.4573
55	60	0.7472	0.1292	0.4047
56	57	0.9990	0.5793	0.5522
56	58	0.7002	0.6307	0.7433
56	59	0.9993	0.6952	0.5494
56	60	0.9500	0.5259	0.4915
57	58	0.9972	0.9219	0.8482
57	59	0.9997	0.6003	0.5219
57	60	0.9991	0.5794	0.5886
58	59	0.9954	0.9892	0.0635
58	60	0.9472	0.7300	0.6151
59	60	0.9998	0.6096	0.4629
