0	1	0.9987	0.9707	0.4531
0	3	0.6179	0.3810	0.3990
0	4	0.5012	0.8798	0.3898
0	5	0.8500	0.7531	0.3772
0	6	1.0000	0.4513	0.8658
0	7	0.9997	0.4698	0.5558
0	13	0.9005	0.3217	0.5714
0	19	0.9989	0.9612	0.9606
0	20	1.0000	0.5776	0.3598
0	22	0.9504	0.1451	0.8877
1	2	0.9954	0.9952	0.1372
1	3	0.9996	0.7037	0.5765
1	4	0.9999	0.1581	0.8497
1	5	0.9998	0.4945	0.8265
1	7	1.0000	0.5463	0.9563
1	19	0.9004	0.0686	0.9825
1	20	0.9955	0.9187	0.3817
2	3	0.9997	0.9995	0.0072
2	4	0.5007	0.4078	0.8169
2	7	0.8992	1.0000	0.0361
3	4	1.0000	0.8553	0.2518
3	5	1.0000	0.6732	0.4855
3	6	1.0000	0.2852	0.7747
3	7	0.9971	0.2655	0.4478
3	8	0.7498	0.8063	0.1486
3	19	0.9475	0.8577	0.4037
3	20	0.7979	0.4410	0.1059
4	5	0.9994	0.3379	0.4760
4	6	0.5498	0.7860	0.5728
4	7	0.9991	0.7205	0.6397
5	6	0.9997	0.5875	0.5704
5	7	0.9988	0.4743	0.5517
6	7	1.0000	0.6947	0.4663
6	13	1.0000	0.4588	0.5230
6	16	0.9997	0.1938	0.1820
6	19	0.8013	0.0124	0.7119
6	20	0.9997	0.4797	0.2985
6	21	0.8999	0.1640	0.8307
6	22	1.0000	0.4239	0.7928
7	19	0.6011	0.9599	0.4481
7	20	0.9991	0.9904	0.1419
8	9	0.9987	0.7278	0.4656
8	10	0.5000	0.6712	0.8376
8	13	0.9989	0.5020	0.5602
8	19	0.9481	0.4219	0.3203
8	20	0.8999	0.2481	0.1612
9	10	0.9990	0.6703	0.5252
9	11	0.9470	0.9199	0.1726
9	17	0.5497	0.6135	0.2580
9	19	0.9481	0.7071	0.2744
9	21	0.5983	0.6937	0.4581
10	11	0.8985	0.5648	0.1197
10	17	0.8988	0.4913	0.2938
10	18	0.6015	0.5726	0.6155
11	18	0.5008	0.1641	0.6930
11	19	0.9989	0.6326	0.8777
12	17	0.8498	0.8424	0.9149
12	19	0.8991	0.7583	0.9732
13	14	0.9998	0.5452	0.5643
13	16	0.9983	0.4768	0.4477
13	20	0.9999	0.4691	0.3589
13	21	0.9998	0.4823	0.3524
13	22	0.9997	0.4500	0.5113
14	15	0.9976	0.7191	0.4329
14	16	0.9501	0.5425	0.8380
14	17	0.6009	0.2372	0.6288
14	20	0.7500	0.4717	0.3593
14	21	0.9999	0.4757	0.6389
14	22	0.9990	0.6593	0.1540
15	16	0.8000	0.7700	0.3551
15	17	0.9916	0.0401	0.8240
15	21	0.9976	0.5733	0.1576
15	22	0.7492	0.4274	0.4584
16	17	0.9982	0.9948	0.4499
16	20	0.9986	0.6350	0.3309
16	21	0.9996	0.5934	0.2533
16	22	0.9993	0.4331	0.5612
17	18	1.0000	0.6367	0.5566
17	19	0.9989	0.2262	0.5866
17	20	0.9999	0.3701	0.8990
17	21	1.0000	0.4577	0.8764
17	22	0.9982	0.6379	0.1060
18	19	0.7502	0.6213	0.1648
19	20	0.9967	0.4455	0.2405
20	21	0.9999	0.3704	0.3672
20	22	1.0000	0.6080	0.3728
21	22	1.0000	0.4346	0.3841
