0	1	0.8995	0.7623	0.1957
0	2	0.8000	0.7085	0.4786
0	5	0.9976	0.8749	0.0734
0	6	0.7520	0.7269	0.2402
1	2	0.9998	0.5859	0.3721
1	3	0.9500	0.6515	0.5215
1	4	0.7501	0.4363	0.5169
1	5	0.9996	0.4770	0.4560
1	6	0.9999	0.4870	0.4673
1	7	0.7985	0.3997	0.5937
1	8	1.0000	0.6171	0.6668
1	9	1.0000	0.5796	0.5648
1	10	0.8998	0.5124	0.5019
1	11	0.5504	0.5829	0.5973
1	15	0.8997	0.5439	0.5465
2	3	1.0000	0.9573	0.4551
2	4	0.8498	0.4445	0.5346
2	5	0.9997	0.5828	0.4549
2	6	0.9999	0.6312	0.5008
2	8	0.9496	0.5315	0.5361
2	9	0.8993	0.5984	0.5238
2	10	0.9483	0.5331	0.5021
2	11	0.6006	0.6596	0.5267
2	14	0.6496	0.6074	0.5976
2	15	0.8996	0.6302	0.6213
3	4	0.7507	0.8441	0.3187
3	5	0.9994	0.5531	0.3850
3	6	1.0000	0.5688	0.7676
3	8	0.7501	0.4959	0.2877
4	5	0.9992	0.6980	0.3455
4	6	0.7503	0.5401	0.2838
5	6	0.9995	0.6283	0.3401
5	7	0.7492	0.4203	0.6181
5	8	0.6009	0.5054	0.4471
5	15	0.5500	0.4973	0.5438
6	7	0.9996	0.8405	0.5721
6	8	0.9998	0.6299	0.4965
6	9	0.9999	0.6181	0.4306
6	10	0.9499	0.5619	0.4660
6	11	0.8003	0.6423	0.6142
6	13	0.7500	0.5282	0.5440
6	14	0.5506	0.6052	0.4956
6	15	0.8994	0.5557	0.5958
7	8	0.9994	0.7558	0.3130
7	10	0.5006	0.6573	0.3086
8	9	1.0000	0.5997	0.5291
8	10	0.6008	0.5236	0.4479
8	11	0.5014	0.6565	0.5562
9	10	0.9501	0.5819	0.3795
9	11	0.7501	0.5742	0.6093
10	11	0.9997	0.5502	0.5483
10	12	0.6005	0.6151	0.5969
10	13	0.9513	0.5065	0.5557
10	14	0.9494	0.5160	0.5339
10	15	0.8998	0.5927	0.5091
11	12	0.8992	0.8814	0.4862
11	13	1.0000	0.6479	0.5620
11	14	0.9996	0.6312	0.5851
11	15	0.7010	0.5426	0.4898
12	13	0.9491	0.4627	0.3694
12	14	0.8001	0.4122	0.4095
12	15	0.5509	0.4078	0.6979
13	14	0.9996	0.5288	0.5269
13	15	0.9497	0.5049	0.5469
14	15	0.9996	0.5558	0.5276
