0	1	0.9998	0.5484	0.5331
0	2	0.9992	0.4360	0.4593
0	3	0.9000	0.4506	0.5006
0	4	0.9998	0.1636	0.6449
0	5	0.9996	0.4239	0.4965
0	6	0.9997	0.8953	0.3435
0	7	0.6507	0.6721	0.4661
0	10	0.7002	0.4226	0.4584
0	15	0.8009	0.6459	0.4762
1	2	0.9979	0.5025	0.5173
1	3	0.9999	0.5822	0.5241
1	4	0.9489	0.7417	0.1966
1	5	0.9988	0.5678	0.5781
1	6	0.9995	0.6475	0.5003
1	7	0.5291	0.3935	0.3858
1	15	0.9993	0.5835	0.5755
2	3	0.9995	0.7009	0.5138
2	5	0.7032	0.5112	0.4887
2	6	0.9498	0.7803	0.3831
2	15	0.9983	0.5709	0.5016
3	4	0.9956	0.9111	0.0883
3	5	0.9993	0.7895	0.1674
3	6	0.8999	0.5104	0.5854
3	7	0.7507	0.6222	0.4923
4	5	0.9490	0.7746	0.1292
4	6	0.9501	0.0292	0.7882
5	6	0.9979	0.9555	0.4685
5	10	0.5994	0.7117	0.7091
5	15	0.9473	0.8085	0.5984
6	7	0.9225	0.6334	0.5218
6	8	0.9994	0.6873	0.3173
7	8	0.8499	0.7794	0.2819
8	9	0.7506	0.6327	0.2124
8	10	0.9998	0.6265	0.7716
9	10	0.9993	0.5160	0.5146
9	11	0.9493	0.6461	0.4786
9	12	0.8998	0.5625	0.5137
9	13	0.9989	0.4855	0.5056
9	14	0.9980	0.4940	0.5681
9	15	0.9984	0.5579	0.2796
10	11	0.9486	0.6712	0.3616
10	12	0.9992	0.7136	0.4571
10	13	0.8500	0.5567	0.3974
10	14	0.9496	0.5530	0.4817
10	15	0.9486	0.6011	0.3538
11	12	0.8003	0.6355	0.4682
11	13	0.7501	0.4624	0.4456
11	14	0.8495	0.7414	0.6718
11	15	0.9493	0.2948	0.5100
12	13	0.9499	0.6145	0.3983
12	14	0.8493	0.4714	0.6140
12	15	0.8496	0.4901	0.3787
13	14	0.9996	0.5654	0.4953
14	15	0.8999	0.7023	0.4181
15	16	0.7514	0.8239	0.2969
15	17	0.9003	0.6995	0.3719
16	17	0.5011	0.5372	0.3772
