0	1	0.9998	0.8017	0.3576
0	2	0.8972	0.2972	0.1433
0	3	1.0000	0.6240	0.4151
0	5	0.9998	0.5855	0.5305
1	2	1.0000	0.8369	0.3305
1	3	0.9999	0.4571	0.4908
1	5	1.0000	0.4995	0.7330
1	6	0.9998	0.5515	0.4465
1	7	0.9995	0.9997	0.2143
1	8	0.9995	0.8935	0.4886
1	16	0.9997	0.2678	0.8910
2	3	1.0000	0.5298	0.4771
2	6	1.0000	0.4645	0.7804
2	7	0.6050	0.0011	0.0920
2	8	0.9997	0.2156	0.8684
2	12	0.7508	0.2004	0.9559
2	15	1.0000	0.1893	0.8994
2	16	0.9994	0.7594	0.3326
3	5	0.9962	0.8254	0.6370
3	6	0.9989	0.3219	0.2302
4	5	0.9945	0.6817	0.0237
4	7	0.9495	0.6084	0.0407
4	9	0.9001	0.3519	0.5748
4	10	0.9982	0.7720	0.5006
5	6	0.9995	0.8493	0.0563
5	7	1.0000	0.2557	0.6346
6	7	0.9999	0.7223	0.3665
6	8	1.0000	0.5570	0.4232
6	12	1.0000	0.7892	0.4652
6	15	0.9963	0.9854	0.6722
6	16	1.0000	0.4144	0.8075
7	8	0.9999	0.5268	0.6319
7	9	0.9999	0.1202	0.5098
7	10	0.8977	0.2252	0.6267
7	11	0.9993	0.5401	0.6545
7	12	0.9971	0.6038	0.1640
7	13	0.9997	0.3570	0.7397
8	11	0.5998	0.8913	0.6554
8	12	0.9994	0.5587	0.4560
8	13	0.9965	0.9328	0.5521
8	14	1.0000	0.7913	0.4883
8	15	0.9984	0.9999	0.1926
8	16	0.9996	0.2297	0.7785
9	10	0.9998	0.8021	0.6359
9	11	0.6007	0.3439	0.2063
10	11	0.9994	0.9570	0.3034
11	12	0.9966	0.5336	0.1478
11	13	0.9998	0.3066	0.6644
12	13	0.9983	0.7644	0.4276
12	14	0.9997	0.5850	0.4378
12	15	0.9995	0.9999	0.0046
12	16	1.0000	0.4124	0.6903
13	14	0.9987	0.4268	0.2754
14	15	0.9977	0.9994	0.1095
14	16	0.9986	0.6614	0.5262
15	16	0.9970	0.5132	0.0347
