0	1	0.9974	0.7724	0.0465
0	2	0.9994	0.1459	0.7850
0	3	0.9999	0.6154	0.5759
0	5	0.9999	0.2096	0.7373
0	12	0.7501	0.3715	0.5655
0	13	0.9994	0.0448	0.0932
0	15	0.8985	0.3536	0.2297
0	17	0.9996	0.1942	0.9527
1	2	0.9985	0.9464	0.1283
1	3	1.0000	0.5630	0.4978
1	5	0.9997	0.9392	0.1659
1	12	0.6522	0.0002	0.4963
1	17	1.0000	0.2946	0.9200
1	18	0.9976	0.3324	0.3068
2	3	0.9961	0.5842	0.0892
2	5	0.9994	0.2622	0.6229
2	13	0.9996	0.5792	0.8043
2	14	0.9979	0.7800	0.6898
2	15	0.9959	0.7724	0.0146
2	17	0.9992	0.2717	0.8236
3	4	0.9995	0.8027	0.0879
3	5	1.0000	0.2589	0.5765
3	6	0.5005	0.3507	0.1132
3	8	0.9988	0.8148	0.3986
3	10	0.9996	0.9008	0.2475
3	13	0.5498	0.3217	0.0311
3	17	1.0000	0.4788	0.9461
3	18	0.9996	0.7248	0.1327
4	5	0.9988	0.5731	0.3407
4	6	0.9974	0.4508	0.7165
4	7	0.9989	0.7430	0.6729
4	8	1.0000	0.4465	0.6002
4	9	0.9985	0.6445	0.6540
4	10	0.9992	0.4696	0.5656
4	11	0.9465	0.8879	0.8468
4	13	0.9978	0.0815	0.8791
5	6	1.0000	0.6448	0.2124
5	8	1.0000	0.4321	0.6898
5	10	0.5512	0.2201	0.8618
5	13	0.9992	0.6144	0.6013
5	15	0.9971	0.8542	0.0063
5	17	0.9500	0.4112	0.8439
5	18	0.9999	0.0621	0.7771
6	7	0.9992	0.7738	0.8387
6	8	0.9995	0.5598	0.4083
6	13	1.0000	0.3387	0.6438
6	14	0.9991	0.2272	0.1238
7	8	0.9976	0.7131	0.2227
7	9	0.9998	0.4009	0.4874
7	13	0.9987	0.9318	0.5521
7	14	0.9978	0.6493	0.1251
8	9	0.9988	0.9154	0.6004
8	10	0.9994	0.5930	0.4131
9	10	1.0000	0.5848	0.4141
9	11	0.9989	0.1924	0.0900
9	12	0.9999	0.6171	0.4778
9	13	0.7501	0.1871	0.7507
10	11	0.9983	0.9478	0.1519
10	12	0.9980	0.3707	0.3545
11	12	0.9975	0.2916	0.2179
13	14	0.9478	0.3975	0.3603
13	15	0.9988	0.4528	0.1438
13	17	0.9992	0.7040	0.4105
13	30	0.7991	0.3200	0.5274
14	15	0.9996	0.9364	0.0952
14	17	0.9996	0.7232	0.2123
14	27	0.5991	0.5459	0.2277
14	29	0.9987	0.9582	0.8487
14	30	0.9998	0.5377	0.7511
14	36	0.7495	0.4886	0.5709
14	37	0.9973	0.8074	0.3105
15	17	0.9999	0.3712	0.5635
15	22	0.5476	0.9943	0.1276
15	24	0.7970	0.9829	0.1306
15	25	0.9480	0.9910	0.7275
15	26	0.5556	0.9293	0.6408
15	27	0.6494	0.8790	0.2354
15	29	0.8991	0.7033	0.5783
15	30	0.6018	0.3222	0.7233
15	31	0.5514	0.3008	0.7924
16	17	1.0000	0.7337	0.3642
16	18	0.9995	0.3959	0.5684
16	19	0.9998	0.6222	0.6471
16	20	0.9994	0.4239	0.5185
16	21	0.9966	0.6709	0.2891
16	22	0.9999	0.4440	0.4671
16	23	0.9999	0.4153	0.8295
16	24	0.9993	0.5205	0.5404
17	18	0.9998	0.6207	0.7964
17	20	0.9994	0.2316	0.6603
17	22	1.0000	0.2790	0.7053
17	24	0.9993	0.0446	0.9153
18	19	0.9991	0.6998	0.6800
18	20	0.9948	0.3742	0.2106
18	22	0.8499	0.4699	0.2011
19	20	1.0000	0.5306	0.5565
19	21	0.5007	0.2824	0.2734
19	22	0.9999	0.6292	0.5331
19	23	0.9999	0.5409	0.8313
19	24	0.7002	0.3845	0.6200
20	21	0.9984	0.8308	0.1850
20	22	0.9448	0.4155	0.3820
20	23	0.9494	0.8446	0.6297
20	24	0.7012	0.7453	0.3005
21	22	0.9994	0.3252	0.7524
21	23	1.0000	0.5856	0.5632
21	24	0.9797	0.1912	0.0840
22	23	1.0000	0.8938	0.6258
22	24	0.9999	0.6521	0.3822
22	25	0.9994	0.6866	0.1973
23	24	0.9963	0.5398	0.0550
23	27	0.7000	0.0923	0.5441
24	25	0.9999	0.5924	0.3794
24	26	0.7987	0.6211	0.5485
24	27	1.0000	0.8469	0.1053
24	28	0.9984	0.9406	0.7800
24	32	0.5999	0.3967	0.5410
24	33	0.8500	0.9405	0.2959
24	34	0.9991	0.9727	0.3349
25	26	0.9985	0.9019	0.5223
25	27	0.9993	0.5919	0.2429
25	28	0.9995	0.5441	0.5400
25	29	0.9978	0.8222	0.4711
25	32	0.7491	0.4998	0.8684
25	33	0.9983	0.4914	0.1984
26	27	0.9987	0.4547	0.6949
26	28	0.9981	0.7519	0.8745
26	29	0.8494	0.7236	0.7510
27	28	1.0000	0.5104	0.5048
27	29	0.9989	0.6695	0.9361
27	32	0.5997	0.2412	0.3944
27	33	0.9983	0.3020	0.4111
27	34	0.9991	0.3177	0.5088
28	29	0.9989	0.7481	0.8575
28	30	0.9493	0.4365	0.7634
28	32	0.9497	0.6184	0.7580
28	33	0.9993	0.5676	0.6261
28	34	0.8991	0.4002	0.6991
28	38	0.5005	0.1953	0.4287
29	30	0.9986	0.9684	0.7242
29	31	0.6999	0.9127	0.3174
30	31	0.9968	0.8764	0.1133
30	32	0.7002	0.4718	0.2309
30	33	0.6500	0.7674	0.2050
30	34	0.7999	0.5033	0.8936
32	33	0.9990	0.9987	0.2360
32	34	0.9495	0.6823	0.6358
33	34	0.9993	0.5927	0.2847
34	35	0.9989	0.9020	0.6057
34	36	0.9989	0.8330	0.4175
34	37	0.8484	0.8904	0.5854
34	38	0.9995	0.8823	0.5066
34	39	1.0000	0.8878	0.3132
34	40	0.8979	0.9323	0.3912
34	41	0.8997	0.1568	0.5638
34	43	0.5507	0.7795	0.1480
35	36	0.9984	0.5829	0.9348
35	37	0.9989	0.5105	0.2647
35	38	1.0000	0.4512	0.6241
35	39	0.9999	0.3496	0.5482
35	40	0.9989	0.4527	0.6295
35	41	0.9973	0.9772	0.7258
35	43	0.9989	0.3326	0.1923
36	37	0.9974	0.9987	0.1369
36	38	0.9981	0.9564	0.5651
36	39	0.9996	0.9640	0.4633
36	40	1.0000	0.9571	0.6265
36	41	0.9987	0.6209	0.8038
37	38	1.0000	0.8094	0.4276
37	39	1.0000	0.7880	0.6606
37	40	0.9983	0.9192	0.6253
37	41	0.9994	0.9054	0.9621
37	42	0.9965	0.9816	0.3688
37	43	0.9999	0.5657	0.6600
38	39	1.0000	0.6075	0.5418
38	40	0.9989	0.3251	0.2994
38	41	0.9994	0.4706	0.9514
38	42	0.9992	0.6186	0.6966
38	43	0.9989	0.2717	0.5094
39	40	0.9993	0.9678	0.3373
39	41	0.9992	0.7389	0.9923
39	42	0.9986	0.6062	0.7456
39	43	0.9999	0.7963	0.6061
40	41	1.0000	0.9607	0.5872
40	42	1.0000	0.2690	0.7994
41	42	0.6503	0.9924	0.1437
42	43	0.5489	0.3321	0.2809
