0	1	1.0000	0.5340	0.5710
0	2	0.9975	0.2928	0.1538
0	5	0.9998	0.8417	0.4185
0	6	1.0000	0.3982	0.4897
0	7	0.9992	0.2675	0.4540
0	10	0.9483	0.5743	0.4614
0	11	0.9972	0.1797	0.4799
0	12	0.8999	0.0337	0.8315
1	2	0.9998	0.5884	0.3092
1	3	0.6142	0.6161	0.3046
1	5	1.0000	0.1371	0.8119
1	6	1.0000	0.6046	0.3817
1	11	0.9994	0.9424	0.7363
1	12	0.9500	0.9943	0.8848
2	3	0.8003	0.1147	0.4083
2	5	0.9994	0.6704	0.3532
2	6	0.9997	0.1511	0.3382
2	11	0.9988	0.1543	0.6720
2	12	0.9997	0.0001	0.8692
2	18	0.9990	0.1219	0.9837
3	4	0.9997	0.9978	0.3453
3	5	0.9999	0.5116	0.3165
3	11	0.7997	0.5915	0.5634
4	5	0.9998	0.9641	0.1310
5	6	0.9977	0.5910	0.1547
5	7	1.0000	0.6217	0.7637
5	8	0.9991	0.6737	0.6395
5	9	0.5997	0.5310	0.5311
5	10	0.9981	0.7016	0.3454
5	11	0.9989	0.2200	0.5213
6	7	1.0000	0.5189	0.5640
6	8	0.9999	0.3280	0.3016
6	9	0.7002	0.2265	0.6975
6	10	0.9977	0.3148	0.1929
6	11	0.9997	0.6142	0.4408
7	8	1.0000	0.4929	0.4191
7	9	0.8985	0.3098	0.3698
7	10	0.9988	0.5799	0.4471
7	11	0.9998	0.0582	0.2514
8	9	1.0000	0.7518	0.4295
8	10	1.0000	0.4793	0.4031
9	10	0.9978	0.4284	0.2291
9	11	0.5515	0.6149	0.2486
10	11	1.0000	0.5180	0.4569
11	12	0.8990	0.9425	0.3256
13	14	0.9493	0.3867	0.4692
13	15	0.9998	0.4731	0.5120
13	19	0.7506	0.6883	0.5418
13	20	1.0000	0.4446	0.6623
13	21	1.0000	0.3731	0.6977
14	15	0.9994	0.4019	0.3700
14	17	0.9984	0.3487	0.3589
14	18	0.9995	0.7734	0.7188
14	19	0.9969	0.4215	0.0617
14	20	1.0000	0.4604	0.6138
14	21	0.9986	0.1956	0.8128
15	16	0.9988	0.9336	0.6356
15	17	0.9996	0.6467	0.3660
15	18	0.9987	0.2325	0.7149
15	19	1.0000	0.4687	0.6191
15	20	0.9999	0.5948	0.5975
15	21	0.9985	0.7818	0.7450
16	17	1.0000	0.9414	0.3649
16	18	0.9974	0.8579	0.6183
17	18	1.0000	0.9221	0.2217
17	19	0.5482	0.4856	0.3575
18	19	0.9998	0.8158	0.0827
19	20	0.9997	0.7324	0.4781
19	21	0.7506	0.7783	0.4375
20	21	1.0000	0.6142	0.5019
