0	4	0.9998	0.7177	0.8745
0	5	0.9969	0.5997	0.3479
0	6	0.9494	0.9880	0.3244
0	7	1.0000	0.9248	0.8491
0	8	0.9992	0.7290	0.1839
0	10	0.7995	0.7492	0.2738
0	12	0.9988	0.7510	0.5591
0	14	0.9991	0.7210	0.5494
0	17	0.9990	0.5849	0.6334
0	20	0.9999	0.4919	0.7818
0	21	0.9995	0.7133	0.6330
0	22	0.9992	0.3226	0.5117
0	24	0.8490	0.2502	0.5419
1	2	0.9995	0.6425	0.4642
1	3	0.9989	0.7287	0.3148
1	4	0.9981	0.7020	0.1876
1	5	0.9997	0.2917	0.9217
1	6	0.9991	0.2817	0.5211
1	7	0.9999	0.1798	0.1803
2	3	0.9981	0.6259	0.2478
2	4	0.9985	0.7321	0.2261
2	6	0.7503	0.6008	0.4987
2	7	0.6015	0.3047	0.1413
3	4	1.0000	0.8597	0.2504
3	5	0.6507	0.6833	0.9426
3	6	0.9997	0.4291	0.8920
3	7	1.0000	0.6062	0.5053
3	18	0.6996	0.5051	0.5457
3	21	0.7996	0.6881	0.7499
3	22	0.9495	0.8547	0.2178
4	5	1.0000	0.7860	0.2118
4	6	1.0000	0.4002	0.9194
4	7	1.0000	0.4400	0.8750
4	8	0.9992	0.8170	0.0541
4	20	0.5003	0.7027	0.9252
4	21	0.9999	0.6608	0.9120
4	22	1.0000	0.8662	0.2443
5	6	0.9982	0.9912	0.3856
5	7	0.9977	0.6693	0.6194
5	8	1.0000	0.5546	0.4565
5	9	0.8500	0.9920	0.6084
5	10	0.9999	0.6220	0.4487
5	12	0.9976	0.5922	0.5785
5	14	0.9972	0.7097	0.6641
5	17	0.9965	0.5466	0.7247
5	20	0.9978	0.4128	0.9435
5	24	0.7997	0.1904	0.5318
6	7	0.9995	0.6469	0.2490
6	8	1.0000	0.3759	0.9705
6	9	0.9496	0.3107	0.3213
6	10	0.8992	0.3062	0.8431
7	8	0.9990	0.6290	0.1766
7	9	0.9999	0.3230	0.7048
7	10	0.9957	0.5072	0.0127
8	9	0.9995	0.6234	0.6521
8	10	0.9999	0.4769	0.4677
8	11	0.9985	0.9331	0.3741
8	12	0.9996	0.4783	0.4774
8	14	0.9989	0.5206	0.4747
9	10	1.0000	0.6604	0.3314
9	11	0.8968	0.3346	0.6719
9	12	0.8990	0.7567	0.0363
10	11	0.9996	0.8599	0.5083
10	12	1.0000	0.5953	0.5097
10	14	0.9992	0.6939	0.4332
11	12	0.9995	0.6385	0.1571
11	13	0.9994	0.2890	0.7913
11	14	0.8015	0.5724	0.0170
12	13	0.9983	0.6855	0.5580
12	14	0.9936	0.5221	0.4255
12	15	0.8976	0.9995	0.2563
12	17	0.9995	0.6150	0.4905
13	14	0.9978	0.6414	0.0838
13	16	0.9987	0.2479	0.7361
14	15	0.9940	0.9914	0.3898
14	16	0.9992	0.6790	0.6183
14	17	0.9980	0.4640	0.5503
14	18	0.7005	0.9519	0.3362
14	19	0.6505	0.8577	0.5590
14	20	0.9985	0.7069	0.6662
14	23	0.9000	0.0434	0.5887
15	16	0.9991	0.1619	0.0492
15	17	0.7510	0.2226	0.9631
15	18	0.9982	0.1655	0.6379
15	19	0.9994	0.1679	0.1864
16	17	0.9993	0.6300	0.2219
16	18	0.8002	0.1803	0.7158
16	19	0.9976	0.2273	0.5885
17	18	0.9998	0.9984	0.1071
17	19	0.9981	0.8709	0.6648
17	20	0.9994	0.6606	0.6452
17	21	0.7506	0.9324	0.2001
17	22	0.7988	0.7105	0.7840
17	23	0.8997	0.0827	0.5956
18	19	0.9994	0.4797	0.3272
18	20	0.9495	0.2559	0.6537
18	21	0.5509	0.1329	0.4013
18	22	0.9501	0.1904	0.5348
18	23	0.6500	0.4266	0.3869
19	20	0.9983	0.6954	0.1374
19	21	0.9486	0.3774	0.4477
19	22	0.8503	0.5722	0.7257
19	23	0.9984	0.8717	0.1660
20	21	0.9982	0.8642	0.5941
20	22	0.9977	0.8086	0.7223
20	23	0.8994	0.1409	0.4470
21	22	0.9980	0.9194	0.2003
21	23	0.7000	0.8016	0.4529
22	23	1.0000	0.9061	0.3760
22	24	0.5005	0.9357	0.2382
23	24	0.8492	0.7734	0.3986
