0	4	0.6508	0.5822	0.3607
0	5	0.6007	0.7667	0.4207
0	15	0.8998	0.5841	0.5084
0	17	0.6006	0.4800	0.2853
0	41	0.8997	0.6572	0.5867
0	42	0.9494	0.6603	0.2404
0	43	0.9488	0.5249	0.5052
0	44	0.7504	0.4341	0.6013
1	2	0.9494	0.4256	0.4966
1	3	0.9495	0.5775	0.5175
1	4	0.7504	0.2806	0.6066
1	43	0.6809	0.6450	0.3374
2	3	0.8481	0.4758	0.5210
2	4	0.9442	0.5315	0.7027
2	9	0.5001	0.5248	0.5854
2	43	0.5004	0.5419	0.4744
3	4	0.9993	0.5581	0.5398
4	5	0.9992	0.8915	0.2577
4	7	0.7014	0.3888	0.4233
5	6	0.9490	0.8893	0.2824
5	7	0.9490	0.5210	0.3073
5	8	0.8500	0.2416	0.4749
5	9	1.0000	0.6847	0.5985
5	10	0.9966	0.9094	0.3783
5	11	0.9992	0.8598	0.5800
6	7	0.8988	0.5099	0.1464
6	9	0.5007	0.4445	0.7608
6	10	0.9979	0.5365	0.5390
7	8	0.9990	0.6255	0.5355
7	9	0.7006	0.5556	0.4790
7	11	0.9991	0.2320	0.7207
7	12	0.6491	0.4626	0.3329
7	13	0.8990	0.6670	0.5585
7	14	0.7496	0.5466	0.5027
7	15	0.6502	0.5793	0.4934
8	9	0.7004	0.5882	0.3326
8	11	0.7501	0.5957	0.5239
8	12	0.5012	0.3345	0.3044
9	10	0.6992	0.6118	0.5471
9	11	0.8499	0.7994	0.4961
10	11	0.9492	0.4901	0.6610
11	12	0.8991	0.6723	0.1469
12	13	0.9991	0.5285	0.5148
12	14	0.7987	0.2092	0.5670
12	15	0.9987	0.5361	0.5785
13	14	0.9993	0.6897	0.5076
13	15	0.9995	0.5954	0.5248
14	15	0.8485	0.6923	0.3326
15	16	0.9996	0.7446	0.4889
15	43	0.7998	0.4389	0.6093
15	44	0.6499	0.4363	0.7214
16	17	0.9996	0.6144	0.7026
16	18	0.5505	0.4931	0.5255
16	19	0.7995	0.5713	0.4897
16	20	0.9991	0.5412	0.5062
16	41	0.9500	0.6030	0.5302
16	43	0.6013	0.5317	0.4259
17	18	0.5015	0.7821	0.6129
17	20	0.9479	0.3750	0.5186
17	41	0.9980	0.5898	0.6800
17	42	0.5053	0.5937	0.1578
17	43	0.9481	0.5752	0.6957
18	19	0.7503	0.8569	0.4849
18	20	0.8497	0.7588	0.4290
18	40	0.6010	0.4830	0.6266
18	41	0.6002	0.5804	0.5336
19	20	0.9490	0.5602	0.3374
19	23	0.7001	0.6042	0.5155
19	24	0.5009	0.6159	0.5135
19	41	0.6998	0.6164	0.6390
20	21	0.9496	0.5869	0.3733
20	23	0.7496	0.2881	0.6188
20	24	0.8493	0.5870	0.5865
20	41	0.9993	0.9108	0.6056
20	43	0.7499	0.2789	0.6706
21	22	0.5494	0.7488	0.4177
21	23	0.9485	0.7059	0.7110
21	32	0.7496	0.7340	0.2216
21	35	0.6167	0.5423	0.2475
21	40	0.9997	0.5042	0.6217
21	41	0.7993	0.5233	0.3283
22	23	0.8995	0.7835	0.4574
22	35	0.6498	0.6369	0.1167
22	40	0.8992	0.4083	0.5309
23	24	0.9997	0.8584	0.3186
23	25	0.9487	0.8715	0.6830
23	27	0.9491	0.8578	0.4542
23	28	0.8000	0.7172	0.5056
23	32	0.9500	0.5372	0.7439
23	33	0.6511	0.5014	0.2258
23	40	0.9496	0.7499	0.4438
24	25	0.9989	0.8692	0.4496
24	40	0.8500	0.6733	0.6944
25	26	0.8995	0.8626	0.5484
25	27	0.9952	0.8720	0.3668
25	28	0.8502	0.8062	0.3041
25	40	0.9984	0.4811	0.8246
26	27	0.8502	0.6097	0.5550
26	28	0.8499	0.5749	0.4695
26	40	0.8499	0.4312	0.4433
27	28	0.9991	0.6856	0.4880
27	32	0.5508	0.6974	0.5406
27	40	0.7506	0.5193	0.3703
28	31	0.9491	0.7509	0.6881
28	32	0.9498	0.5194	0.5622
28	33	0.9988	0.7333	0.3030
28	35	0.8997	0.6440	0.5132
28	39	0.5498	0.3289	0.7207
28	40	0.9984	0.6290	0.2117
29	30	0.9977	0.5970	0.8482
29	31	0.9484	0.5047	0.5680
29	32	0.6999	0.5140	0.6597
30	31	0.9988	0.9205	0.5374
31	32	0.9991	0.5272	0.4184
31	33	0.9996	0.5559	0.4306
31	34	0.6506	0.5218	0.3923
31	35	0.9492	0.5688	0.2583
32	33	0.9998	0.6651	0.2744
32	34	0.9001	0.6013	0.5570
32	35	0.9989	0.5481	0.2752
32	40	0.9988	0.3826	0.1892
33	34	0.9499	0.8153	0.6603
33	35	0.9999	0.5408	0.3677
34	35	0.9998	0.5938	0.3578
34	40	0.5005	0.6699	0.2055
35	36	0.9982	0.9114	0.4838
35	37	0.7499	0.6782	0.6427
35	40	0.9995	0.6486	0.3432
36	37	0.9005	0.8094	0.3883
36	38	0.9999	0.5226	0.6793
36	39	0.9996	0.6744	0.8262
36	40	0.9975	0.7237	0.0999
37	38	0.9988	0.6655	0.6234
37	39	0.9994	0.6886	0.6723
38	39	1.0000	0.4874	0.7424
39	40	0.8506	0.8419	0.0725
41	42	0.9991	0.8783	0.4886
41	43	0.5515	0.5013	0.7244
42	43	0.6500	0.5195	0.7638
