0	1	0.9999	0.5879	0.4992
0	2	0.7999	0.7101	0.5184
0	3	0.7997	0.5134	0.5305
0	5	0.8998	0.6008	0.3701
0	7	0.6505	0.4047	0.4581
0	8	0.9997	0.6448	0.5222
0	12	0.5273	0.3875	0.3861
0	17	0.6004	0.5429	0.4642
0	18	0.7120	0.3207	0.3376
0	21	0.7500	0.5510	0.3595
1	2	0.9989	0.6368	0.6228
1	3	0.9997	0.5407	0.5404
1	4	0.7001	0.4614	0.3896
1	5	0.9494	0.5692	0.4270
1	7	0.8996	0.5048	0.5197
1	8	0.9499	0.6602	0.4160
1	12	0.5243	0.2072	0.2491
1	16	0.8993	0.6240	0.3160
1	17	0.9491	0.6332	0.2246
2	3	0.9495	0.6428	0.6055
2	8	0.9493	0.8408	0.4209
2	11	0.6004	0.6910	0.5618
2	18	0.5002	0.6643	0.4032
3	4	0.5499	0.7014	0.3244
3	5	0.9997	0.6001	0.4877
3	7	0.9996	0.5593	0.6272
3	12	0.6000	0.4315	0.3285
3	13	0.7002	0.5349	0.4350
3	15	0.6005	0.4906	0.2200
3	16	0.9490	0.6931	0.3081
3	17	0.9992	0.6439	0.3284
4	5	0.9502	0.5870	0.3486
4	7	0.5014	0.5207	0.4387
4	8	0.9495	0.5992	0.5595
4	11	0.7410	0.6729	0.4448
5	6	0.6999	0.6079	0.3563
5	8	0.9490	0.4556	0.5980
5	11	0.7009	0.4794	0.5265
5	20	0.5006	0.3977	0.4016
6	7	0.9987	0.8133	0.4168
6	8	0.9999	0.6536	0.6398
6	11	0.5004	0.7042	0.5389
7	8	0.9993	0.6578	0.3605
7	11	0.8501	0.5999	0.5570
7	15	0.5004	0.4580	0.5361
8	9	0.9996	0.8583	0.6159
8	10	0.9485	0.5404	0.4280
8	11	1.0000	0.7182	0.6108
8	12	0.9978	0.5776	0.4826
8	13	0.9491	0.4864	0.5666
8	14	0.6499	0.3512	0.5475
8	15	0.9992	0.6416	0.5709
8	16	0.6008	0.5669	0.3511
8	17	0.5507	0.7278	0.5737
8	18	0.8986	0.6375	0.3952
8	19	0.7991	0.5084	0.5486
8	20	0.9498	0.7607	0.4579
9	10	0.7992	0.7555	0.4078
9	11	0.8501	0.6465	0.6720
9	12	0.8497	0.5041	0.4868
9	20	0.7009	0.5445	0.4590
10	11	0.9990	0.6654	0.5528
10	12	0.5504	0.4367	0.4143
10	13	0.7503	0.5274	0.4493
10	15	0.6003	0.2851	0.3236
11	12	0.9987	0.6707	0.4370
11	13	0.5998	0.5144	0.5455
11	15	0.9491	0.6062	0.6904
11	16	0.5503	0.3611	0.5780
11	18	0.8498	0.3632	0.4522
11	20	0.9007	0.6997	0.5558
12	13	0.7000	0.5930	0.3217
12	15	0.9993	0.4957	0.6196
12	18	0.6001	0.4940	0.5188
12	20	0.6499	0.6634	0.5148
13	14	0.7499	0.5029	0.3592
13	15	0.7109	0.5282	0.5045
13	16	0.5015	0.5091	0.3642
14	15	0.5701	0.8539	0.5572
15	16	0.6002	0.5027	0.4824
15	19	0.6003	0.5197	0.4146
15	20	0.8997	0.6019	0.4768
18	19	0.7999	0.3872	0.4489
18	20	0.8498	0.3348	0.5696
18	21	0.7002	0.4769	0.6891
19	20	0.7501	0.3980	0.5117
19	21	0.7997	0.2460	0.6008
20	21	0.7499	0.4879	0.6085
22	23	0.9990	0.4351	0.4749
22	24	0.5502	0.5159	0.3494
22	28	0.9985	0.5446	0.6364
22	29	0.9992	0.4867	0.6533
22	30	0.9495	0.4838	0.4402
23	24	0.9993	0.6245	0.5577
23	25	0.9498	0.5067	0.5251
23	26	0.8497	0.5633	0.6625
23	27	0.8999	0.6470	0.5102
23	28	0.9994	0.6112	0.6821
23	29	0.9498	0.6049	0.6047
23	30	0.9997	0.6014	0.4303
24	25	0.9995	0.6484	0.5325
24	26	0.7507	0.4786	0.4995
24	27	0.9492	0.6429	0.5703
24	28	0.8990	0.4632	0.7194
24	29	0.9492	0.5639	0.5760
24	30	0.9991	0.4556	0.6177
25	26	0.9993	0.5658	0.5289
25	27	0.9993	0.7281	0.6339
25	28	0.8993	0.5511	0.6828
25	29	0.6004	0.4965	0.5334
25	30	0.9991	0.4206	0.5475
26	27	0.9991	0.5834	0.5671
26	28	0.8998	0.5336	0.6461
26	29	0.5505	0.5175	0.5125
26	30	0.7001	0.4541	0.4865
27	28	0.5489	0.4464	0.4724
27	29	0.7004	0.4888	0.4036
27	30	0.6002	0.5697	0.4546
28	29	0.9004	0.5346	0.5405
28	30	0.9500	0.6549	0.4782
29	30	0.9996	0.6744	0.5609
