0	1	0.9940	0.8663	0.5287
0	2	0.9996	0.5693	0.3480
0	4	0.9993	0.8265	0.6997
0	5	1.0000	0.3502	0.7865
0	6	1.0000	0.6431	0.3923
0	8	0.9988	0.6237	0.5040
0	9	0.9486	0.7889	0.7299
0	15	0.9499	0.6649	0.9430
1	2	1.0000	0.7733	0.2009
1	3	1.0000	0.6066	0.7702
1	4	0.9995	0.9371	0.0001
1	6	0.9983	0.6234	0.4836
1	9	0.9983	0.2929	0.9638
1	12	0.9992	0.1238	0.9716
1	13	0.9486	0.0044	0.0176
1	15	0.9985	0.5016	0.3177
2	3	0.9994	0.7570	0.4316
2	4	0.9987	0.5973	0.5161
2	5	0.9973	0.2858	0.8325
2	6	0.6013	0.0649	0.0543
3	4	0.9999	0.4898	0.3752
3	5	0.5004	0.6185	0.9298
4	5	0.9992	0.5858	0.6724
5	6	1.0000	0.5174	0.2416
5	8	0.9998	0.2507	0.5025
6	8	0.9998	0.6234	0.3215
6	9	0.9986	0.5894	0.5456
6	11	0.9999	0.9998	0.4174
6	12	1.0000	0.4850	0.4429
6	15	0.9991	0.3769	0.7196
7	8	0.9989	0.9983	0.0085
7	11	0.9975	0.7068	0.1106
8	9	0.9992	0.5827	0.3727
8	11	1.0000	0.4976	0.6799
8	12	0.9968	0.8016	0.0226
9	11	0.9934	0.7827	0.5514
9	12	0.9994	0.5832	0.3643
9	15	0.9991	0.4925	0.8247
9	16	0.9502	0.0220	0.7527
9	17	0.8973	0.9417	0.0881
10	11	0.9996	0.6200	0.2121
10	12	0.9986	0.1907	0.9705
10	14	0.9502	0.0000	0.8201
10	17	0.9992	0.0228	0.7864
11	12	0.9981	0.7411	0.2523
11	17	0.9937	0.5402	0.0000
12	15	0.9997	0.5412	0.5927
12	16	1.0000	0.1523	0.8817
12	17	0.9965	0.7743	0.5460
13	14	0.9995	0.5662	0.3561
15	16	0.9964	0.8296	0.7014
15	17	1.0000	0.4974	0.6986
