0	1	0.9491	0.5435	0.4359
0	2	0.6007	0.7275	0.8140
1	2	0.9484	0.4367	0.5660
1	29	0.5382	0.5712	0.5577
2	3	0.9001	0.9477	0.3029
2	4	0.9999	0.6883	0.3891
2	29	0.5004	0.5142	0.7248
3	4	0.9992	0.4408	0.4267
4	5	0.9993	0.7695	0.3016
4	6	0.6512	0.8778	0.3945
4	9	0.5501	0.6417	0.8112
4	11	0.6004	0.7365	0.8441
4	29	0.5505	0.4543	0.8100
5	6	0.9497	0.8231	0.3655
5	10	0.5004	0.8079	0.1840
5	11	0.8020	0.6486	0.7525
5	27	0.5009	0.3033	0.5768
6	7	0.9996	0.7327	0.7041
6	8	0.9986	0.7917	0.6348
6	9	0.9996	0.3679	0.4404
6	10	0.9998	0.6612	0.4487
6	11	0.9994	0.4942	0.4882
6	22	0.6497	0.6307	0.3957
7	10	0.9992	0.7827	0.2662
7	11	1.0000	0.5626	0.5574
7	23	0.6012	0.5565	0.3258
8	9	0.7496	0.5359	0.5986
8	11	0.7499	0.1978	0.6498
9	10	0.9986	0.5291	0.0533
9	11	0.8500	0.5987	0.6581
10	11	0.9996	0.4962	0.4045
10	23	0.9989	0.3419	0.3332
11	13	0.5497	0.9513	0.2174
11	22	0.5504	0.6346	0.3521
11	23	0.7003	0.5430	0.3028
12	13	0.8985	0.9252	0.4088
12	14	0.8994	0.8455	0.2978
12	17	0.7990	0.9898	0.5973
12	18	0.8500	0.8125	0.7168
12	27	0.7966	0.8068	0.5150
13	14	0.9990	0.6725	0.5522
13	17	0.9987	0.5633	0.4681
13	18	0.8005	0.4306	0.6085
13	20	0.5523	0.3874	0.4124
13	27	0.7495	0.5828	0.6191
14	15	0.5509	0.7345	0.3027
14	16	0.8992	0.6441	0.5736
14	17	0.9999	0.6240	0.4626
14	18	0.9978	0.5646	0.4043
14	26	0.9978	0.6137	0.6117
14	27	0.9488	0.6465	0.6828
15	16	0.9989	0.4892	0.4587
15	17	0.6501	0.5563	0.1720
15	25	0.5489	0.2227	0.8594
15	26	0.8965	0.5125	0.6457
15	27	0.9488	0.3288	0.9388
16	17	0.9991	0.5018	0.4489
16	25	0.6000	0.6106	0.6146
16	26	0.9971	0.5062	0.6131
16	27	0.9999	0.5251	0.6094
17	18	0.9984	0.8685	0.2632
17	25	0.7494	0.4422	0.4750
17	26	0.9474	0.4579	0.6236
17	27	0.9979	0.3816	0.7062
18	19	0.9988	0.9451	0.6427
18	20	0.8997	0.6962	0.5098
18	21	0.9001	0.7717	0.6584
18	22	0.7501	0.8871	0.4520
18	23	0.9994	0.9530	0.7633
19	20	0.9999	0.8646	0.8543
19	21	0.9491	0.8418	0.5512
19	22	0.9993	0.7268	0.5788
19	23	0.5508	0.4420	0.4678
20	21	0.9973	0.9269	0.2581
20	22	0.7994	0.8229	0.2706
20	23	0.6499	0.4896	0.7947
21	22	1.0000	0.6923	0.5168
21	23	0.9999	0.7345	0.6081
22	23	1.0000	0.5570	0.3761
23	24	0.9956	0.9753	0.2937
23	25	0.8989	0.6786	0.5329
23	28	0.9999	0.7479	0.7828
25	26	0.9995	0.5314	0.4942
25	27	0.9995	0.5408	0.6028
25	28	0.9991	0.2780	0.1338
25	29	0.8501	0.7724	0.4249
26	27	1.0000	0.5341	0.5730
26	28	0.9980	0.3049	0.2081
26	29	0.9991	0.5698	0.3161
27	28	0.9989	0.8191	0.1931
27	29	0.8003	0.4630	0.5205
28	29	1.0000	0.9146	0.2157
