0	1	0.9991	0.7088	0.5188
0	3	0.7504	0.6382	0.4785
0	7	0.5008	0.3892	0.5395
0	8	0.5008	0.4780	0.3289
1	2	1.0000	0.7191	0.5155
1	3	0.8503	0.8062	0.5150
1	4	0.9504	0.8223	0.5526
1	8	0.5013	0.5062	0.3945
2	3	0.9983	0.7647	0.4507
2	4	0.9988	0.5256	0.5580
3	4	0.9994	0.7277	0.5617
3	5	0.8497	0.6146	0.3673
3	6	0.5002	0.7493	0.5692
3	7	0.9005	0.4484	0.7841
3	8	0.6519	0.3413	0.5231
4	5	0.6190	0.7785	0.2523
4	7	0.6009	0.6187	0.3217
5	24	0.5007	0.5165	0.3842
6	7	0.9988	0.5007	0.2703
6	9	0.5511	0.3659	0.8018
6	11	0.5506	0.4373	0.5218
7	8	0.9996	0.7472	0.5704
7	9	0.8493	0.7704	0.5433
7	10	0.8001	0.4992	0.4581
7	11	0.9991	0.6096	0.4484
7	12	0.7488	0.4620	0.5145
7	24	0.8996	0.4440	0.7459
8	9	0.8000	0.8176	0.6647
8	10	0.6014	0.5047	0.5177
8	11	0.5999	0.7617	0.3834
8	24	0.9000	0.4973	0.3276
9	10	0.8999	0.4291	0.7526
10	11	0.6502	0.6134	0.1985
11	12	0.8503	0.5658	0.3930
12	13	0.6004	0.5840	0.5284
12	24	0.8003	0.3300	0.3162
13	14	0.9498	0.7308	0.5807
13	15	0.8499	0.5328	0.5582
13	16	0.7501	0.4504	0.4453
13	17	0.8998	0.6320	0.4350
13	18	0.7002	0.5153	0.5827
13	20	0.6501	0.4240	0.3903
13	22	0.7501	0.6200	0.4686
13	26	0.5021	0.5809	0.4450
14	15	0.9985	0.6152	0.7789
14	17	0.6512	0.4365	0.3301
14	18	0.9497	0.4283	0.4988
14	20	0.7000	0.5607	0.4468
14	22	0.7505	0.3578	0.5196
15	16	0.9979	0.8086	0.5982
15	17	0.8001	0.6007	0.4929
15	19	0.8493	0.8075	0.3993
15	20	0.8499	0.6218	0.5178
15	21	0.5010	0.8109	0.5305
15	22	0.7989	0.7748	0.4690
15	23	0.5005	0.5802	0.4649
15	24	0.5007	0.2659	0.3953
16	17	0.9993	0.6348	0.2711
16	18	0.8493	0.5270	0.5834
16	20	0.8996	0.4858	0.4586
16	21	0.6004	0.4343	0.6271
17	18	0.7996	0.6828	0.5659
17	19	0.8492	0.5713	0.5521
17	20	0.9484	0.4830	0.4921
17	21	0.9482	0.5011	0.7388
17	22	0.7003	0.4665	0.5541
18	19	0.9984	0.4631	0.5288
18	20	0.8484	0.4072	0.4984
18	21	0.9491	0.6167	0.6393
18	22	0.8988	0.6277	0.3982
19	20	0.9994	0.5934	0.3521
19	21	0.9992	0.7924	0.9069
19	22	0.7505	0.5621	0.5498
20	21	0.9981	0.5063	0.5993
20	22	0.9489	0.5928	0.4257
21	22	0.7995	0.7208	0.4733
22	23	0.7518	0.5809	0.5802
23	24	0.9980	0.8644	0.2859
24	25	0.7998	0.7357	0.3082
25	26	0.9997	0.7338	0.4787
25	27	0.9996	0.6925	0.4856
25	28	0.9501	0.8841	0.2976
26	27	0.9997	0.6013	0.6878
26	28	0.7001	0.5076	0.4927
27	28	0.9992	0.8717	0.5563
27	29	0.5506	0.4719	0.6026
27	32	0.5006	0.3694	0.4792
28	29	0.5505	0.5460	0.5529
29	30	0.6500	0.4229	0.3239
29	31	0.6504	0.7111	0.1647
29	32	0.6505	0.4360	0.2244
30	31	0.7503	0.7248	0.4099
30	32	0.8005	0.4925	0.3616
31	32	0.9492	0.6671	0.1962
32	34	0.7003	0.5823	0.9010
32	38	0.7998	0.6237	0.0311
32	58	0.6502	0.5280	0.7816
33	34	0.9989	0.8598	0.4998
33	35	0.9989	0.4517	0.5437
33	36	0.9983	0.6356	0.5479
33	37	0.7502	0.2110	0.2488
33	39	0.8964	0.8959	0.5037
33	40	0.9993	0.6171	0.5294
33	41	0.5507	0.6811	0.3690
33	42	0.9998	0.8198	0.4095
34	35	0.9986	0.7259	0.2615
34	36	0.7500	0.4878	0.5702
34	38	0.9495	0.4718	0.5396
34	40	0.5702	0.4191	0.6083
35	36	0.8990	0.7944	0.7864
35	37	0.9003	0.1044	0.2228
35	38	0.7001	0.4820	0.3121
35	39	0.6991	0.9047	0.3971
35	40	0.9500	0.5931	0.4127
35	42	0.7506	0.7459	0.4812
36	37	0.8689	0.5270	0.3989
36	38	0.8490	0.5052	0.5289
36	40	0.6493	0.6791	0.5999
37	38	0.8498	0.3124	0.0769
38	39	0.9937	0.9821	0.4548
38	40	0.9998	0.5323	0.5707
38	41	0.9980	0.9666	0.4830
38	42	0.9999	0.7000	0.5257
38	43	0.9995	0.7541	0.4177
38	44	0.7499	0.4538	0.4314
38	45	0.8998	0.6513	0.5410
39	40	0.9997	0.3289	0.8407
39	41	0.8993	0.5783	0.7734
39	42	0.9488	0.3430	0.4658
39	43	0.6006	0.5097	0.2943
40	41	0.9986	0.8939	0.6843
40	42	0.8996	0.5877	0.4045
40	43	0.9492	0.8749	0.4539
40	45	0.9496	0.5930	0.4062
41	42	0.9978	0.6475	0.4465
41	43	0.9499	0.5750	0.4388
41	45	0.8000	0.5344	0.5948
42	43	0.9995	0.6073	0.3161
42	44	0.7501	0.4204	0.5255
42	45	0.9988	0.4437	0.3831
43	44	0.9504	0.5124	0.5880
43	45	0.9501	0.3974	0.7759
44	45	0.8996	0.5343	0.5011
44	46	0.5505	0.3838	0.1977
45	46	0.9996	0.9048	0.1442
46	47	0.9996	0.7988	0.3069
46	48	0.8001	0.6590	0.6331
46	49	0.8502	0.6554	0.6725
46	50	0.6009	0.7179	0.4667
46	52	0.5005	0.6048	0.2422
46	58	0.6016	0.6573	0.5564
47	48	0.7999	0.7172	0.4002
47	49	0.5009	0.5544	0.5322
47	50	0.7509	0.6805	0.3975
48	49	1.0000	0.6885	0.5282
48	50	0.9001	0.6106	0.5929
48	51	0.7505	0.6430	0.3891
48	54	0.7505	0.6423	0.5469
49	50	0.9998	0.5772	0.5297
49	51	0.8502	0.4627	0.5573
49	52	0.9500	0.6840	0.4319
49	53	0.7005	0.4988	0.5373
49	54	0.8002	0.6208	0.6062
49	56	0.8001	0.6752	0.4570
50	51	0.9990	0.8153	0.4916
50	52	0.9000	0.5280	0.5090
50	53	0.9001	0.6739	0.5621
50	54	0.9500	0.7028	0.5712
50	55	0.7996	0.5964	0.5883
50	56	0.5505	0.6525	0.5119
50	57	0.8486	0.7287	0.5458
51	52	0.9999	0.5443	0.6706
51	54	0.7504	0.5299	0.5855
51	56	0.7999	0.4135	0.7695
52	53	0.9999	0.7131	0.5807
52	54	0.9999	0.6547	0.5328
52	55	0.7501	0.3347	0.4989
52	56	0.8504	0.4817	0.5388
52	57	0.7996	0.6268	0.6045
53	54	0.9999	0.7310	0.7012
53	56	0.9997	0.5517	0.6944
54	55	0.5500	0.5684	0.3502
54	56	0.9999	0.5905	0.7150
54	57	0.9494	0.7764	0.4819
55	56	0.7547	0.6214	0.5727
55	57	0.5513	0.5454	0.6192
56	57	0.9985	0.6912	0.5599
57	58	0.5506	0.6737	0.4155
58	64	0.5004	0.7036	0.5928
58	65	0.7114	0.5858	0.3298
59	60	0.6001	0.4938	0.3956
59	61	0.5004	0.6724	0.6696
59	64	0.6003	0.8362	0.6545
60	61	0.9985	0.5219	0.6613
60	62	0.8494	0.5647	0.5205
60	63	0.8501	0.5194	0.5248
60	64	0.9983	0.5184	0.5427
60	65	0.8494	0.6715	0.7029
60	66	0.9990	0.5626	0.6788
60	70	0.8992	0.4635	0.6653
60	71	0.5498	0.6005	0.3490
61	62	0.9975	0.9182	0.5004
61	63	0.7999	0.6868	0.3797
61	64	0.9995	0.7225	0.5739
61	65	0.9491	0.4548	0.7097
61	66	0.9992	0.7135	0.5438
61	70	0.8001	0.7501	0.5448
62	63	0.9988	0.8604	0.4862
62	64	0.9488	0.4797	0.6078
62	65	0.9984	0.6073	0.8621
62	66	0.9987	0.5743	0.7078
63	64	0.9488	0.4207	0.4594
63	65	0.9000	0.5585	0.6979
63	66	0.9987	0.5023	0.6896
63	67	0.5003	0.3500	0.6117
63	70	0.6004	0.5618	0.6866
63	71	0.6003	0.3946	0.3892
64	65	0.9992	0.5858	0.6090
64	66	0.9493	0.4134	0.6184
64	70	0.9992	0.4031	0.6336
65	66	0.9996	0.6552	0.5448
65	67	0.9000	0.7835	0.5215
65	68	0.6012	0.7305	0.7005
65	69	0.5506	0.6364	0.5327
65	70	0.9996	0.7014	0.6294
65	71	0.9485	0.7593	0.3236
65	72	0.9493	0.6729	0.6497
66	67	0.9991	0.8510	0.6863
66	69	0.8496	0.5625	0.5779
66	70	0.9996	0.5505	0.5514
66	71	0.9983	0.8187	0.6294
66	72	0.9490	0.7036	0.4605
67	68	0.9501	0.8435	0.4914
67	69	0.9496	0.7068	0.4895
67	70	0.9992	0.6772	0.7196
67	71	0.6502	0.6314	0.4972
67	72	0.8000	0.5560	0.3624
68	69	0.9996	0.6336	0.4231
68	70	0.9500	0.7009	0.5800
68	71	0.5996	0.5198	0.5701
68	72	0.8003	0.5594	0.4449
69	70	0.9997	0.6448	0.6065
69	71	0.7999	0.3477	0.4776
69	72	0.9500	0.6272	0.4868
70	71	0.9994	0.7288	0.5377
70	72	0.8997	0.5479	0.5077
71	72	0.8002	0.5472	0.4946
