0	1	1.0000	0.5035	0.4441
0	2	0.9499	0.5943	0.4353
0	8	0.9541	0.6181	0.7745
0	9	0.9970	0.3829	0.1551
1	2	0.9993	0.4481	0.3477
1	3	0.9997	0.4202	0.8015
1	4	0.9991	0.4890	0.2191
1	6	0.7495	0.6682	0.7182
1	8	0.9995	0.4266	0.8939
1	9	0.9487	0.3340	0.0879
2	3	0.9999	0.8040	0.8176
2	4	0.9996	0.7073	0.6836
2	5	1.0000	0.7658	0.4479
2	6	1.0000	0.6344	0.5372
2	7	0.9997	0.7423	0.9031
2	8	0.9995	0.3304	0.6252
3	4	0.9983	0.9941	0.0124
3	5	0.7477	0.9125	0.2993
4	5	0.9998	0.9718	0.2296
4	6	0.5522	0.7747	0.2079
5	6	0.9999	0.5143	0.4634
5	7	0.9994	0.3954	0.6946
6	7	0.9990	0.8984	0.6139
6	8	1.0000	0.6902	0.5195
7	8	0.9991	0.8637	0.1854
8	9	0.9995	0.9902	0.0485
