0	1	0.9997	0.5577	0.6090
0	2	0.9997	0.4948	0.3603
0	3	0.7500	0.8062	0.5729
0	4	0.9999	0.6940	0.5262
0	5	1.0000	0.6308	0.8167
0	6	1.0000	0.7179	0.3656
0	8	0.9983	0.9549	0.6137
0	9	0.9998	0.9062	0.1603
0	19	0.7506	0.1682	0.8599
1	2	1.0000	0.7878	0.2253
1	3	1.0000	0.4807	0.8900
1	4	0.9986	0.9406	0.0024
1	6	0.9996	0.5988	0.5589
1	9	1.0000	0.3249	0.7589
1	15	1.0000	0.0856	0.9849
1	16	0.9002	0.0239	0.7657
1	17	0.8017	0.0365	0.1767
1	19	0.9996	0.4174	0.3376
1	26	0.9007	0.1036	0.3183
2	3	1.0000	0.8468	0.4213
2	4	0.9998	0.5617	0.4987
2	5	1.0000	0.6322	0.7424
2	6	0.9980	0.3739	0.2129
2	8	0.9989	0.8783	0.5248
3	4	0.9999	0.4812	0.3482
3	26	0.6999	0.5828	0.3879
4	5	0.9986	0.9074	0.7088
4	8	0.7004	0.9634	0.5217
5	6	1.0000	0.8185	0.2276
5	8	1.0000	0.5146	0.6902
5	9	0.7503	0.8673	0.0921
6	8	0.9987	0.6667	0.5604
6	9	0.9999	0.5608	0.4177
6	14	0.9992	0.9948	0.4555
6	15	0.9999	0.5908	0.5312
6	19	0.9987	0.4394	0.7805
7	8	0.9985	0.9211	0.0423
7	14	0.9975	0.6359	0.1347
8	9	0.9995	0.7436	0.1463
8	14	0.9432	0.2929	0.6290
8	15	0.9484	0.9011	0.0170
9	10	0.9974	0.9995	0.3867
9	14	0.9972	0.7718	0.5757
9	15	0.9993	0.5500	0.5183
9	19	0.9984	0.5094	0.7611
9	21	0.9997	0.7305	0.4953
10	11	0.9998	0.3915	0.8276
10	12	0.9989	0.4359	0.6580
10	13	0.9985	0.4487	0.1772
10	14	0.9988	0.2760	0.1089
10	15	0.9987	0.0486	0.9818
10	16	0.9003	0.0815	0.4124
10	21	0.9999	0.0753	0.8854
11	13	0.9499	0.4287	0.4366
11	16	0.8715	0.6490	0.4887
11	17	0.5004	0.3644	0.2298
11	21	0.7491	0.8751	0.4936
12	13	0.9496	0.9307	0.2972
12	15	0.8491	0.6322	0.8709
12	21	0.9986	0.9435	0.7572
13	14	0.9495	0.5143	0.1491
13	15	0.9004	0.3539	0.9626
13	21	0.9495	0.5159	0.7594
14	15	1.0000	0.6673	0.3142
14	21	0.9987	0.6945	0.1158
15	16	0.8005	0.9727	0.2447
15	19	0.9987	0.6636	0.5346
15	20	0.9991	0.1055	0.9243
15	21	0.9982	0.6612	0.6587
15	25	0.7005	0.5113	0.8642
16	17	0.9494	0.8674	0.4635
16	19	0.9977	0.4510	0.1643
16	21	0.6990	0.2110	0.8802
16	22	0.9992	0.9963	0.5303
16	23	0.9491	0.7664	0.1858
16	25	0.7985	0.4287	0.3194
16	26	0.9989	0.9409	0.0812
17	18	0.9999	0.7084	0.4412
17	22	0.6496	0.6413	0.1337
17	23	0.9998	0.6516	0.4285
17	24	0.6004	0.6975	0.4898
17	26	1.0000	0.8338	0.5350
18	23	0.9997	0.4062	0.5141
18	26	0.9985	0.8328	0.6565
19	20	0.9986	0.9917	0.3831
19	21	1.0000	0.6190	0.9179
19	22	0.5512	0.0441	0.5547
19	25	1.0000	0.5806	0.8574
19	26	0.9504	0.0350	0.0258
20	21	0.9986	0.8161	0.1076
20	25	0.9988	0.6581	0.9169
21	25	0.9994	0.8485	0.7805
22	23	0.9990	0.4818	0.3127
22	24	0.6003	0.3824	0.6508
22	26	0.9984	0.5921	0.3808
23	24	0.9973	0.8779	0.2371
24	26	0.9977	0.5188	0.3416
