0	1	0.9998	0.6330	0.5768
0	2	0.9998	0.5302	0.6555
0	3	0.9501	0.6823	0.4808
1	2	1.0000	0.6564	0.4925
1	3	0.9998	0.6845	0.5297
1	4	0.9999	0.6980	0.2369
2	3	0.7909	0.3912	0.3875
2	4	0.9969	0.3659	0.1910
3	4	0.9982	0.6216	0.2096
3	16	1.0000	0.1186	0.9533
3	17	0.6511	0.1169	0.1075
3	22	0.9500	0.2515	0.9100
4	6	0.9994	0.7592	0.6434
4	11	0.7997	0.9953	0.2955
4	15	0.9999	0.9942	0.6396
4	16	0.9987	0.2600	0.7898
4	20	0.9996	0.9515	0.3537
4	21	0.6478	0.9463	0.3177
5	6	0.9963	0.6456	0.4467
5	7	0.9993	0.5726	0.5021
5	8	0.9499	0.9705	0.3891
5	9	1.0000	0.5839	0.8786
5	10	1.0000	0.5357	0.7835
5	11	0.9999	0.6186	0.4256
5	13	0.7485	0.9419	0.7607
5	14	0.9989	0.9380	0.2772
5	15	0.9999	0.7928	0.4835
6	7	0.9999	0.5962	0.2248
6	8	1.0000	0.4082	0.6726
6	9	0.5503	0.4747	0.0276
6	11	1.0000	0.2644	0.8111
6	15	0.9999	0.1325	0.9396
6	16	0.7491	0.0600	0.8204
6	20	1.0000	0.1652	0.7867
7	8	0.9986	0.8224	0.4583
7	9	0.9994	0.5571	0.6151
7	10	0.9958	0.6809	0.6746
7	11	0.9988	0.4869	0.5134
7	14	0.9987	0.9972	0.1092
8	9	0.9997	0.5774	0.3190
9	10	0.9966	0.9616	0.6651
10	11	0.9999	0.8821	0.1611
10	14	0.9998	0.4194	0.5374
11	13	0.9984	0.9828	0.5090
11	14	0.9998	0.7197	0.2427
11	15	0.9996	0.6113	0.5165
11	20	0.9996	0.5984	0.3046
12	13	0.9981	0.4819	0.2141
12	15	0.9999	1.0000	0.9988
12	16	0.9988	0.6044	0.9856
12	17	0.9472	0.8024	0.1182
12	20	0.8996	0.9624	0.2925
13	14	0.9981	0.9420	0.0007
13	15	0.9973	0.2152	0.7962
13	16	0.5492	0.1300	0.5995
13	17	0.9983	0.5061	0.2155
13	18	0.8500	0.1372	0.8354
13	19	0.8496	0.1293	0.1572
13	20	0.7505	0.1053	0.0892
14	15	0.9990	0.4525	0.1404
15	17	0.9987	0.9954	0.6409
15	18	0.6998	0.2847	0.1733
15	19	0.9991	0.4727	0.9734
15	20	1.0000	0.6724	0.2891
15	21	0.6985	0.7104	0.2705
16	17	0.7503	0.6195	0.1133
16	22	0.9986	0.1277	0.2997
17	18	0.7513	0.4960	0.9979
18	19	0.9988	0.9446	0.9654
19	20	0.9973	0.7692	0.0553
20	21	0.9998	0.6466	0.6138
21	22	0.9965	0.9911	0.3451
