0	1	0.9494	0.5464	0.5348
0	2	0.9987	0.7505	0.4213
1	2	0.9998	0.7617	0.4400
1	3	0.6495	0.6315	0.6125
1	4	0.7492	0.6117	0.4569
2	3	0.9489	0.5087	0.5213
2	4	0.6502	0.5961	0.4862
2	6	0.5008	0.3086	0.5161
2	7	0.6013	0.3906	0.4478
3	4	0.7998	0.4228	0.5055
3	5	0.9998	0.5176	0.3948
3	6	0.8996	0.4833	0.5087
3	7	0.7997	0.3938	0.6163
3	8	0.7001	0.6252	0.7090
3	9	0.8996	0.4004	0.5666
3	10	0.9000	0.5660	0.4066
3	11	0.7509	0.5276	0.3257
3	12	0.6002	0.4089	0.5633
3	13	0.8995	0.5091	0.4578
3	14	0.9993	0.3901	0.6386
4	5	0.9995	0.6520	0.5523
4	6	0.9990	0.5555	0.6547
4	7	0.9986	0.5027	0.5151
4	8	0.9995	0.6547	0.5431
4	9	0.9996	0.4379	0.5307
4	11	0.7514	0.3719	0.4966
4	12	0.5008	0.2615	0.4714
5	6	0.9991	0.5063	0.5868
5	7	0.9497	0.4746	0.4699
5	8	0.9497	0.6636	0.6204
5	9	0.9398	0.5127	0.4050
5	10	0.9499	0.6776	0.5092
5	11	0.9001	0.6575	0.4916
5	13	0.9490	0.5464	0.4956
6	7	0.9997	0.5520	0.4524
6	8	0.9994	0.6491	0.5205
6	9	0.9491	0.6062	0.4302
6	10	0.7989	0.4677	0.5274
6	13	0.8997	0.4569	0.4900
7	8	0.9998	0.5430	0.4795
7	9	0.9497	0.5395	0.4419
7	10	0.7503	0.4385	0.5688
7	11	0.5502	0.5235	0.5819
8	9	0.9998	0.5733	0.5714
8	10	0.7004	0.4553	0.5578
8	11	0.8001	0.4506	0.4885
8	12	0.5136	0.5256	0.5191
8	13	0.5507	0.4149	0.4315
9	10	0.9001	0.4888	0.3903
9	11	0.8002	0.4211	0.4875
9	13	0.7005	0.4314	0.5415
10	11	0.6504	0.5388	0.4809
10	12	0.8501	0.5680	0.4081
10	13	0.9498	0.3485	0.5301
10	14	0.9503	0.4478	0.5781
13	14	0.9991	0.5652	0.4211
13	15	0.7998	0.4385	0.1608
16	17	0.7501	0.6529	0.5777
17	18	0.6502	0.7461	0.6225
17	19	0.8502	0.6397	0.3567
17	23	0.5508	0.6937	0.3897
19	20	0.5047	0.5036	0.4342
19	21	0.5014	0.2882	0.3903
21	25	0.5003	0.4712	0.3008
22	23	0.5002	0.6956	0.6532
22	24	0.5504	0.4354	0.5164
22	28	0.6006	0.4862	0.2730
23	24	0.6162	0.4738	0.4969
23	25	0.7507	0.5968	0.5926
23	27	0.5011	0.3677	0.4162
23	28	0.5001	0.5540	0.3489
24	27	0.5002	0.5812	0.5835
25	26	0.5499	0.3577	0.4508
25	28	0.6485	0.4136	0.4261
26	28	0.9495	0.4496	0.3355
27	28	0.8995	0.6808	0.1604
28	29	0.9996	0.5297	0.5433
28	30	0.6498	0.2558	0.2988
28	32	0.7505	0.4865	0.2653
29	32	0.9995	0.6858	0.4680
29	34	0.7004	0.5815	0.5794
30	31	0.5724	0.6841	0.4298
30	32	0.5502	0.4756	0.2424
31	32	0.8993	0.5508	0.1340
31	34	0.9486	0.7296	0.3504
32	34	0.9498	0.5926	0.3735
33	34	0.8994	0.5859	0.4816
33	35	0.6005	0.5696	0.3369
33	37	0.7501	0.4100	0.5695
34	35	0.9480	0.5682	0.4629
34	36	0.8996	0.6063	0.3673
34	37	0.5005	0.3308	0.5821
35	36	0.7505	0.4970	0.3933
35	37	0.9989	0.3437	0.4432
35	38	0.5011	0.4223	0.4311
37	38	0.8984	0.4660	0.5740
37	39	0.8996	0.3999	0.4543
38	39	0.9495	0.5541	0.5447
38	40	0.6008	0.3523	0.3820
39	40	0.6501	0.5168	0.5181
39	41	0.5006	0.5232	0.3208
39	42	0.8495	0.4675	0.2519
40	42	0.9983	0.2828	0.4250
40	43	0.6509	0.4291	0.4245
41	42	0.9992	0.8321	0.5262
42	43	0.9987	0.2440	0.5109
44	60	0.6990	0.7324	0.6070
45	57	0.9000	0.5906	0.9970
45	58	0.9988	0.3734	0.6693
45	59	0.9999	0.6034	0.5649
45	60	0.9985	0.7502	0.6816
46	47	0.9996	0.9299	0.5063
46	49	0.9999	0.9112	0.3559
46	51	0.8483	0.2026	0.2879
46	55	0.8995	0.5426	0.6371
46	57	0.9986	0.6240	0.8031
47	48	0.9988	0.7184	0.6983
47	49	0.9986	0.3686	0.1903
47	50	0.7000	0.6356	0.9264
47	51	0.9975	0.6708	0.5256
47	52	0.9984	0.8596	0.3754
47	55	0.9994	0.9057	0.9686
47	57	0.9990	0.7584	0.4725
48	49	0.9999	0.9026	0.2203
48	50	0.7013	0.3901	0.7989
48	56	0.7505	0.7416	0.3625
48	57	0.9996	0.6362	0.2373
49	50	0.5505	0.5450	0.7414
49	56	0.9500	0.5137	0.9189
49	57	0.9997	0.5644	0.7272
50	55	0.9993	0.6860	0.2969
50	57	0.8501	0.7001	0.9011
51	52	0.7506	0.4747	0.3255
52	53	0.8990	0.6112	0.1247
52	55	1.0000	0.7820	0.9118
53	55	0.6017	0.0233	0.2818
53	57	0.9497	0.0056	0.9946
53	58	0.7503	0.6605	0.3433
54	58	0.9986	0.9093	0.4788
54	59	0.5001	0.5223	0.5882
55	57	0.9999	0.7669	0.7493
55	59	1.0000	0.4451	0.6678
55	60	0.6514	0.3829	0.3415
56	57	0.9986	0.5381	0.1845
57	58	0.9995	0.9942	0.3983
57	59	0.9995	0.9827	0.4965
57	60	0.9993	0.9984	0.2048
58	59	0.9996	0.6231	0.4706
58	60	0.9994	0.7289	0.4857
59	60	1.0000	0.5981	0.3900
61	63	0.8515	0.6661	0.3636
61	64	0.8499	0.6884	0.5598
61	67	0.8496	0.8459	0.5064
62	63	0.6481	0.4244	0.4852
62	64	0.9996	0.7422	0.4136
62	65	0.8501	0.6825	0.4472
62	67	0.9986	0.5844	0.2661
63	64	0.9997	0.7194	0.5269
63	65	0.7498	0.5242	0.4498
63	67	0.9488	0.5397	0.4106
64	65	0.9487	0.6625	0.4630
64	66	0.9999	0.6787	0.5688
64	67	0.9992	0.5310	0.3988
65	66	0.9996	0.6009	0.5973
65	67	0.9985	0.6214	0.3926
66	67	0.9988	0.5527	0.3642
