0	1	0.9998	0.4072	0.6913
0	2	0.9967	0.1874	0.5599
0	3	0.9973	0.9564	0.9937
0	4	0.9995	0.8358	0.9413
0	5	0.9986	0.3023	0.8699
0	8	0.6498	0.3790	0.0558
0	9	0.9961	0.3332	0.0061
0	31	0.9484	0.5488	0.6707
0	32	0.5517	0.1469	0.4935
1	2	0.8998	0.9185	0.2720
1	3	0.6520	0.0731	0.9003
1	4	0.9997	0.8385	0.9928
1	8	0.9995	0.9325	0.1872
1	9	1.0000	0.9779	0.1404
2	3	0.9484	0.9854	0.3480
2	5	1.0000	0.7333	0.4221
2	6	0.9984	0.2456	0.3018
2	9	0.9975	0.4547	0.0860
2	10	0.9993	0.4296	0.3828
2	13	0.9971	0.6053	0.1446
2	31	0.7993	0.8277	0.5300
2	32	0.9990	0.9284	0.6998
3	4	0.9992	0.9316	0.3097
3	5	0.9965	0.4182	0.0217
3	8	0.7996	0.8996	0.1658
3	9	0.8485	0.7125	0.3415
3	10	0.5005	0.4182	0.5601
3	31	0.9980	0.3227	0.6413
3	32	0.7490	0.2863	0.1219
4	8	0.8483	0.9874	0.2113
4	9	0.9989	0.8964	0.0404
5	6	0.9998	0.4933	0.3125
5	9	0.9983	0.5991	0.1027
5	10	0.9995	0.2062	0.5511
5	11	0.9994	0.1375	0.7727
5	13	0.9988	0.2470	0.2683
5	14	0.9500	0.0327	0.0708
5	32	0.6007	0.1395	0.1215
6	9	0.9982	0.9071	0.8989
6	10	0.9989	0.9895	0.7142
6	11	0.9497	0.7079	0.9936
6	12	0.9984	0.9529	0.9805
6	13	0.9972	0.7780	0.4123
6	14	0.9479	0.9550	0.1771
7	8	0.7499	0.8433	0.3219
8	9	0.9980	0.4271	0.2032
9	10	0.9494	0.9931	0.6128
10	11	0.9970	0.9301	0.6333
10	12	0.9974	0.8350	0.4827
11	13	0.9953	0.6765	0.3436
12	13	0.8972	0.8907	0.3341
12	14	0.5999	0.6502	0.2052
12	25	0.5001	0.4279	0.5385
12	28	0.8972	0.8695	0.1797
13	14	0.9988	0.8438	0.2083
13	16	0.9979	0.4419	0.2602
13	25	0.8992	0.3667	0.2200
13	27	0.7008	0.4126	0.7278
13	28	0.9988	0.6386	0.2616
13	31	0.9999	0.8132	0.7161
13	32	0.8988	0.5149	0.4866
14	15	0.9989	0.8678	0.4907
14	16	1.0000	0.3660	0.4295
14	17	0.6504	0.7146	0.1269
14	22	0.9977	0.9321	0.6459
14	24	0.9992	0.9315	0.9121
14	25	0.9494	0.5984	0.3274
14	27	0.9999	0.8609	0.9576
14	28	0.9979	0.4984	0.0408
14	31	0.8126	0.3885	0.3035
15	16	0.9999	0.6114	0.3472
15	17	0.9992	0.4724	0.4723
15	18	0.9990	0.9711	0.2831
15	19	0.9998	0.5846	0.4875
15	20	0.9498	0.9753	0.0154
15	21	0.9987	0.7643	0.7968
15	22	0.9998	0.5306	0.5335
15	24	0.9002	0.6938	0.5370
16	17	0.9999	0.5490	0.2547
16	18	1.0000	0.1892	0.8240
16	22	0.9999	0.3300	0.6901
17	18	0.9979	0.9588	0.5316
17	19	0.9999	0.5441	0.4543
17	20	0.9994	0.9955	0.0023
17	21	0.9979	0.6429	0.7347
17	22	0.9979	0.2824	0.1900
18	19	0.9997	0.7060	0.5046
18	20	0.9498	0.1517	0.9240
19	20	0.9979	0.9157	0.0188
19	21	0.9981	0.7683	0.6042
20	21	1.0000	0.0044	0.1084
21	22	0.9996	0.7611	0.1577
21	23	0.9997	0.3367	0.9392
22	23	0.9990	0.9443	0.7312
22	24	0.9997	0.4612	0.3444
22	27	0.9991	0.6741	0.1930
23	24	0.9999	0.7408	0.2529
23	25	0.9498	0.0610	0.4869
23	26	0.9999	0.4494	0.8617
23	27	0.9989	0.3663	0.0276
24	25	0.9998	0.9279	0.2400
24	26	0.7499	0.6872	0.7239
24	27	0.9999	0.6492	0.4389
25	26	0.9970	0.6887	0.1202
25	27	0.9997	0.4309	0.5126
26	27	0.9977	0.6405	0.1547
27	28	0.9995	0.6896	0.5209
27	29	0.9988	0.6283	0.8022
28	29	0.6999	0.5360	0.6688
29	30	0.7995	0.7118	0.7782
29	31	0.9985	0.9847	0.3362
30	31	0.9969	0.6664	0.0615
30	32	0.9982	0.6963	0.0477
31	32	0.9992	0.4518	0.4199
