0	1	0.9977	0.7910	0.4696
0	2	0.9998	0.1624	0.7784
0	3	0.9998	0.4199	0.4821
0	4	1.0000	0.5605	0.8641
0	5	0.9997	0.5359	0.4220
0	6	0.9998	0.9584	0.2528
0	7	0.9986	0.7590	0.6977
0	17	0.9999	0.2806	0.8051
1	2	0.9977	0.9826	0.0606
1	3	0.9999	0.6008	0.6377
1	5	1.0000	0.3923	0.7354
1	6	0.9505	0.0145	0.0237
1	7	1.0000	0.2870	0.9949
1	15	0.9507	0.3545	0.9702
1	16	0.9960	0.2696	0.1681
1	17	1.0000	0.7319	0.3424
2	3	0.9956	0.5462	0.1309
2	5	0.9975	0.5617	0.0657
2	17	0.9992	0.5995	0.9195
3	4	0.9988	0.8015	0.7363
3	5	0.9998	0.6147	0.2286
3	17	0.9495	0.0241	0.7150
4	5	1.0000	0.9031	0.2545
4	6	0.9999	0.4554	0.5433
4	8	0.9983	0.2645	0.3605
5	6	0.9999	0.5985	0.3904
5	7	0.9995	0.5153	0.5870
5	9	0.9994	0.5637	0.3016
5	15	0.7998	0.5812	0.5517
5	17	0.9998	0.3073	0.7590
6	7	0.9998	0.5175	0.4336
6	8	0.9998	0.2960	0.5771
6	9	0.9973	0.4287	0.1610
6	12	0.5007	0.2144	0.7518
6	13	0.9960	0.4781	0.0092
6	14	0.5473	0.1142	0.3263
7	8	0.9991	0.5568	0.8085
7	9	1.0000	0.6479	0.3356
7	13	1.0000	0.7586	0.3238
7	14	0.9988	0.9759	0.3954
7	15	0.9996	0.8290	0.5847
7	17	1.0000	0.4879	0.8729
8	9	0.9998	0.7813	0.3481
8	11	0.9994	0.1731	0.6243
8	12	0.8504	0.7231	0.5526
8	13	0.9990	0.7999	0.1874
9	10	0.9491	0.9972	0.6790
9	11	0.9987	0.9962	0.3966
9	13	0.9988	0.4531	0.4099
9	14	0.9999	0.9372	0.4966
9	15	0.9999	0.3675	0.4882
9	17	0.9482	0.0652	0.8224
10	11	1.0000	0.6745	0.6490
10	14	0.6512	0.5317	0.0915
11	12	0.9977	0.6370	0.1290
11	14	0.7004	0.4404	0.1335
12	13	0.7002	0.7786	0.0902
13	14	1.0000	0.6780	0.3822
13	15	0.9996	0.4573	0.5079
13	17	1.0000	0.3483	0.6770
14	15	0.9978	0.4344	0.1275
15	16	0.9992	1.0000	0.5311
15	17	0.9961	0.7992	0.5651
16	17	0.9951	0.6984	0.0314
