0	1	1.0000	0.5443	0.4742
0	12	0.9492	0.5161	0.4242
0	13	0.9992	0.5482	0.5837
0	14	0.9494	0.7222	0.3465
1	2	0.7504	0.7453	0.1772
1	6	0.6007	0.5275	0.0967
1	12	0.9970	0.3794	0.5553
1	13	0.9997	0.5518	0.3970
1	14	0.7998	0.2740	0.2857
2	3	0.6005	0.6465	0.2740
2	11	0.9988	0.8055	0.8736
2	12	1.0000	0.2617	0.9084
2	13	0.9997	0.3518	0.3432
2	14	1.0000	0.6287	0.4910
3	4	0.9999	0.6656	0.7472
3	5	0.9997	0.0249	0.6320
3	6	0.9996	0.4801	0.4693
3	10	0.8001	0.3747	0.4022
3	11	0.9991	0.6164	0.8011
3	13	0.5005	0.4385	0.3588
3	14	0.9995	0.2174	0.2823
4	5	0.6001	0.8427	0.2424
4	6	0.9996	0.8047	0.7677
4	8	0.6007	0.8377	0.1203
4	10	0.9998	0.8364	0.1929
4	11	0.9476	0.7788	0.1703
5	6	0.9969	0.6295	0.0464
6	7	0.9968	0.9833	0.4100
6	8	0.9491	0.8591	0.5787
6	9	0.9487	0.9315	0.3814
6	10	1.0000	0.7656	0.4743
6	11	1.0000	0.5913	0.5746
6	12	0.7993	0.2837	0.3207
6	14	0.5520	0.0971	0.2825
7	8	0.9999	0.8130	0.6446
7	9	0.7998	0.6981	0.3892
7	10	0.7002	0.7226	0.4008
7	11	0.8976	0.7871	0.3565
8	9	0.8497	0.4336	0.5312
8	10	0.9983	0.3477	0.3686
8	11	0.9986	0.4639	0.3415
9	10	0.9987	0.5913	0.5332
9	11	0.9980	0.7684	0.3286
10	11	1.0000	0.5502	0.4397
10	14	0.8001	0.7618	0.4372
11	12	0.9989	0.9641	0.3786
11	13	0.8209	0.7334	0.4168
11	14	0.6506	0.9577	0.2712
12	13	0.9996	0.5585	0.6051
12	14	0.7017	0.0504	0.1166
13	14	1.0000	0.9547	0.2507
