0	1	0.9989	0.9794	0.2404
0	2	0.9999	0.5940	0.4603
0	3	0.9997	0.6152	0.5093
0	4	0.9495	0.6240	0.6831
0	6	0.5506	0.8009	0.3728
0	7	0.9997	0.5591	0.5000
0	8	0.9999	0.5962	0.5180
1	2	0.7992	0.6971	0.1726
1	3	0.9977	0.6857	0.5614
1	7	0.6003	0.4813	0.1324
1	8	0.6498	0.6028	0.7706
2	3	0.9998	0.5908	0.5554
2	4	0.9993	0.6205	0.5239
2	7	0.9995	0.6290	0.5582
2	8	0.9996	0.6972	0.5560
3	4	0.9995	0.6627	0.5659
3	6	0.6501	0.6813	0.4202
3	7	0.9995	0.6664	0.6144
3	8	0.9996	0.6372	0.5665
4	6	0.8500	0.6603	0.6344
4	7	0.9996	0.6152	0.3686
4	8	0.9503	0.6018	0.5919
5	7	0.8499	0.5548	0.4584
6	7	0.9994	0.6296	0.2327
7	8	0.9992	0.4713	0.4761
8	9	0.5500	0.7697	0.2291
9	10	0.9482	0.7579	0.7888
9	11	0.9989	0.8069	0.5740
9	12	0.9486	0.4837	0.4996
9	13	0.8995	0.8783	0.5507
9	14	0.9988	0.6155	0.6152
9	21	0.9988	0.4938	0.4136
9	22	0.9990	0.7621	0.4686
9	25	0.9985	0.4842	0.4821
9	26	0.5508	0.6315	0.4265
9	27	0.8982	0.5395	0.5707
9	28	0.9994	0.5288	0.9521
9	29	0.9483	0.5466	0.5050
9	30	0.8995	0.5456	0.7389
9	31	0.9993	0.3712	0.1145
9	32	0.9001	0.1783	0.8088
9	33	0.6004	0.3779	0.5449
9	34	0.5999	0.4819	0.6427
10	11	0.9395	0.9026	0.3331
10	12	0.9992	0.8434	0.9484
10	13	0.8388	0.8696	0.4588
10	14	0.6489	0.3832	0.5437
10	29	0.5995	0.5927	0.6377
10	30	0.6996	0.6544	0.4225
10	31	0.8002	0.8180	0.1451
10	33	0.7494	0.8872	0.5065
11	12	0.9995	0.7365	0.4640
11	13	1.0000	0.6124	0.6524
11	14	0.9970	0.5326	0.0788
11	29	0.5004	0.4801	0.6731
11	30	0.5505	0.5913	0.6491
11	31	0.7988	0.6995	0.2430
11	32	0.9012	0.9506	0.3681
11	33	0.7516	0.7949	0.4093
12	13	0.9978	0.8717	0.5194
12	14	0.9497	0.6302	0.5032
12	20	0.9494	0.5862	0.9261
12	21	0.9973	0.5700	0.7430
12	22	0.8004	0.8932	0.3751
12	25	0.9982	0.5924	0.6178
12	27	0.9976	0.7463	0.7546
12	29	0.9966	0.5266	0.7505
12	30	0.9002	0.5968	0.5099
12	31	0.9982	0.4655	0.0589
12	32	0.9996	0.0773	0.4542
13	14	0.9987	0.6523	0.2767
14	15	0.9494	0.8976	0.4894
14	18	0.9500	0.8385	0.5556
14	19	0.7008	0.7785	0.5186
14	20	0.9993	0.6563	0.6918
14	21	0.9493	0.7220	0.7020
14	22	0.8996	0.7968	0.4888
14	25	0.9498	0.7953	0.4071
14	27	0.5493	0.8282	0.7186
15	16	0.9991	0.7753	0.6470
15	17	0.5503	0.4285	0.4562
15	18	0.9990	0.5420	0.4797
15	19	0.9982	0.5899	0.6902
15	20	0.6863	0.6511	0.4305
16	17	0.7992	0.7406	0.3589
16	18	0.8494	0.5255	0.4610
16	19	0.6004	0.4775	0.6313
17	18	0.8000	0.4329	0.3790
17	19	0.9989	0.7022	0.5473
18	19	0.9979	0.5446	0.6520
18	20	0.9490	0.3419	0.3635
19	20	0.9989	0.9780	0.3199
19	24	0.6503	0.9222	0.2554
20	21	0.9994	0.8365	0.1614
20	24	0.7996	0.4112	0.7076
21	22	0.9001	0.6562	0.4925
21	24	0.9996	0.5620	0.7871
21	25	1.0000	0.7541	0.5246
21	27	0.8496	0.7851	0.4672
22	23	0.9984	0.7098	0.3159
22	24	0.8993	0.7358	0.4537
22	25	0.9993	0.7358	0.7332
22	26	0.8498	0.7472	0.6243
23	24	0.9994	0.8276	0.1319
23	25	1.0000	0.3528	0.9476
23	26	0.7503	0.4633	0.4000
23	27	0.7057	0.3281	0.2525
23	28	0.9492	0.6907	0.5088
24	25	0.9999	0.7788	0.1790
24	26	1.0000	0.3463	0.8505
25	26	0.9986	0.9172	0.4393
25	27	0.9999	0.6766	0.4844
25	28	0.8994	0.5499	0.7886
25	29	0.9997	0.6782	0.4830
26	27	0.9989	0.6118	0.2989
26	28	0.9999	0.4295	0.8476
26	29	0.5006	0.4079	0.3753
27	28	0.9998	0.3599	0.8233
27	29	0.9984	0.5735	0.5948
28	29	0.9999	0.8481	0.1865
28	30	0.9996	0.5257	0.5953
28	34	0.7496	0.5751	0.4935
28	36	0.9485	0.8161	0.4614
28	37	0.9496	0.7919	0.3877
28	38	0.9969	0.8527	0.4016
28	39	0.8995	0.8256	0.8198
28	40	0.7487	0.7623	0.3811
29	30	0.9987	0.9365	0.5903
29	31	0.9998	0.8420	0.2757
29	32	0.5174	0.7483	0.5684
30	31	0.8987	0.5786	0.5475
30	32	0.9997	0.6757	0.2675
30	38	0.6999	0.6318	0.7778
31	32	0.7486	0.8456	0.2798
32	33	0.9981	0.9459	0.7053
32	34	0.6505	0.8178	0.1862
32	37	0.9987	0.9146	0.6046
32	38	0.9999	0.7769	0.8575
32	39	0.9993	0.8931	0.6562
32	40	0.7998	0.6988	0.3611
32	41	0.5486	0.5545	0.7530
32	43	0.6008	0.5710	0.3065
33	34	0.6998	0.7568	0.3277
33	36	0.8997	0.6562	0.7237
33	37	0.9994	0.6821	0.5749
33	38	0.9998	0.6886	0.8275
33	39	0.8995	0.7355	0.5683
33	40	0.6001	0.6982	0.2960
34	35	0.5502	0.6316	0.4698
34	36	0.9497	0.5756	0.5799
34	37	0.9994	0.5819	0.5437
34	38	0.9490	0.4565	0.5244
34	39	0.8499	0.5887	0.6286
35	36	0.6003	0.5167	0.1922
36	37	0.9997	0.7399	0.5751
36	38	0.8509	0.6743	0.4825
36	39	0.6002	0.7366	0.5334
36	40	0.7004	0.4649	0.4361
36	42	0.5510	0.4688	0.4940
37	38	1.0000	0.5514	0.5374
37	39	0.9999	0.5975	0.7024
37	40	0.9992	0.5849	0.2236
37	42	0.9495	0.5139	0.8703
37	43	0.5008	0.4244	0.7768
37	45	0.6004	0.3797	0.6613
38	39	0.9994	0.7624	0.5122
38	40	0.8992	0.5047	0.3900
38	42	0.8988	0.4789	0.7740
39	40	0.9989	0.7916	0.4852
39	42	0.8000	0.5271	0.6512
40	42	0.9486	0.4742	0.6463
40	44	0.8499	0.5651	0.5823
40	45	0.6007	0.4034	0.5410
41	42	0.9986	0.7725	0.4237
41	43	0.7001	0.8158	0.6914
41	44	0.6844	0.6581	0.2701
41	45	0.9001	0.7694	0.4641
42	43	0.9495	0.7680	0.6790
42	45	0.9996	0.7599	0.4704
43	44	0.6503	0.7631	0.6363
43	45	1.0000	0.6537	0.4700
