0	2	0.8500	0.6409	0.8248
0	3	0.7002	0.7853	0.5771
0	5	0.6501	0.6346	0.4952
0	6	0.7492	0.8264	0.5282
0	9	0.5538	0.5121	0.7231
1	2	0.9987	0.4134	0.3663
1	3	0.8494	0.4126	0.3805
1	5	0.6013	0.2885	0.3967
1	6	0.9986	0.5604	0.5287
1	7	0.8995	0.3587	0.3848
1	9	0.9994	0.5585	0.4470
2	3	0.9992	0.7231	0.4787
2	4	0.8987	0.8723	0.5711
2	5	0.9985	0.7009	0.5490
2	6	0.9998	0.6609	0.4331
2	7	0.9981	0.5433	0.5694
2	8	0.9487	0.5787	0.6317
2	9	0.9497	0.5228	0.3035
3	4	0.9989	0.7653	0.6173
3	5	0.9992	0.6335	0.7617
3	6	0.9989	0.6814	0.4018
3	7	0.7002	0.4190	0.6713
3	9	0.9494	0.4931	0.4282
4	5	0.9972	0.8825	0.4159
4	6	0.8491	0.7593	0.1620
5	6	0.9982	0.5756	0.0909
5	7	0.7571	0.4733	0.7988
5	8	0.7371	0.4149	0.5609
5	9	0.9487	0.7066	0.0933
6	7	0.9976	0.3828	0.6703
6	8	0.9993	0.0722	0.7041
6	9	0.5341	0.4604	0.2733
7	8	0.9997	0.9548	0.6571
7	9	0.9492	0.5812	0.4103
7	14	0.7003	0.6664	0.3923
8	9	0.9981	0.6853	0.1579
8	14	0.8003	0.5705	0.4450
9	14	0.7010	0.4673	0.3510
10	11	0.9979	0.6129	0.0586
11	12	0.9994	0.6590	0.7804
11	13	0.7002	0.6370	0.4173
11	14	0.5007	0.6243	0.1876
11	16	0.7004	0.6207	0.5616
11	18	0.7020	0.3903	0.6212
12	13	0.8499	0.6973	0.4077
12	15	0.8497	0.7866	0.2319
13	14	0.9990	0.7852	0.3840
13	16	0.5929	0.3197	0.5873
15	16	0.9999	0.5574	0.5045
15	17	0.7010	0.4227	0.3879
15	18	0.9999	0.7375	0.6211
16	17	0.9974	0.8981	0.3195
16	18	0.5007	0.5621	0.5049
17	18	0.9500	0.7084	0.6141
