0	1	0.9975	0.7181	0.0120
0	5	0.9495	0.9609	0.9998
0	9	1.0000	0.4007	0.6720
0	12	0.9997	0.4844	0.9986
1	2	0.9999	0.6529	0.3275
1	4	0.9994	0.5152	0.5479
1	5	1.0000	0.4767	0.4363
1	7	0.9997	0.6450	0.4528
1	8	0.7027	0.7730	0.9542
1	9	0.9499	0.4004	0.2072
2	3	0.9999	0.5197	0.4186
2	4	1.0000	0.4909	0.2971
2	5	0.9999	0.3663	0.4808
2	6	1.0000	0.7435	0.8564
2	7	0.9996	0.5314	0.4825
2	8	0.9999	0.7151	1.0000
2	9	0.9993	0.4681	0.0828
3	4	0.9987	0.6775	0.1173
3	5	0.9968	0.6330	0.6815
3	7	0.9991	0.4853	0.2714
4	5	0.9983	0.5009	0.5503
4	6	0.9995	0.0001	0.9993
4	7	1.0000	0.0001	0.2500
4	9	0.6036	0.0000	0.6521
5	6	0.9995	1.0000	1.0000
5	7	1.0000	0.8314	0.3425
5	9	0.9998	0.9997	0.5632
6	7	1.0000	0.9843	0.0944
6	9	1.0000	0.6928	0.9542
7	8	0.9985	0.8225	0.7334
7	9	0.9991	0.1748	0.2730
9	12	1.0000	0.8798	0.9999
10	12	1.0000	0.5045	0.5742
10	13	0.9992	0.8419	0.6088
10	15	0.9997	0.9197	0.6192
10	19	0.9999	0.5446	0.4289
10	20	0.9999	0.5204	0.5149
11	12	0.9968	0.5862	0.0274
11	18	1.0000	0.9600	0.4921
11	19	0.7785	0.8182	0.1776
12	13	0.9997	0.5556	0.4501
12	15	1.0000	0.5206	0.8153
12	16	0.5001	0.3936	0.6868
12	17	0.9497	0.2488	0.5396
12	18	0.9978	0.0643	0.5359
12	19	0.9999	0.5553	0.5843
12	20	1.0000	0.5074	0.4814
13	14	0.9985	0.9556	0.7965
13	15	1.0000	0.6640	0.4318
13	16	0.9990	0.9525	0.7172
13	17	0.9997	0.8916	0.4638
13	18	0.9989	0.9886	0.6014
13	19	0.9998	0.5333	0.4735
13	20	1.0000	0.6177	0.4340
14	15	0.9987	0.9703	0.6637
15	16	0.9493	0.8318	0.7120
15	17	0.9986	0.4506	0.4501
15	18	0.9990	0.9660	0.7085
15	19	0.9987	0.3744	0.4549
16	17	0.5506	0.7167	0.3656
17	18	0.9500	0.7654	0.8708
17	19	0.9983	0.6348	0.1097
18	19	1.0000	0.8469	0.1517
18	20	0.6515	0.6612	0.9516
19	20	0.9998	0.4112	0.3574
