1	2	0.8501	0.8287	0.4784
1	3	0.9986	0.6644	0.6382
1	4	0.5509	0.6174	0.5262
1	17	0.6504	0.6742	0.1832
2	3	0.6006	0.5156	0.3806
3	4	0.7496	0.6991	0.5318
4	5	0.6976	0.6197	0.4101
5	6	0.9488	0.6459	0.4338
5	7	0.6005	0.5129	0.4314
5	8	0.9493	0.7204	0.1954
5	10	0.5506	0.8198	0.7558
5	11	0.7004	0.8081	0.1569
5	25	0.5501	0.3697	0.6367
6	7	0.9978	0.8221	0.4234
6	8	0.7985	0.5696	0.5222
6	9	0.6500	0.5084	0.5063
6	11	0.9484	0.6008	0.5322
6	15	0.5495	0.5740	0.6556
7	8	0.9978	0.5519	0.2559
7	9	0.5005	0.4922	0.6224
7	10	0.7000	0.5250	0.8049
7	11	0.9497	0.6152	0.1605
8	9	0.9498	0.7713	0.4697
8	10	0.7499	0.4764	0.7525
8	11	0.9983	0.5127	0.4949
8	15	0.8482	0.4415	0.5039
8	16	0.6005	0.6064	0.4523
8	17	0.5523	0.6832	0.1972
8	25	0.5046	0.5492	0.6598
9	10	0.9996	0.8394	0.4632
9	11	0.9997	0.5775	0.6852
9	12	0.6507	0.2414	0.6870
9	13	0.6001	0.3769	0.5684
9	14	0.6808	0.4417	0.3512
9	15	0.9492	0.6071	0.3511
9	16	0.5507	0.4069	0.7276
10	11	0.9989	0.9526	0.0564
10	12	0.7003	0.3335	0.5256
10	13	0.9494	0.2338	0.9023
10	14	0.5503	0.4932	0.6216
10	15	0.9977	0.9260	0.1226
10	16	0.8500	0.9111	0.8548
10	17	0.9491	0.4984	0.2325
11	12	0.9980	0.9692	0.2620
11	14	0.9995	0.5773	0.7794
11	15	0.9993	0.4720	0.4906
11	16	0.9970	0.4965	0.5774
11	17	0.7996	0.5809	0.1514
12	13	0.9995	0.8007	0.3873
12	14	0.8992	0.4097	0.2042
12	15	0.9501	0.2957	0.5324
12	16	0.9998	0.2961	0.9085
12	17	0.9996	0.8756	0.3381
13	14	0.9490	0.7983	0.1578
13	17	0.7003	0.6500	0.3786
14	15	0.9986	0.7143	0.1436
14	16	0.9500	0.7055	0.8199
14	17	0.8301	0.5308	0.2464
15	16	0.9495	0.4508	0.5501
15	17	0.5003	0.1884	0.1814
17	18	0.9989	0.8974	0.6379
17	19	0.9989	0.6762	0.2664
17	20	0.6009	0.7712	0.3349
18	19	0.9967	0.7653	0.0494
19	20	0.9999	0.5532	0.4315
20	21	0.8999	0.5747	0.3671
20	22	0.6998	0.4839	0.6315
20	23	0.9981	0.4664	0.4929
20	24	0.5009	0.5898	0.6120
20	25	0.7730	0.7927	0.4471
21	22	0.9980	0.4532	0.2989
21	25	0.7676	0.2251	0.3733
22	23	0.7003	0.8120	0.3054
22	24	0.5409	0.5793	0.4831
22	25	0.8984	0.7889	0.5774
23	24	0.9993	0.5257	0.5415
23	25	0.8004	0.5272	0.2451
23	26	0.9494	0.5446	0.5426
24	25	0.8999	0.6262	0.3445
24	26	0.9989	0.7740	0.5368
25	26	0.9996	0.7236	0.3707
26	27	0.9995	0.8340	0.4346
26	28	0.9988	0.9141	0.6572
27	28	0.9999	0.7445	0.4409
