0	1	0.7006	0.5779	0.4729
0	2	0.5002	0.5921	0.5524
0	3	0.9500	0.6223	0.4634
0	4	0.6533	0.5734	0.5574
0	8	0.5498	0.4765	0.5044
0	9	0.6505	0.6589	0.5669
0	10	0.8988	0.4488	0.5564
0	11	0.9989	0.5504	0.4661
0	12	0.9995	0.6802	0.5903
0	13	0.6503	0.5006	0.3234
1	2	0.8003	0.5551	0.6193
1	3	0.7498	0.3733	0.2546
1	11	0.6500	0.7846	0.5341
2	3	0.8500	0.7676	0.2366
3	4	0.9994	0.8623	0.4659
3	5	0.9993	0.4525	0.3157
3	8	0.7003	0.3646	0.6319
3	9	0.8995	0.3309	0.5251
3	10	0.9496	0.3358	0.5069
3	11	0.9500	0.5201	0.5482
3	12	0.9501	0.4335	0.3465
4	6	0.5502	0.8432	0.9626
4	8	0.6567	0.6210	0.3929
4	10	0.7999	0.6073	0.6458
4	11	0.5009	0.4589	0.7032
5	6	0.7003	0.6117	0.4923
5	8	0.8986	0.4857	0.5461
6	7	0.7502	0.6895	0.5457
6	8	0.9495	0.5434	0.4369
7	8	0.8994	0.5805	0.2014
7	9	0.6004	0.5118	0.7195
7	10	0.6498	0.6794	0.2050
8	9	0.9988	0.5672	0.5269
8	10	0.9500	0.6735	0.4220
8	11	0.9474	0.7226	0.3575
9	10	0.9996	0.5106	0.4064
9	11	0.8860	0.4123	0.3136
10	11	0.9998	0.7769	0.2689
10	12	0.9997	0.5926	0.4052
10	13	0.8500	0.6984	0.3366
11	12	0.9982	0.6015	0.1462
11	13	0.8998	0.4170	0.6078
11	14	0.8998	0.6126	0.6439
12	13	0.9996	0.7206	0.5183
12	14	0.6502	0.3683	0.4931
