0	1	0.9996	0.4953	0.4921
0	3	0.6497	0.4828	0.7061
0	4	0.9998	0.4882	0.4676
0	5	0.9998	0.5985	0.4444
1	3	0.8501	0.8756	0.7247
1	4	0.9998	0.7230	0.4830
1	5	0.9998	0.5091	0.3185
1	14	0.9998	0.4477	0.5269
2	3	0.9989	0.6743	0.6623
2	4	0.8008	0.2373	0.0677
2	13	0.9482	0.2528	0.6561
3	4	0.9993	0.8119	0.1099
3	5	0.8000	0.8559	0.8881
3	6	0.7506	0.6906	0.5569
3	13	0.5503	0.4436	0.4850
4	5	0.9995	0.6713	0.6112
4	6	0.5007	0.5771	0.4863
4	7	0.8497	0.4706	0.5421
4	13	0.6013	0.2055	0.6185
4	14	0.9004	0.4302	0.5133
5	6	0.6219	0.5434	0.3734
5	7	0.7002	0.5573	0.3531
6	7	0.9996	0.5080	0.4751
6	8	0.9986	0.2215	0.3468
6	9	0.9997	0.5929	0.6745
6	10	0.9984	0.8608	0.6587
6	11	0.5504	0.5466	0.5671
6	12	0.5506	0.5760	0.3231
7	8	0.9964	0.9736	0.5107
7	9	1.0000	0.5968	0.5670
7	10	0.9983	0.7777	0.2707
7	11	0.8000	0.5812	0.4699
7	12	0.9979	0.5745	0.3803
7	13	0.5501	0.4403	0.5231
7	14	0.7502	0.5729	0.3113
8	9	0.9477	0.8746	0.1654
9	10	0.9983	0.7331	0.4548
9	11	0.9497	0.5862	0.4541
9	12	0.9990	0.6822	0.4292
9	14	0.7502	0.5701	0.5070
10	11	0.9982	0.5395	0.3646
10	12	0.9980	0.4407	0.2082
10	13	0.8493	0.3692	0.1993
10	14	0.9997	0.4836	0.7928
11	12	0.9998	0.7237	0.4218
11	13	0.9495	0.4369	0.3420
11	14	0.8997	0.4968	0.5433
11	15	0.5993	0.5941	0.3755
11	16	0.6003	0.4480	0.3551
11	17	0.5506	0.4849	0.4351
11	18	0.5483	0.5786	0.5450
12	13	0.9989	0.6340	0.3329
12	14	0.9998	0.6044	0.4424
12	16	0.7496	0.2693	0.2958
12	17	0.7521	0.2489	0.6114
12	18	0.8499	0.4924	0.5529
13	14	1.0000	0.7138	0.2375
13	15	0.9494	0.2397	0.5761
13	16	0.6012	0.1094	0.3313
13	18	0.9986	0.2640	0.5818
13	21	0.7495	0.3826	0.4544
14	16	0.7500	0.8404	0.3881
14	18	0.6992	0.5685	0.4517
14	19	0.8992	0.7516	0.6427
15	19	0.9992	0.3662	0.7456
16	17	0.9497	0.4022	0.1973
16	18	0.8500	0.4460	0.2863
16	19	0.9997	0.5055	0.9145
16	20	0.5010	0.3628	0.4261
17	18	0.9505	0.9013	0.3026
17	19	0.9997	0.5713	0.5218
17	20	0.9000	0.7320	0.5818
17	21	0.6504	0.5289	0.5100
18	19	0.9976	0.7027	0.0526
18	20	0.9498	0.5538	0.7299
18	21	0.8999	0.5386	0.5170
19	20	0.9995	0.8358	0.5463
19	21	0.8997	0.6348	0.4750
20	21	1.0000	0.5994	0.6659
