0	1	0.9981	0.8114	0.4006
0	2	0.9997	0.5615	0.3250
0	3	0.9995	0.9956	0.2539
0	5	0.6001	0.9179	0.4193
0	6	0.8002	0.8244	0.1462
0	24	0.7502	0.7740	0.8205
0	25	1.0000	0.3738	0.5891
0	26	0.7502	0.3068	0.1099
1	2	0.9999	0.3096	0.4669
1	6	0.7502	0.3633	0.2104
1	10	1.0000	0.2371	0.1798
1	25	1.0000	0.6259	0.7442
1	26	0.9500	0.2546	0.4361
2	3	0.9985	0.8462	0.1388
2	5	0.9988	0.9344	0.6085
2	6	0.6498	0.3288	0.0629
2	25	0.9984	0.4709	0.7445
3	4	0.9995	0.5156	0.5561
3	5	0.9486	0.1949	0.5506
3	6	0.9974	0.3131	0.4379
3	7	0.8008	0.1321	0.6124
3	10	1.0000	0.0682	0.0238
3	24	0.9500	0.2635	0.8498
3	30	0.7740	0.1899	0.1770
4	5	0.9981	0.8917	0.6015
4	7	0.9994	0.4520	0.6387
4	10	0.9971	0.8129	0.0130
4	24	0.8999	0.6106	0.8112
4	25	0.9499	0.6351	0.7242
5	6	0.9991	0.6464	0.5270
5	7	0.9998	0.1554	0.8601
5	10	0.9996	0.5747	0.3215
5	24	0.9992	0.5025	0.6201
6	7	0.9991	0.3935	0.4663
6	10	0.9987	0.5763	0.1978
6	24	0.9976	0.6598	0.8104
6	25	0.9982	0.0904	0.5945
7	8	0.9986	0.8286	0.1334
7	10	0.9947	0.4680	0.0000
7	24	0.6707	0.1991	0.4315
8	9	0.9500	0.8804	0.1362
8	10	0.9966	0.3880	0.0014
8	24	0.8496	0.3377	0.4204
8	25	0.5512	0.7595	0.4385
8	29	0.9996	0.2008	0.9990
8	36	0.5998	0.6493	0.5827
9	10	0.7006	0.6651	0.0029
9	29	0.9981	0.6492	1.0000
10	11	1.0000	0.8953	0.2508
10	12	0.9975	0.9729	0.6190
10	13	0.9996	0.8848	0.3510
10	14	0.9985	0.9649	0.6269
10	15	0.9969	0.9608	0.3702
10	16	0.9971	0.9728	0.3239
10	17	0.9989	0.9245	0.5038
10	19	0.9500	0.9763	0.8221
10	20	0.9979	0.9746	0.3509
10	21	1.0000	0.9821	0.8871
10	22	0.6987	0.9574	0.2800
10	24	1.0000	0.4504	0.5255
10	25	0.9999	0.1739	0.6369
10	26	0.9996	0.0426	0.3762
10	28	0.9499	0.8984	0.7558
10	29	0.9999	0.6678	0.9552
10	30	0.9978	0.6443	0.1870
11	12	1.0000	0.4567	0.5774
11	13	0.8997	0.3154	0.3667
11	14	0.9984	0.4072	0.0716
11	17	0.7003	0.5133	0.9605
11	19	0.9994	0.3094	0.2513
11	20	0.7507	0.2008	0.5703
11	21	0.9994	0.2312	0.2777
11	24	0.8995	0.2194	0.7251
11	36	0.6990	0.6253	0.4740
12	13	0.9994	0.8401	0.7977
12	14	0.9491	0.6774	0.2967
12	17	0.8003	0.8792	0.9487
12	19	0.9994	0.8222	0.4730
12	20	0.7994	0.7610	0.5936
12	21	0.8995	0.6895	0.4674
13	14	0.9991	0.6337	0.6211
13	15	0.9491	0.3671	0.7557
13	16	0.5506	0.6539	0.4914
13	17	0.9996	0.6599	0.5131
13	19	0.8498	0.5237	0.8943
13	20	0.8007	0.2771	0.2100
13	21	0.6516	0.6331	0.6611
13	22	0.9974	0.7976	0.8229
13	24	0.9984	0.3587	0.2087
13	29	0.9480	0.3036	0.5475
13	30	0.9975	0.4913	0.1701
13	31	0.6503	0.3703	0.8380
13	36	0.5998	0.6606	0.2146
14	15	0.9992	0.9847	0.3926
14	16	0.9977	0.9914	0.5034
14	17	0.9987	0.9356	0.4998
14	18	0.8002	0.0785	0.5619
14	19	0.9984	0.3538	0.7191
14	20	0.9977	0.3299	0.2279
14	21	0.9994	0.4463	0.5465
15	16	0.7936	0.3442	0.5866
15	17	0.9984	0.7340	0.0656
15	20	0.8994	0.1288	0.1422
16	17	0.8990	0.5668	0.1348
16	20	0.7993	0.3097	0.1288
16	21	0.7003	0.3739	0.9167
16	22	0.5500	0.4934	0.7844
16	29	0.8481	0.4399	0.4565
17	18	0.6001	0.8773	0.4220
17	19	0.8997	0.7746	0.9811
17	20	0.8001	0.4426	0.3522
17	21	0.9488	0.7370	0.7858
17	22	0.9992	0.2290	0.9642
17	31	0.9999	0.5986	0.6028
18	19	0.9485	0.9023	0.2498
18	20	0.9994	0.6891	0.7623
18	21	0.9989	0.9536	0.2502
19	20	0.9980	0.8667	0.3226
19	21	0.9999	0.8123	0.4657
19	24	0.8498	0.9585	0.4408
20	21	0.9981	0.6453	0.1208
20	28	0.9010	0.1403	0.2722
21	24	0.7995	0.9059	0.1523
21	28	0.9987	0.5537	0.4313
22	23	0.7504	0.6363	0.5916
22	28	0.7404	0.5306	0.8389
23	28	0.9983	0.9377	0.7551
23	30	0.7994	0.6759	0.1223
24	25	0.9999	0.9713	0.3794
24	26	0.9994	0.6525	0.8545
24	27	0.8497	0.2199	0.3384
24	28	0.9499	0.2384	0.8452
24	29	0.8490	0.1992	0.4804
24	30	0.8497	0.1747	0.1678
24	36	0.9984	0.2520	0.6369
25	26	0.9977	0.5469	0.1557
26	27	0.6005	0.7761	0.6658
27	28	0.9997	0.9238	0.8138
28	29	0.9984	0.9356	0.2480
30	31	0.9998	0.5215	0.6142
30	32	0.9499	0.6344	0.4379
30	33	0.9981	0.3611	0.3832
30	34	0.9975	0.2329	0.6072
30	35	0.9756	0.2413	0.3023
30	36	0.8498	0.2378	0.1827
30	40	0.6377	0.3112	0.1538
31	32	0.8998	0.9487	0.4719
31	33	0.7997	0.6493	0.4391
31	35	0.7003	0.8687	0.4317
31	36	0.5001	0.7568	0.3344
32	33	0.9503	0.6725	0.3992
32	34	0.9997	0.7210	0.8251
32	36	0.8989	0.7787	0.4519
32	38	0.5009	0.4534	0.4158
32	40	0.7497	0.6896	0.3111
33	34	0.9984	0.4568	0.5606
33	35	0.7002	0.5483	0.6192
33	36	0.6009	0.6182	0.2265
33	37	0.7500	0.6172	0.3418
33	38	0.7507	0.2521	0.4216
33	40	0.7498	0.4420	0.4818
34	35	0.9989	0.7210	0.6886
34	36	0.9996	0.7030	0.5036
34	37	0.5998	0.6434	0.5832
34	38	0.5516	0.5320	0.5722
34	40	0.8497	0.5544	0.4173
35	36	0.7996	0.7265	0.2612
35	40	0.8997	0.5776	0.4336
36	37	0.9486	0.6181	0.6767
36	38	0.9999	0.1181	0.8597
36	39	0.9497	0.3190	0.4435
36	40	0.7453	0.4385	0.4830
37	38	0.9989	0.9758	0.8259
37	39	0.9493	0.8682	0.3589
37	40	0.9985	0.5890	0.5449
38	39	0.9500	0.7879	0.2749
38	40	0.9993	0.7132	0.2413
39	40	0.9991	0.6090	0.2179
