0	1	0.9989	0.6429	0.3981
0	2	0.6015	0.2769	0.6738
0	3	0.8975	0.5430	0.5021
0	4	0.6991	0.4105	0.6720
0	7	0.5362	0.1926	0.6803
0	9	0.8018	0.3002	0.1618
1	2	0.9989	0.8262	0.0980
1	3	0.9991	0.8903	0.8565
1	4	0.9493	0.8745	0.4609
1	7	0.9992	0.7821	0.5269
1	9	0.5541	0.3476	0.4463
2	3	0.9984	0.4314	0.3919
2	4	0.9996	0.5686	0.3599
2	5	0.5561	0.3511	0.5837
2	7	0.9989	0.3951	0.4714
2	9	0.9989	0.6143	0.2867
2	10	0.8495	0.3855	0.3984
3	4	0.9997	0.5504	0.4158
3	5	0.9978	0.7418	0.7698
3	7	1.0000	0.5636	0.4762
3	9	0.9993	0.6758	0.3323
3	10	0.7001	0.6733	0.5401
4	5	0.9475	0.4244	0.7279
4	6	0.8990	0.4639	0.4147
4	7	0.9969	0.4463	0.5796
4	9	0.9976	0.8851	0.4425
4	10	0.7497	0.2458	0.6349
5	6	0.9981	0.9849	0.5301
5	7	0.9992	0.6509	0.5578
5	9	0.9993	0.7201	0.2904
5	10	0.6005	0.4004	0.3351
6	7	0.9975	0.7351	0.1667
6	9	0.5003	0.2114	0.1854
7	8	0.6494	0.8692	0.1683
7	9	0.9496	0.8109	0.3695
8	9	0.9984	0.8781	0.3143
9	10	0.9503	0.5295	0.4544
10	11	0.9995	0.7280	0.5394
10	14	0.8495	0.4315	0.6174
11	12	0.8493	0.7220	0.1181
11	14	0.9338	0.4728	0.5603
11	15	0.8995	0.5835	0.1403
11	17	0.5007	0.5090	0.3896
11	18	0.7491	0.7074	0.0973
12	13	0.9939	0.9884	0.4323
12	14	0.9990	0.4463	0.4781
12	15	0.9992	0.5719	0.5607
12	16	0.9985	0.9759	0.3683
12	17	0.9497	0.7182	0.4406
12	18	0.9994	0.5425	0.5064
12	19	0.9994	0.8111	0.5153
12	20	0.9985	0.6605	0.2924
13	14	0.9485	0.6543	0.0627
13	15	0.9996	0.4793	0.9840
13	16	0.7002	0.4122	0.4950
13	17	0.9494	0.4059	0.2517
13	18	0.9997	0.3344	0.9561
14	15	0.9994	0.6307	0.3786
14	16	0.9998	0.0924	0.7739
14	17	0.9000	0.4684	0.4344
14	18	0.8996	0.5349	0.1239
15	16	0.9994	0.9951	0.4098
15	17	0.9499	0.6706	0.4869
15	18	0.9984	0.5152	0.5419
15	19	0.9992	0.8511	0.4938
15	20	0.9982	0.7241	0.4405
16	17	0.9990	0.7083	0.1390
16	18	0.9997	0.3258	0.8461
16	19	0.8501	0.5835	0.5717
16	20	0.7003	0.2211	0.4263
17	18	0.9982	0.5662	0.1585
17	19	0.9999	0.5245	0.8252
17	20	0.8988	0.5422	0.1207
18	19	0.9995	0.8572	0.3759
18	20	0.9994	0.5864	0.3701
19	20	0.9995	0.5405	0.5794
