0	1	0.9472	0.6354	0.2145
0	2	0.7499	0.7720	0.6118
1	2	0.9990	0.3816	0.4766
1	3	0.9493	0.4740	0.6753
1	4	0.9998	0.3770	0.6503
1	5	0.9982	0.3696	0.5384
1	7	0.7002	0.3307	0.4076
1	8	0.7008	0.1898	0.3308
1	9	0.5004	0.4260	0.5485
1	10	0.9990	0.5105	0.6947
1	12	0.7497	0.6599	0.8455
1	13	0.5011	0.3797	0.4154
1	14	0.9981	0.6229	0.4827
2	3	0.9986	0.9930	0.3514
2	4	0.9994	0.8413	0.6648
2	5	0.9490	0.4956	0.4850
2	10	0.7497	0.4795	0.7404
2	11	0.7508	0.6605	0.4672
2	12	0.8495	0.8364	0.7852
2	14	0.9972	0.9645	0.3644
3	4	0.9969	0.9326	0.3530
3	14	0.9470	0.8477	0.2975
4	5	0.9981	0.8201	0.2380
4	6	0.5996	0.4138	0.3444
4	7	0.5000	0.5604	0.3703
4	10	0.8499	0.5857	0.4514
4	11	0.5499	0.6087	0.5746
4	14	0.8494	0.7430	0.4793
5	6	0.9980	0.5258	0.4955
5	7	0.9989	0.4662	0.1816
5	8	0.7498	0.2460	0.2637
5	10	0.9486	0.4617	0.7070
5	11	0.9985	0.5923	0.4775
5	12	0.9990	0.4541	0.8730
5	13	0.7995	0.3749	0.4678
5	14	0.9970	0.6617	0.4029
6	7	0.8997	0.5668	0.3721
6	8	0.6503	0.5340	0.3452
6	10	0.9494	0.6415	0.5991
6	11	0.9988	0.6015	0.5467
6	12	0.9995	0.6891	0.7837
6	13	0.7975	0.4519	0.4397
6	14	0.9484	0.7650	0.5879
7	8	0.9995	0.5819	0.5468
7	9	0.9994	0.9302	0.3914
7	10	0.9994	0.5827	0.5480
7	11	0.9973	0.2617	0.6524
7	12	0.9991	0.7910	0.7090
7	14	0.6983	0.4739	0.2548
8	9	0.9989	0.4769	0.3353
8	10	0.9994	0.4733	0.5356
8	11	0.7497	0.7405	0.4096
9	10	0.9996	0.5303	0.4367
9	11	0.5007	0.4923	0.5208
9	12	0.9995	0.3337	0.8411
10	11	0.9500	0.6235	0.4597
10	12	0.9997	0.3169	0.7562
10	14	0.7494	0.4317	0.3037
11	12	0.9980	0.9198	0.5618
11	13	0.8997	0.6157	0.6411
11	14	0.5015	0.9565	0.1900
12	13	1.0000	0.6812	0.4792
12	14	0.8003	0.4576	0.5785
13	14	0.9993	0.9393	0.1753
