0	1	1.0000	0.8761	0.3021
0	2	0.9997	0.5136	0.5321
0	3	0.9993	0.7128	0.6487
0	4	1.0000	0.5767	0.5357
0	5	0.9998	0.9362	0.4005
0	6	0.9972	0.7692	0.7654
0	18	1.0000	0.3780	0.6645
1	2	1.0000	0.5917	0.4589
1	4	1.0000	0.4656	0.8062
1	6	1.0000	0.3304	0.9900
1	7	0.8002	0.3460	0.8317
1	10	0.9997	0.2069	0.0986
1	14	1.0000	0.0000	0.0077
1	15	0.7526	0.1559	0.9965
1	16	0.9500	0.0359	0.1076
1	17	0.6520	0.1695	0.9647
1	18	0.9999	0.5010	0.2665
2	3	0.9993	0.9778	0.8038
2	4	0.9491	0.5166	0.5094
2	18	0.9991	0.0068	0.8819
3	4	1.0000	0.6674	0.5227
3	5	1.0000	0.4374	0.6007
3	6	0.9971	0.7366	0.0218
4	5	0.9985	0.8628	0.4667
4	6	0.9999	0.6541	0.4691
4	7	0.9987	0.8742	0.4415
4	18	1.0000	0.3687	0.6531
5	6	0.9994	0.5359	0.2143
5	7	0.9478	0.3633	0.0887
6	7	0.9992	0.7159	0.4642
6	10	0.8493	0.9874	0.1043
6	18	0.9998	0.6200	0.6205
7	8	0.9982	0.9643	0.0419
7	10	0.9996	0.9976	0.1980
7	15	0.9030	0.7304	0.9746
7	17	0.9984	0.8853	1.0000
7	18	0.9997	0.7295	0.5296
7	19	0.9956	0.6129	0.8173
8	9	1.0000	0.8398	0.1939
8	10	1.0000	0.3143	0.5750
8	11	0.9994	0.8606	0.0014
8	13	0.9999	0.6565	0.4639
8	14	0.5515	0.8651	0.0539
8	15	1.0000	0.4489	0.7507
8	17	1.0000	0.3455	0.9507
8	20	0.9456	0.3361	0.0027
9	10	0.9973	0.6705	0.5398
9	11	0.9998	0.4334	0.4746
9	12	0.9987	0.8520	0.6525
9	13	1.0000	0.4760	0.4630
9	14	0.9996	0.9425	0.2548
9	15	0.9989	0.4434	0.4208
10	11	0.9986	0.5857	0.2096
10	13	1.0000	0.4723	0.8678
10	14	0.9009	0.0817	0.0106
10	15	0.9999	0.3494	0.9716
10	17	0.9508	0.2161	0.9904
10	18	0.7007	0.2737	0.0420
11	12	0.9979	0.8888	0.5997
11	13	0.9984	0.2531	0.3008
11	14	0.9994	0.9812	0.1959
12	13	1.0000	0.5201	0.4276
12	14	0.9998	0.3453	0.4391
12	15	0.9966	0.4042	0.0205
13	14	1.0000	0.7447	0.2530
13	15	0.9998	0.6334	0.4968
13	17	0.9998	0.8527	0.3479
14	15	1.0000	0.3424	0.5015
14	16	0.9992	0.1346	0.4778
14	17	1.0000	0.1467	0.0194
14	21	0.7494	0.4732	0.2224
15	16	0.9971	0.9810	0.6291
15	17	0.9999	0.8186	0.5893
15	20	0.9995	0.9084	0.7779
15	21	0.9993	0.9212	0.5565
16	17	1.0000	0.6037	0.5489
16	20	0.9988	0.8686	0.9930
16	21	0.9981	0.7498	0.2698
17	18	0.9997	0.9995	0.1068
17	20	0.9991	0.7138	0.6773
17	21	0.9998	0.8432	0.6781
18	19	0.9999	0.4417	0.6901
20	21	1.0000	0.9979	0.3424
