0	1	0.9984	0.7133	0.3831
0	2	0.9997	0.5671	0.7768
0	5	0.7992	0.7386	0.1447
0	6	0.9001	0.3701	0.7833
1	2	0.9999	0.4684	0.4206
1	3	0.9985	0.2785	0.3676
1	5	0.9995	0.4397	0.2507
1	6	0.9993	0.3983	0.6022
2	3	1.0000	0.8462	0.2635
2	5	0.9993	0.4337	0.1852
2	6	0.9995	0.4909	0.6042
3	4	0.9500	0.7255	0.6416
3	5	0.9498	0.7943	0.2027
3	6	1.0000	0.5723	0.4168
3	9	0.5006	0.6511	0.8978
4	5	0.9979	0.7048	0.1660
4	6	1.0000	0.5797	0.3707
4	9	0.9000	0.8790	0.9164
4	14	0.7504	0.9355	0.8209
5	6	0.9998	0.4783	0.4051
6	13	0.9494	0.9981	0.5481
6	14	0.7640	0.7939	0.3804
7	8	0.9985	0.8322	0.0960
7	9	0.9982	0.2238	0.2439
7	11	0.9985	0.3885	0.3782
7	12	0.9979	0.7794	0.6524
7	13	0.9964	0.5196	0.0376
7	14	0.7994	0.6473	0.8920
7	16	0.9999	0.0506	0.9389
8	9	0.9994	0.3047	0.3039
8	11	0.9003	0.0755	0.5595
8	13	0.9486	0.2934	0.2166
8	16	0.9997	0.3083	0.9223
8	20	0.7004	0.5407	0.6328
9	10	0.9995	0.9561	0.4031
9	11	0.9475	0.9812	0.1330
9	13	0.9999	0.5404	0.2312
9	14	0.9999	0.8218	0.9168
9	16	1.0000	0.4732	0.5443
9	18	0.9497	0.3484	0.4455
9	19	1.0000	0.5852	0.4281
9	20	0.9995	0.4363	0.3770
10	16	1.0000	0.9821	0.1904
10	18	0.9995	0.9715	0.7052
11	12	0.9988	0.3419	0.9716
11	13	0.9977	0.6443	0.1970
11	14	0.9999	0.8396	1.0000
11	16	1.0000	0.0038	0.8564
12	13	0.9982	0.6564	0.1400
12	14	0.8466	0.9100	0.8215
12	16	1.0000	0.0766	0.9152
13	14	0.9993	0.6454	0.5563
13	16	0.9968	0.0025	0.6290
14	16	0.6447	0.8392	0.1787
15	16	1.0000	0.0679	0.1069
15	17	0.9998	0.5364	0.4481
16	17	1.0000	0.6663	0.6399
16	18	1.0000	0.5157	0.6665
16	19	0.9996	0.4232	0.3467
17	18	0.9988	0.7456	0.7298
18	19	0.9496	0.6920	0.6563
19	20	0.9500	0.9277	0.5303
