0	1	0.9498	0.5209	0.4369
0	2	0.9995	0.5906	0.5156
0	3	0.9994	0.5474	0.5720
0	4	0.6002	0.5423	0.3205
0	5	0.8501	0.7293	0.3783
0	6	0.5190	0.6712	0.4187
1	2	0.9997	0.5260	0.5763
1	3	0.9991	0.5660	0.6068
1	4	0.7009	0.5268	0.5246
1	5	0.9306	0.3991	0.3303
2	3	0.9992	0.5754	0.5974
2	4	0.9500	0.5546	0.4856
2	5	0.8004	0.4159	0.4308
3	4	0.8500	0.6792	0.5549
5	6	0.9987	0.8713	0.4378
5	7	0.5476	0.4048	0.4778
6	7	0.9500	0.6944	0.6291
6	9	0.6505	0.3146	0.5799
7	8	0.8500	0.8621	0.3832
7	9	0.5519	0.7218	0.4381
8	9	0.6996	0.7980	0.4846
8	10	0.5998	0.2577	0.7266
9	10	0.8500	0.5955	0.5834
9	11	0.9002	0.5343	0.6986
9	12	0.6506	0.7127	0.7414
9	13	0.9994	0.6750	0.6838
9	14	0.8998	0.5772	0.6216
9	15	0.9995	0.5702	0.6270
10	11	0.6508	0.6586	0.3360
10	12	0.5001	0.6348	0.3090
10	13	0.5010	0.4489	0.2887
10	14	0.8001	0.5915	0.4773
11	12	0.9991	0.6972	0.1553
11	13	0.7500	0.6533	0.1877
11	14	0.9998	0.6168	0.5717
11	16	0.6998	0.6703	0.1855
11	27	0.5402	0.6017	0.4157
12	13	0.9993	0.6259	0.2469
12	14	0.6003	0.5413	0.6632
12	15	0.8004	0.7603	0.6671
13	14	0.9986	0.5748	0.5525
13	15	0.9973	0.5032	0.5554
13	16	0.8002	0.4720	0.4345
14	15	0.9995	0.7382	0.5504
14	16	0.8499	0.6755	0.4317
14	19	0.7500	0.5374	0.3005
14	27	0.5507	0.6096	0.5014
15	16	0.8982	0.8365	0.4972
16	17	0.9991	0.5796	0.3420
16	18	0.9490	0.3499	0.4591
16	19	0.8239	0.4813	0.4538
16	21	0.7004	0.5408	0.5012
16	22	0.7502	0.5853	0.4509
16	23	0.7002	0.8403	0.4096
17	19	0.5009	0.5534	0.3996
17	23	0.8993	0.5359	0.5494
17	24	0.8001	0.6180	0.5495
17	42	0.5506	0.3916	0.4250
18	19	0.9000	0.9107	0.2029
18	23	0.5503	0.4191	0.6944
18	27	0.5503	0.5305	0.5009
19	20	0.9984	0.9466	0.4724
19	21	0.9499	0.5168	0.4451
19	22	0.9998	0.5739	0.4195
21	22	0.9996	0.7703	0.5799
21	23	0.5004	0.5651	0.5361
22	23	0.6504	0.6467	0.2367
22	42	0.5003	0.5093	0.7709
23	24	0.9491	0.9050	0.5328
23	25	0.8503	0.7087	0.4977
23	27	0.7003	0.6038	0.5911
23	28	0.5504	0.4940	0.3665
24	25	0.9494	0.5420	0.3476
24	27	0.6002	0.5508	0.5850
24	28	0.9001	0.6731	0.5041
25	26	0.9983	0.9898	0.4166
25	27	0.9997	0.6260	0.6460
25	28	0.9989	0.4768	0.5785
25	29	0.6002	0.9185	0.4929
25	31	0.6000	0.5487	0.6822
25	32	0.7497	0.5239	0.4669
25	34	0.9997	0.4962	0.6401
26	27	0.9982	0.7813	0.0569
26	28	0.9000	0.4655	0.9836
26	29	0.7784	0.4631	0.4583
26	31	0.6992	0.5774	0.4522
27	28	0.9997	0.8263	0.4049
27	31	0.6504	0.5026	0.6867
28	29	0.6000	0.8615	0.3597
28	30	0.5500	0.8842	0.5688
28	31	0.7005	0.5907	0.7880
28	32	0.9998	0.6264	0.3945
28	33	0.8000	0.9195	0.3632
28	34	0.9994	0.5941	0.7327
28	35	0.9499	0.6071	0.3622
29	30	0.9993	0.6311	0.2670
29	31	0.5009	0.4372	0.4208
30	31	0.9498	0.6520	0.3440
30	34	0.7499	0.5804	0.2706
31	32	0.9999	0.8284	0.3127
31	33	0.9498	0.4722	0.5422
31	34	1.0000	0.8135	0.5210
31	35	0.7503	0.8396	0.2457
32	33	0.9501	0.9877	0.4001
32	34	0.9996	0.3572	0.6678
32	35	0.9987	0.4632	0.4737
32	36	0.9500	0.9581	0.2988
33	34	0.9988	0.7308	0.1852
33	35	0.9503	0.2783	0.9280
33	36	0.9003	0.3604	0.4952
34	35	0.9999	0.8443	0.1810
34	36	0.9495	0.3269	0.5325
34	37	0.8003	0.5750	0.5193
35	36	1.0000	0.9746	0.1933
35	37	0.8501	0.3071	0.5922
35	38	0.9997	0.5768	0.3823
36	37	0.7005	0.5974	0.3090
37	38	0.8991	0.6085	0.1591
38	39	0.8483	0.8233	0.3895
38	40	0.8994	0.7553	0.6112
38	41	0.7995	0.7982	0.3537
38	42	0.5029	0.5286	0.4462
39	40	0.9484	0.6652	0.7873
40	41	0.9482	0.8187	0.6510
40	42	0.8510	0.7856	0.4828
42	43	0.6507	0.5376	0.4960
42	45	0.7504	0.4931	0.4603
42	46	0.6004	0.5419	0.3198
43	44	0.6509	0.5498	0.3613
43	47	0.5001	0.2513	0.3595
43	50	0.6503	0.4570	0.4330
44	50	0.8001	0.5582	0.4562
45	46	0.9995	0.7295	0.3582
45	47	0.9501	0.7669	0.3006
45	49	0.5506	0.4748	0.5159
46	47	0.9005	0.6544	0.3222
46	49	0.5505	0.5274	0.4043
46	50	0.8008	0.6902	0.2144
47	48	0.9499	0.5652	0.6649
47	49	0.9000	0.5122	0.5439
47	50	0.8500	0.6028	0.4442
48	50	0.8003	0.7477	0.3754
49	50	0.7503	0.6664	0.3824
