0	1	0.9998	0.5407	0.4889
0	2	0.9980	0.9813	0.2430
0	3	0.8487	0.9073	0.8224
0	4	0.9989	0.6806	0.6317
0	6	0.8003	0.5527	0.4370
0	7	0.9999	0.6671	0.4401
0	9	0.5528	0.8136	0.3716
1	2	0.9998	0.7311	0.5582
1	3	0.7999	0.9302	0.6192
1	4	0.6520	0.5335	0.5124
1	7	0.9994	0.6661	0.4754
1	9	0.9983	0.6405	0.4619
1	14	0.9990	0.6034	0.3940
1	16	0.7007	0.4401	0.3431
2	3	0.9974	0.7498	0.3160
2	4	0.9988	0.5030	0.3255
2	5	0.6000	0.5523	0.3742
2	6	0.9498	0.1907	0.9924
2	7	0.9967	0.6284	0.0544
2	9	0.7500	0.7558	0.3403
2	13	0.9486	0.3915	0.5246
2	16	0.9002	0.5002	0.6674
3	4	0.9479	0.9010	0.5207
4	5	0.9500	0.8477	0.1859
4	6	0.9991	0.7054	0.5483
4	7	0.9969	0.9459	0.3655
4	8	0.7505	0.2393	0.6212
4	9	0.9987	0.9231	0.3797
5	6	0.9981	0.5268	0.5273
5	7	0.9988	0.7052	0.7207
5	8	0.9485	0.4301	0.6880
5	9	0.8988	0.7515	0.3263
5	13	0.5501	0.4327	0.7116
6	7	0.9987	0.7830	0.7315
6	8	0.9493	0.3873	0.6186
6	9	0.8501	0.7461	0.3021
7	8	0.9474	0.8747	0.8274
7	9	0.9496	0.9035	0.6014
7	10	0.6508	0.7574	0.6497
7	13	0.9996	0.9675	0.7153
7	14	0.8985	0.7542	0.2396
8	9	0.9971	0.8525	0.1296
8	10	0.5004	0.4984	0.6163
8	13	0.8988	0.3106	0.7581
9	10	0.9991	0.8503	0.4978
9	11	0.7502	0.8298	0.2710
9	13	1.0000	0.5137	0.6175
9	14	0.6504	0.5259	0.1461
10	11	0.9988	0.8590	0.5400
10	12	0.9500	0.7613	0.5557
10	13	1.0000	0.5806	0.5245
11	12	0.9988	0.7983	0.4937
11	13	0.6501	0.3128	0.3658
12	13	0.9997	0.7350	0.2493
13	14	0.9975	0.8119	0.0757
13	17	0.9988	0.6745	0.3510
14	15	0.9994	0.6131	0.5312
14	16	0.9997	0.7038	0.4164
14	17	0.9991	0.8837	0.4381
14	19	0.7492	0.6994	0.5567
14	21	0.9988	0.6164	0.5855
14	22	0.8503	0.3656	0.2488
15	16	0.9988	0.5457	0.3774
15	17	0.9990	0.4514	0.3843
15	19	0.5514	0.3395	0.6275
15	20	0.6492	0.4451	0.4536
15	21	0.8999	0.5273	0.4632
15	22	0.8003	0.3647	0.2217
16	17	0.9974	0.9739	0.4331
16	18	0.8500	0.8829	0.4735
16	19	0.9984	0.9097	0.5175
16	20	0.9482	0.4641	0.5121
16	21	0.9480	0.5034	0.5810
16	22	0.9992	0.1959	0.2801
17	18	0.9478	0.7995	0.3581
17	19	0.8995	0.7351	0.4193
17	20	0.9981	0.5177	0.3744
17	21	0.9996	0.5123	0.4391
17	22	0.8006	0.4449	0.4207
18	19	0.9991	0.4580	0.7188
18	20	0.5503	0.2481	0.3289
18	22	0.9991	0.3107	0.6419
19	20	0.9982	0.6171	0.1121
19	21	0.9988	0.7949	0.7797
19	22	0.8999	0.7486	0.4234
20	21	0.9995	0.4355	0.5232
20	22	0.9987	0.2741	0.3063
21	22	0.9998	0.6710	0.2953
