0	1	0.9970	0.8318	0.5796
0	2	0.9996	0.5960	0.5921
0	13	0.9499	0.7249	0.6083
0	14	0.9992	0.9990	0.4004
0	15	0.9500	0.7659	0.6180
0	16	0.9990	0.7556	0.3150
0	17	0.9994	0.9944	0.2661
0	18	0.9999	0.7254	0.3713
0	19	0.9999	0.2921	0.8110
0	20	0.9990	0.8613	0.4330
0	21	0.9986	0.9994	0.5322
0	40	0.9497	0.7820	0.1875
0	42	0.9998	0.3282	0.9776
1	2	1.0000	0.8326	0.2277
1	3	0.8509	0.0300	0.4603
1	6	0.9501	0.4777	0.5660
1	13	1.0000	0.5875	0.9369
1	15	0.9996	0.7020	0.3486
1	16	0.9952	0.7161	0.0028
1	20	0.9999	0.6606	0.9774
1	39	0.5000	0.5957	0.3825
1	40	0.6004	0.3427	0.5113
1	41	0.9991	0.0354	0.0884
1	42	0.9997	0.4757	0.4303
2	13	0.9990	0.8891	0.6213
2	14	0.9497	0.9996	0.3714
2	15	0.9983	0.7974	0.8528
2	16	0.9995	0.9373	0.5064
2	17	0.9986	1.0000	0.1059
2	18	0.9973	0.9820	0.8175
2	19	0.9993	0.6937	0.4157
2	42	0.8004	0.0626	0.7600
3	4	0.6134	0.2831	0.2085
3	12	0.9493	0.7314	0.1102
3	15	0.6999	0.8343	0.0715
3	32	0.8499	0.6036	0.8175
3	38	0.9997	0.5135	0.9367
3	42	0.5506	0.6150	0.1859
4	5	0.7500	0.5958	0.6137
4	38	0.7516	0.1662	0.9571
4	41	0.9449	0.9083	0.4072
4	42	0.9485	0.2570	0.3691
5	6	0.7501	0.2985	0.2302
5	41	0.5997	0.6625	0.4288
5	42	0.5002	0.3011	0.1363
6	7	0.9997	0.9425	0.3031
6	25	0.6259	0.3534	0.4406
6	42	0.9982	0.5746	0.2520
7	8	0.6502	0.2933	0.4158
7	9	0.7501	0.5792	0.5488
7	42	0.6004	0.4455	0.4251
8	9	0.5504	0.3428	0.1492
8	10	0.5708	0.4521	0.6444
9	10	0.9990	0.8165	0.4406
10	11	0.8999	0.4973	0.4809
10	12	0.7985	0.4734	0.3274
10	16	0.8001	0.3608	0.5669
11	12	0.8979	0.8827	0.0568
11	16	0.7018	0.8452	0.1281
11	42	0.9484	0.7357	0.0592
12	15	0.5510	0.7867	0.3079
13	14	0.9978	0.9954	0.6257
13	15	0.6507	0.3885	0.4348
13	16	0.9993	0.5708	0.9313
13	17	0.8996	0.9752	0.3918
13	18	0.9995	0.8803	0.5345
13	19	0.9984	0.4495	0.7864
13	20	0.9994	0.9764	0.3019
13	21	0.9978	0.9973	0.4098
13	40	0.6021	0.8688	0.0881
13	42	0.9507	0.3596	0.9676
14	15	0.9494	0.8514	0.1970
14	16	0.9992	0.8514	0.7962
14	17	0.9984	0.8986	0.2221
14	18	0.8008	0.8529	0.1324
14	19	0.9991	0.9625	0.5715
15	16	0.9996	0.8674	0.7311
16	17	0.8996	0.9770	0.1657
16	18	0.9158	0.9868	0.2202
16	19	0.9991	0.9860	0.5519
17	18	0.9999	0.6246	0.3228
17	19	1.0000	0.5422	0.4859
17	20	0.9995	0.8374	0.3166
17	21	0.9999	0.5459	0.7416
17	22	0.8495	0.4066	0.6150
17	39	0.9978	0.8617	1.0000
17	40	0.9971	0.8434	0.0008
18	19	0.9997	0.7339	0.5374
18	20	0.9992	0.2042	0.0518
18	21	0.9989	0.0463	0.8004
18	39	0.9994	0.1897	0.9308
18	40	1.0000	0.0374	0.0061
19	20	0.9500	0.9452	0.0905
20	21	0.9972	0.9257	0.7569
20	39	0.9995	0.5317	0.9403
20	40	0.9992	0.7159	0.6165
20	41	0.9972	0.9998	0.6123
20	42	0.9969	0.8473	0.9587
21	22	0.9997	0.8344	0.5900
21	23	0.9964	0.6294	0.0217
21	24	0.6209	0.0471	0.0342
21	32	0.6505	0.3367	0.9876
21	33	0.8998	0.1515	0.4105
21	38	0.8987	0.6334	0.9181
21	39	1.0000	0.5827	0.8611
21	40	0.9997	0.5459	0.4314
21	41	0.7495	0.1226	0.6878
22	23	0.6426	0.6911	0.1337
22	40	0.8002	0.2582	0.1554
23	33	0.5004	0.6938	0.4041
24	28	0.5008	0.4249	0.1794
24	29	0.9490	0.4718	0.7590
24	30	0.9979	0.7147	0.1524
24	31	0.9986	0.4155	0.5449
24	32	0.9990	0.3848	0.5608
24	34	0.9987	0.0973	0.3715
24	35	0.7505	0.2988	0.5017
24	36	0.9981	0.3187	0.5232
24	37	0.7502	0.0780	0.2494
24	38	0.5010	0.1741	0.1190
25	26	0.5502	0.5351	0.3164
25	28	0.6506	0.6105	0.3682
25	29	0.5821	0.5170	0.5966
25	34	0.5512	0.6806	0.2527
26	27	0.8988	0.7301	0.3499
26	28	0.9999	0.4781	0.6470
26	29	0.9497	0.7205	0.4573
26	31	0.8486	0.6162	0.3991
26	34	1.0000	0.5395	0.5951
27	28	0.9996	0.8049	0.5163
27	29	0.9993	0.4513	0.5310
27	30	0.7501	0.5983	0.3629
27	31	0.9993	0.5275	0.4924
27	34	1.0000	0.4891	0.7240
28	29	0.9500	0.6991	0.3642
28	31	0.6503	0.4299	0.5371
28	34	0.8008	0.4967	0.5333
28	35	0.5503	0.6318	0.3500
29	30	0.9991	0.8936	0.4859
29	31	0.9495	0.6681	0.5030
29	34	0.9997	0.7780	0.5762
29	35	0.5509	0.3334	0.5085
30	31	0.9992	0.2654	0.4216
30	32	0.9490	0.6779	0.2327
30	34	0.7002	0.4096	0.2993
31	34	0.9991	0.3823	0.4877
31	35	0.7448	0.3474	0.6216
32	34	0.7999	0.3395	0.4609
33	34	0.9978	0.6023	0.0552
33	38	0.6504	0.2659	0.4663
34	35	0.9985	0.8386	0.7234
34	36	0.9999	0.4884	0.4495
34	37	0.6503	0.3821	0.2525
34	38	0.9969	0.7643	0.1415
35	36	0.9477	0.8432	0.0543
36	37	0.9983	0.7318	0.3574
37	38	0.9981	0.7822	0.0982
39	40	0.9997	0.5917	0.3397
39	42	0.9981	0.0046	0.9725
40	41	0.9974	0.9999	0.2380
40	42	0.9978	0.8108	0.6634
41	42	0.9971	0.4299	0.1215
