0	3	0.7003	0.3215	0.3919
0	16	0.8995	0.3685	0.6491
1	2	0.9496	0.7707	0.5424
1	3	0.6007	0.5451	0.3363
1	4	0.6009	0.6200	0.1701
1	16	0.6505	0.2493	0.7161
2	3	0.9486	0.8381	0.1820
2	5	0.8983	0.7461	0.6882
2	15	0.5001	0.4629	0.6043
2	16	0.8994	0.5900	0.4772
3	4	0.5502	0.6414	0.3060
3	5	0.9998	0.5410	0.4663
3	10	0.8001	0.4844	0.6440
3	16	0.8501	0.4675	0.4443
4	5	0.9488	0.4030	0.5091
4	15	0.6705	0.3574	0.2716
4	16	0.7464	0.4706	0.4313
5	6	0.9995	0.9119	0.4950
5	7	0.9995	0.5484	0.4510
5	8	0.7500	0.6056	0.5794
5	10	0.9001	0.6526	0.6630
5	13	0.5504	0.5855	0.4834
5	15	0.6010	0.5561	0.7834
5	16	0.9001	0.6014	0.5526
6	7	0.7499	0.8801	0.2339
6	8	0.6506	0.7684	0.7835
6	10	0.8004	0.4947	0.2634
6	15	0.9976	0.6747	0.1934
6	16	1.0000	0.6355	0.4739
7	8	0.7534	0.6820	0.3967
7	10	0.8500	0.6155	0.5220
7	15	0.5012	0.3838	0.6318
7	16	0.9499	0.5969	0.6476
8	9	0.8988	0.6271	0.3781
8	10	0.9999	0.6522	0.4243
8	11	0.9998	0.6770	0.3775
8	12	0.8999	0.6810	0.5338
8	13	0.6007	0.4672	0.3358
8	15	0.7005	0.5493	0.7362
8	16	0.8500	0.5511	0.5133
9	10	0.6510	0.5654	0.4048
10	11	0.9996	0.5353	0.3901
10	12	0.8003	0.5048	0.5815
10	13	0.7999	0.6613	0.3768
10	16	0.9997	0.5278	0.5646
11	12	0.9999	0.5658	0.5631
11	13	0.9999	0.6101	0.5012
11	15	0.9497	0.6087	0.7022
11	16	0.5015	0.5685	0.4495
12	13	0.9496	0.5232	0.5399
12	15	0.7162	0.4360	0.6508
12	16	0.5504	0.5490	0.5246
13	14	0.9992	0.9502	0.5282
13	15	1.0000	0.5885	0.6319
13	16	0.9003	0.5536	0.4683
13	17	0.7493	0.5372	0.3649
14	15	0.9480	0.7443	0.0589
14	16	0.6509	0.6547	0.5528
15	16	0.9993	0.8330	0.2905
16	17	0.9491	0.4894	0.6162
