0	1	0.9500	0.9416	0.4173
0	3	0.8988	0.7586	0.9009
0	4	0.6005	0.4710	0.3360
0	6	0.9990	0.8811	0.9694
0	7	0.9975	0.9460	0.4598
0	8	0.9988	0.7012	0.3067
1	2	0.9994	0.1581	0.0110
1	3	0.9942	0.6158	0.9782
1	4	0.8495	0.4661	0.5931
1	6	0.9964	0.3389	0.9673
1	7	0.9999	0.1012	0.9410
1	8	1.0000	0.0045	0.0596
2	3	0.9999	0.5203	0.4874
2	4	0.9997	0.5799	0.5719
2	8	0.9999	0.2394	0.2987
3	4	0.9987	0.4353	0.4913
3	5	1.0000	0.0104	0.3228
3	6	0.9997	0.9583	0.5264
3	7	0.9999	0.9710	0.3218
3	8	0.9995	0.5739	0.5625
4	5	0.9999	0.9862	0.3364
4	6	0.9989	0.3996	0.2847
4	7	0.9996	0.4947	0.2309
4	8	0.9973	0.7277	0.5976
5	6	0.9996	0.8334	0.1445
5	7	0.9999	0.7889	0.2601
5	8	0.9999	0.3805	0.2828
5	9	0.9502	0.9888	0.9438
6	8	1.0000	0.5571	0.5424
7	8	0.9996	0.4397	0.3740
8	12	0.9996	0.9999	0.6895
9	10	0.9994	0.8539	0.2079
9	11	0.8972	0.3569	0.1833
9	12	0.9993	0.5189	0.1987
9	15	1.0000	0.4982	0.5940
9	17	1.0000	0.0828	0.0938
9	19	1.0000	0.6241	0.3541
10	11	0.8955	0.1692	0.6493
10	12	0.9985	0.4860	0.4418
10	13	0.9990	0.1562	0.9968
10	15	1.0000	0.1064	0.5781
11	12	0.9996	0.8727	0.1010
11	13	0.9967	0.0358	0.9969
11	15	0.9999	0.0493	0.9062
12	15	0.9963	0.0339	0.7718
13	14	0.9968	0.0929	0.7928
13	15	0.9957	0.9790	0.5605
13	16	0.9971	0.2266	0.2737
14	15	0.9978	0.2932	0.2207
14	16	1.0000	0.5081	0.6577
14	18	0.9982	0.3222	0.0046
15	16	1.0000	0.3873	0.8785
15	17	1.0000	0.5634	0.7320
15	18	1.0000	0.0488	0.0558
15	19	1.0000	0.1982	0.1133
17	18	1.0000	0.9991	0.9671
17	19	0.9992	0.5859	0.5472
18	19	0.9000	0.9697	0.1779
