0	1	0.9499	0.9079	0.3202
0	2	0.9990	0.7815	0.5973
0	12	0.7004	0.4833	0.4298
1	2	0.9999	0.6309	0.3244
1	20	0.7990	0.3887	0.6715
2	3	0.9493	0.6150	0.2846
2	6	0.7001	0.3407	0.4721
2	10	0.8996	0.6858	0.6363
2	11	0.9004	0.3644	0.8600
2	12	0.9999	0.6133	0.4816
2	13	0.7000	0.8307	0.2815
2	16	0.8498	0.4952	0.4521
2	20	0.9998	0.7694	0.6492
2	21	0.8491	0.3814	0.2945
2	29	0.6003	0.4958	0.6191
3	4	0.9998	0.6332	0.5276
3	10	0.9985	0.4212	0.4438
3	11	0.7997	0.3461	0.5363
3	12	0.9497	0.4755	0.3126
3	13	0.7509	0.2440	0.3162
4	5	0.5509	0.8584	0.5529
4	10	0.9492	0.5163	0.5053
4	11	0.7502	0.4322	0.4175
4	12	0.8498	0.5460	0.3827
5	6	0.8506	0.8054	0.3917
5	7	0.8997	0.6227	0.6647
5	8	0.9010	0.5843	0.4149
5	9	0.9995	0.8571	0.7169
5	10	0.9998	0.7306	0.8637
6	7	0.9971	0.7439	0.2505
6	8	0.9999	0.4868	0.8445
6	9	0.7501	0.5268	0.5631
6	10	0.9997	0.5824	0.9443
7	8	0.9990	0.4660	0.4989
7	9	0.9968	0.3982	0.5743
7	10	0.9990	0.5053	0.5593
8	9	0.9998	0.7047	0.5900
8	10	0.9995	0.5902	0.6012
9	10	0.8499	0.6730	0.6030
10	11	0.9982	0.8787	0.4785
11	12	0.9972	0.6981	0.0878
12	13	0.9984	0.7683	0.2673
12	20	0.9495	0.3730	0.5970
13	14	0.9488	0.7909	0.5424
13	15	0.7000	0.7253	0.4715
13	16	0.6505	0.3091	0.3826
13	19	0.9978	0.7034	0.7570
13	20	0.8376	0.5519	0.5028
14	15	0.8500	0.5838	0.6323
14	16	0.7500	0.6939	0.3818
14	18	0.6495	0.7479	0.7983
14	19	0.9474	0.5697	0.8288
14	20	0.6999	0.3804	0.4927
15	16	0.8498	0.4774	0.1450
15	18	0.9484	0.5431	0.5707
15	19	0.9987	0.5652	0.8743
16	17	0.9981	0.6225	0.1075
16	18	0.9995	0.4271	0.7433
16	19	0.9991	0.3752	0.6246
16	20	0.7019	0.2943	0.6257
16	22	0.9496	0.4925	0.4564
17	18	0.9992	0.5736	0.6373
17	19	0.7991	0.1894	0.4872
17	22	0.9968	0.4351	0.5478
17	23	0.9995	0.6165	0.3809
17	24	0.9991	0.4688	0.4922
18	19	0.9500	0.7681	0.4631
18	22	0.9487	0.5637	0.5844
18	23	0.9988	0.4187	0.4025
18	24	0.7012	0.5605	0.6043
19	22	0.7490	0.3452	0.4305
20	21	0.9979	0.8163	0.1883
20	22	0.9496	0.7408	0.3724
20	23	0.8490	0.6563	0.0554
21	22	0.8005	0.5417	0.2261
21	23	0.9979	0.8813	0.0818
21	24	0.6999	0.8494	0.2381
22	23	0.9997	0.7406	0.2516
22	24	0.8004	0.7855	0.5917
22	29	0.7998	0.6102	0.6285
22	33	0.5502	0.4550	0.3957
23	24	1.0000	0.7446	0.4510
23	25	0.9960	0.9765	0.7554
23	26	1.0000	0.7766	0.7572
23	27	0.8500	0.6561	0.5780
23	28	0.8993	0.3489	0.7649
24	25	1.0000	0.7197	0.9891
24	26	1.0000	0.4664	0.7811
24	27	0.7985	0.7317	0.4818
24	28	0.9975	0.8118	0.3639
25	26	0.9991	0.7432	0.9574
26	28	0.9990	0.9236	0.4386
27	28	0.9484	0.6274	0.5450
27	32	0.6003	0.5156	0.5585
27	34	0.6991	0.7665	0.8490
28	29	0.8485	0.8238	0.5577
28	34	0.6492	0.4903	0.3550
29	33	0.7503	0.4116	0.4426
30	31	0.8999	0.9530	0.4586
30	32	0.6504	0.7687	0.6748
30	33	0.9992	0.4936	0.5114
30	34	0.9990	0.4130	0.6021
30	35	0.9993	0.5841	0.4269
31	32	0.9497	0.7554	0.3162
31	33	0.9495	0.3647	0.3845
32	33	0.9982	0.6811	0.2276
32	34	0.9495	0.6542	0.6730
33	34	0.9998	0.6783	0.5908
33	35	0.9994	0.5146	0.2722
34	35	0.8986	0.4116	0.2793
