0	2	0.9974	0.5599	0.5689
0	3	0.9999	0.6249	0.2516
0	7	0.9988	0.5174	0.1092
0	9	0.9988	0.5433	0.5540
0	10	0.9493	0.1052	0.3713
0	11	0.9999	0.8575	0.0000
1	2	0.9995	0.9997	0.0033
1	7	0.9993	0.9998	0.9993
1	8	0.8501	0.9942	0.7233
1	11	1.0000	0.5789	0.8750
1	13	0.9974	0.0150	0.9974
2	3	0.9998	0.4898	0.3422
2	6	0.9953	0.1892	0.4656
2	7	0.9980	0.3543	0.4625
2	9	0.9990	0.4740	0.4461
2	11	0.9964	0.2234	0.3172
3	4	0.9988	0.4917	0.4834
3	5	0.5534	0.1484	0.4494
3	6	0.9997	0.4272	0.4419
3	7	0.9998	0.3050	0.3135
3	8	1.0000	0.8776	0.8939
3	9	0.9995	0.5320	0.4579
3	10	0.9999	0.6611	0.9988
3	11	0.9991	0.4844	0.0444
4	5	0.9960	0.7913	0.6026
4	6	0.9999	0.8449	0.3641
4	7	1.0000	0.7666	0.4832
4	8	0.9998	0.0619	0.8360
4	9	0.9990	0.4716	0.3743
4	10	0.7508	0.0413	0.9788
5	6	1.0000	0.7455	0.2339
5	7	1.0000	0.9998	0.7095
6	7	0.9999	0.4609	0.4812
6	8	0.8028	0.0020	0.9944
6	9	0.9536	0.0000	0.1480
7	8	0.9997	0.9987	1.0000
7	9	1.0000	0.6679	0.3379
7	11	0.9992	0.9868	0.6946
8	9	1.0000	0.9883	0.1276
8	11	1.0000	0.6946	0.9719
9	10	0.9992	0.7671	0.6553
9	11	0.9989	0.1160	0.2836
11	13	0.9999	0.8606	0.9860
12	13	1.0000	0.4265	0.5334
12	14	0.9995	0.9126	0.9373
12	19	0.9984	0.3763	0.4711
12	20	0.9996	0.6020	0.5366
13	14	0.9996	0.4652	0.7348
13	16	0.5500	0.5757	0.6137
13	17	0.9986	0.0736	0.3497
13	18	1.0000	0.0917	0.7877
13	19	0.9980	0.5972	0.6600
13	20	0.9983	0.3620	0.7145
14	15	0.9995	0.9448	0.6050
14	16	0.9992	0.8782	0.8026
14	17	0.9998	0.9436	0.4916
14	19	1.0000	0.5701	0.4675
14	20	1.0000	0.9474	0.6089
15	16	0.9989	0.6074	0.6917
15	17	0.9988	0.6412	0.5615
15	18	0.5003	0.2155	0.2515
15	19	0.9986	0.5356	0.3515
16	17	0.8503	0.9131	0.2914
16	19	0.8500	0.8999	0.3490
17	19	0.9991	0.6349	0.1746
17	20	0.9999	0.5390	0.6305
19	20	0.9999	0.4313	0.4172
