0	24	0.5017	0.6822	0.8557
0	25	0.6506	0.6450	0.3815
1	2	0.9501	0.8925	0.3421
1	3	0.9999	0.5273	0.4972
1	8	1.0000	0.2994	0.9238
1	9	0.9998	0.4957	0.4256
1	10	0.9997	0.7034	0.3691
1	11	0.9998	0.5504	0.4898
1	15	0.9492	0.3861	0.6684
1	16	0.7007	0.1340	0.4224
2	3	1.0000	0.7404	0.3852
2	4	0.8000	0.3731	0.6593
2	5	0.9983	0.3484	0.4792
2	9	0.9998	0.5791	0.7430
2	11	0.8003	0.5094	0.9453
2	15	0.6997	0.4570	0.3974
3	4	0.9968	0.9742	0.3914
3	5	0.7995	0.5680	0.5870
3	6	0.9985	0.8653	0.3547
3	8	0.9993	0.5211	0.6901
3	9	0.9993	0.5546	0.5230
3	10	0.9998	0.9021	0.2710
4	5	0.9983	0.7855	0.5050
4	6	0.6998	0.4671	0.4634
4	7	0.6503	0.4575	0.4956
4	9	0.9504	0.1739	0.9823
5	6	0.9976	0.9631	0.0316
5	9	0.5494	0.8030	0.4812
6	7	0.9980	0.9218	0.7414
6	8	0.9971	0.7681	0.5904
7	8	0.9495	0.9162	0.1065
7	10	0.9986	0.7304	0.2153
8	9	1.0000	0.8304	0.2674
8	10	1.0000	0.4267	0.7838
9	10	0.9991	0.7878	0.3977
9	11	0.9996	0.5512	0.4839
9	15	0.9993	0.7498	0.7315
9	16	0.9001	0.1479	0.2614
10	11	0.9999	0.7724	0.3284
11	15	0.9998	0.8729	0.7834
11	16	0.9006	0.0954	0.6523
12	13	0.9999	0.6029	0.4666
12	14	0.9498	0.4474	0.6107
13	14	0.6505	0.7973	0.5292
14	15	0.9992	0.8347	0.1589
14	18	0.8498	0.4350	0.1611
17	18	0.9994	0.8589	0.6728
17	19	0.9497	0.3135	0.9327
17	20	0.9992	0.4774	0.4342
17	21	0.9483	0.9975	0.2585
17	22	0.9992	0.8249	0.7921
17	23	0.9996	0.4859	0.4577
17	24	0.9985	0.4373	0.6572
17	25	0.9996	0.0686	0.4046
18	19	0.9999	0.9640	0.0839
18	20	0.7500	0.6285	0.3695
18	22	0.9997	0.2601	0.4996
18	23	0.7991	0.4509	0.3399
18	24	0.8990	0.6046	0.3772
19	20	0.8506	0.6436	0.0695
19	22	0.8996	0.5902	0.9507
20	21	0.9998	0.9930	0.2832
20	22	0.9999	0.5477	0.7093
20	23	0.9994	0.5086	0.4323
20	24	0.9985	0.4447	0.5993
20	25	0.9995	0.1697	0.4168
21	22	0.9999	0.9056	0.2894
21	23	1.0000	0.1233	0.9300
21	24	1.0000	0.0124	0.1799
22	23	0.9996	0.7037	0.2965
22	24	0.9999	0.7418	0.6279
22	25	0.7003	0.8676	0.4575
23	24	1.0000	0.4416	0.5430
23	25	0.9982	0.1173	0.2917
24	25	1.0000	0.9634	0.2740
