0	1	0.9998	0.8398	0.4644
0	2	0.9000	0.6565	0.6843
0	12	0.7499	0.6129	0.7161
1	2	0.9998	0.7363	0.3574
2	3	0.9998	0.7477	0.6396
2	4	0.9497	0.6031	0.4698
2	7	0.9490	0.7381	0.5439
2	8	0.9996	0.8947	0.7563
2	9	0.9998	0.7121	0.7066
2	10	0.9988	0.6829	0.2137
2	12	0.7499	0.6934	0.8472
3	4	0.9495	0.7228	0.3668
3	7	0.9997	0.4744	0.6460
3	8	0.9989	0.5767	0.6305
3	9	0.9982	0.5478	0.4143
3	10	0.5507	0.3903	0.0308
4	5	0.9978	0.9824	0.5377
4	6	0.9987	0.8139	0.6343
4	7	0.9995	0.6204	0.4072
4	8	0.9990	0.6640	0.5707
4	9	0.9490	0.3203	0.5249
5	6	0.9978	0.6575	0.1400
5	7	0.9989	0.6743	0.3567
6	7	0.9979	0.6613	0.2646
6	8	0.5506	0.4976	0.5083
7	8	0.9997	0.6267	0.5409
7	9	0.8990	0.4014	0.5457
8	9	0.9497	0.6764	0.4471
9	10	0.6011	0.7385	0.0314
10	11	0.5502	0.8186	0.7126
10	12	0.9994	0.7441	0.6403
10	13	0.8500	0.8288	0.3809
11	12	0.9980	0.8806	0.0771
11	13	0.7002	0.6176	0.7307
12	13	1.0000	0.6208	0.3893
13	14	0.9988	0.8830	0.1937
13	15	0.7014	0.5496	0.5181
13	18	0.6009	0.3763	0.4449
14	15	0.9990	0.6576	0.3578
14	18	0.9982	0.8791	0.3188
15	16	0.9981	0.9084	0.5568
15	17	0.9996	0.5090	0.6882
15	18	0.9994	0.3003	0.4865
16	17	0.9497	0.9518	0.1365
16	18	0.9984	0.6794	0.2053
17	18	0.9987	0.9223	0.0787
