1	2	0.9988	0.7630	0.2146
1	3	0.9998	0.5864	0.4592
1	14	0.8497	0.8521	0.1958
1	16	0.5517	0.5045	0.5956
2	3	0.9998	0.7561	0.2421
2	14	0.9988	0.4797	0.5156
2	16	0.9973	0.4658	0.7887
2	17	0.9995	0.4982	0.4784
2	18	0.9489	0.6651	0.8072
3	4	0.9992	0.5827	0.1917
3	5	1.0000	0.2932	0.7536
3	6	0.6998	0.4767	0.1260
3	11	0.9997	0.4602	0.4735
3	14	0.9998	0.3404	0.5054
3	16	1.0000	0.3328	0.8161
3	17	0.6008	0.2585	0.6556
4	5	0.9990	0.9027	0.3854
4	6	0.9997	0.6276	0.5207
4	9	0.8499	0.7484	0.5815
4	10	0.9997	0.5840	0.7331
4	11	0.9990	0.5407	0.5204
4	12	0.9960	0.9854	0.3773
4	13	0.9492	0.9014	0.5892
4	14	0.9992	0.5418	0.4457
5	6	0.9986	0.4860	0.3793
5	7	0.6008	0.4044	0.3054
5	9	0.5009	0.3432	0.6641
5	11	0.8001	0.3327	0.6767
5	12	0.7503	0.1532	0.3623
5	14	0.9997	0.2967	0.6762
5	15	0.6005	0.2574	0.4897
5	16	0.5505	0.6580	0.5225
6	7	0.9497	0.8068	0.3357
6	8	0.5505	0.3837	0.5788
6	9	0.8499	0.5993	0.5363
6	10	0.7505	0.4937	0.6368
6	11	0.9484	0.5469	0.5412
6	12	0.7002	0.8352	0.4500
6	13	0.6502	0.6552	0.4392
7	8	0.9499	0.6701	0.5018
7	9	0.9001	0.5822	0.4951
7	10	0.6497	0.4826	0.3572
7	13	0.7501	0.4854	0.4953
7	44	0.5505	0.4801	0.4602
8	9	0.9997	0.7494	0.5312
8	10	0.7004	0.8286	0.3024
8	13	0.7068	0.6811	0.2972
9	10	0.8501	0.7513	0.4432
9	13	0.5013	0.3838	0.3352
10	11	0.9498	0.7603	0.2114
10	13	0.9500	0.5794	0.6498
11	12	0.8499	0.9758	0.3013
11	13	0.9996	0.5563	0.6999
11	14	0.9996	0.5583	0.4081
11	16	0.5508	0.5387	0.4749
12	13	0.9975	0.8781	0.1116
12	14	1.0000	0.2534	0.9865
12	15	0.5006	0.3777	0.4301
13	14	0.9986	0.8394	0.1214
13	15	0.9495	0.3654	0.5448
14	15	0.9994	0.8814	0.5240
14	16	0.8476	0.4735	0.7371
15	16	0.8992	0.5595	0.4119
17	18	0.9981	0.7765	0.6243
17	19	0.8997	0.5355	0.3780
17	20	0.5009	0.6253	0.2608
18	19	0.9497	0.6068	0.6383
18	20	0.9004	0.5035	0.3648
18	21	0.5011	0.8295	0.5665
18	22	0.7504	0.6589	0.4736
18	40	0.6003	0.4730	0.4222
18	44	0.6502	0.3739	0.6273
19	20	0.8002	0.5465	0.4636
19	22	0.5002	0.3683	0.3068
19	24	0.6008	0.3780	0.4783
20	21	0.7501	0.7085	0.4670
20	22	0.9003	0.5717	0.5798
20	23	0.7503	0.6331	0.4986
20	24	0.8504	0.5610	0.5899
20	26	0.6003	0.5283	0.5063
21	22	0.8999	0.6342	0.2287
21	23	0.5024	0.4033	0.5161
21	24	0.7504	0.7626	0.3255
22	23	0.9988	0.5967	0.4809
22	24	0.9491	0.5138	0.4647
22	27	0.6508	0.5397	0.5661
23	24	0.9994	0.5461	0.4261
23	26	0.6009	0.3685	0.5780
23	27	0.6509	0.5236	0.5874
24	25	0.9500	0.8585	0.3595
24	26	0.7002	0.6817	0.5755
24	27	0.8500	0.5916	0.6214
24	28	0.5511	0.4984	0.5484
24	31	0.6007	0.4906	0.6725
25	26	0.8502	0.6142	0.3595
25	27	0.7004	0.4976	0.4363
26	27	0.9998	0.6221	0.3535
27	28	0.8495	0.7125	0.7091
27	29	0.7502	0.7177	0.5540
27	30	0.7006	0.5621	0.5765
27	31	0.7001	0.6036	0.7003
29	30	0.9981	0.8850	0.3941
29	33	0.5016	0.6073	0.3720
30	33	0.5030	0.6285	0.4061
30	36	0.5012	0.7853	0.1641
31	35	0.6001	0.5578	0.4427
32	33	0.9488	0.5614	0.5276
32	34	0.9484	0.7009	0.5464
32	35	0.9489	0.4088	0.4862
32	36	0.5506	0.4610	0.3881
33	34	0.9993	0.8363	0.4529
33	35	0.9490	0.6512	0.5463
33	36	0.9463	0.4692	0.5666
33	37	0.7497	0.4927	0.5162
33	38	0.5005	0.4848	0.3982
33	39	0.5010	0.5223	0.4256
34	35	0.9499	0.6213	0.4181
34	36	0.9989	0.4470	0.8011
34	37	0.9999	0.3810	0.5800
34	38	0.7502	0.4271	0.4791
34	39	0.6494	0.5860	0.4561
35	36	0.9989	0.5492	0.4463
35	37	0.5504	0.4262	0.4883
36	37	0.9487	0.4642	0.5775
36	38	0.5004	0.4419	0.3266
36	39	0.9495	0.7214	0.3949
37	38	0.9998	0.8208	0.3606
37	39	0.9991	0.8880	0.5190
38	39	1.0000	0.6542	0.5002
38	40	0.6504	0.6805	0.7330
38	42	0.5010	0.4770	0.4527
39	40	0.9980	0.9439	0.5336
39	41	0.9484	0.5722	0.5041
39	42	0.9498	0.6656	0.6199
39	43	0.9984	0.5635	0.3440
39	44	0.8008	0.6487	0.4518
39	45	0.8001	0.7048	0.5068
40	41	0.9997	0.9350	0.2383
40	42	0.8999	0.6406	0.9508
40	43	0.9995	0.8321	0.5958
40	44	0.9999	0.6561	0.5599
41	42	0.9492	0.5954	0.3441
41	43	0.8004	0.2146	0.8678
41	44	0.8500	0.3920	0.7343
42	43	0.8002	0.8322	0.3193
42	44	0.7005	0.6389	0.4754
42	45	0.5004	0.8575	0.4545
43	44	0.9997	0.7931	0.2899
44	45	0.9497	0.7645	0.3438
