0	1	0.9986	0.8361	0.2588
0	2	0.7006	0.6165	0.3512
0	15	0.5503	0.5156	0.2068
0	18	0.9994	0.8042	0.6944
0	19	0.9998	0.7422	0.8054
0	23	0.8002	0.5278	0.6715
0	24	0.8994	0.6925	0.7292
1	2	0.9986	0.5916	0.4433
1	3	0.7499	0.4273	0.4828
1	4	0.6505	0.5579	0.2076
1	18	0.9979	0.5771	0.4212
1	19	0.9003	0.2961	0.3847
2	3	0.9981	0.8546	0.4875
2	18	0.9972	0.5791	0.6508
2	19	0.9995	0.9079	0.4289
3	4	0.9970	0.7710	0.0061
3	18	0.9995	0.9229	0.9530
3	19	0.9999	0.5320	0.6071
3	20	0.7003	0.4590	0.4615
4	18	0.9990	0.5323	0.3316
4	19	0.5007	0.5927	0.2675
4	23	0.8995	0.2937	0.3624
4	24	0.8000	0.1699	0.4067
5	6	0.9000	0.8124	0.2660
5	9	0.8000	0.8170	0.5133
5	21	0.9001	0.6459	0.2567
6	7	0.9998	0.9802	0.3261
6	8	0.9999	0.8667	0.7382
6	9	0.9997	0.4779	0.4548
6	10	0.9995	0.4577	0.5530
6	11	0.9494	0.4346	0.4622
6	12	0.7530	0.7002	0.3670
6	15	0.9999	0.6358	0.5347
6	21	0.9002	0.7263	0.4899
7	8	0.9976	0.7405	0.5183
7	9	0.8989	0.4858	0.4249
8	9	0.9000	0.7120	0.3700
9	10	0.9998	0.4872	0.4975
9	11	0.7501	0.4543	0.3832
9	12	0.6101	0.6367	0.5055
9	15	0.7998	0.4710	0.4145
9	21	0.9998	0.5916	0.3623
10	11	0.9982	0.8409	0.4816
10	12	0.8995	0.7780	0.3691
10	15	0.9500	0.6879	0.5341
10	21	0.7495	0.5157	0.3527
11	12	0.9987	0.9772	0.6186
11	15	0.9499	0.6739	0.3329
11	21	0.8003	0.6589	0.2410
12	15	0.7501	0.5824	0.4513
13	14	0.9983	0.5959	0.6584
13	15	0.9348	0.3888	0.0941
13	24	0.6500	0.3418	0.5154
14	15	0.9986	0.9176	0.0449
15	16	0.9998	0.9404	0.4511
15	17	0.9996	0.4703	0.5185
15	18	0.5009	0.4486	0.2812
15	21	1.0000	0.8001	0.5372
15	22	0.6499	0.4052	0.3476
15	23	0.5504	0.3287	0.5549
15	24	0.8990	0.1030	0.7679
15	25	0.8490	0.4433	0.4279
16	17	0.9989	0.7195	0.2143
16	21	1.0000	0.4880	0.8059
17	19	0.9995	0.8498	0.6990
17	20	0.7501	0.5741	0.2815
17	21	0.7015	0.3185	0.3869
18	19	0.9991	0.8198	0.2718
18	20	0.5008	0.4794	0.6258
19	20	0.8992	0.7503	0.4645
19	22	0.5501	0.5032	0.6289
19	23	0.5511	0.1969	0.8517
20	21	0.6001	0.6018	0.4627
22	24	0.6002	0.6961	0.6071
23	24	0.6686	0.4739	0.5424
23	25	0.6003	0.4534	0.2593
24	25	0.9988	0.6100	0.3147
