0	1	0.9499	0.7838	0.5110
0	2	1.0000	0.6576	0.7093
0	3	0.7006	0.5696	0.5150
0	4	0.7497	0.7382	0.7396
0	5	0.9504	0.6159	0.5370
0	6	0.8501	0.5343	0.5673
0	7	0.5005	0.4975	0.6716
0	38	0.9999	0.3322	0.8931
0	39	0.9996	0.4505	0.7672
0	40	0.9999	0.4156	0.5832
1	2	0.9982	0.8118	0.8347
1	3	0.9002	0.6996	0.4285
1	5	0.9976	0.6868	0.5063
1	6	0.8999	0.6543	0.2517
2	3	0.6993	0.4910	0.4654
2	4	0.9988	0.5376	0.5843
2	5	0.9992	0.7001	0.5554
2	6	0.7502	0.6650	0.4647
2	7	0.8996	0.5413	0.6783
2	40	0.9985	0.5928	0.4916
3	4	0.9992	0.7213	0.5794
3	5	0.7501	0.2813	0.3557
3	7	0.7992	0.5661	0.4664
3	38	0.6000	0.7101	0.6375
3	39	0.8993	0.5056	0.5924
3	40	0.9990	0.5593	0.3474
4	5	0.9973	0.5932	0.3806
4	6	0.9485	0.7625	0.3162
4	7	0.6995	0.5123	0.5175
4	40	0.8496	0.7456	0.2299
5	6	0.8989	0.5623	0.2497
5	7	0.9977	0.4994	0.5639
5	40	0.8497	0.2969	0.5896
6	7	0.9993	0.6116	0.5024
6	8	0.9002	0.8213	0.3534
6	9	0.5688	0.5673	0.4129
6	10	0.5504	0.6476	0.6451
6	38	0.9998	0.5841	0.6508
6	39	0.9997	0.6542	0.4700
6	40	0.9992	0.6011	0.2468
7	8	0.9501	0.5948	0.3789
7	9	0.9998	0.6023	0.4729
7	10	0.9998	0.5713	0.6649
7	11	0.6502	0.7778	0.3566
7	12	0.5078	0.4896	0.3389
7	39	0.9973	0.5618	0.3181
7	40	0.9976	0.6602	0.1828
8	9	0.9993	0.4966	0.4901
8	10	0.9999	0.5767	0.4785
8	11	0.9503	0.5820	0.5899
8	12	0.8499	0.5611	0.4550
8	13	1.0000	0.7408	0.4707
8	38	0.7496	0.3231	0.6003
8	39	0.8490	0.2589	0.3961
8	40	0.5003	0.3395	0.4060
9	10	0.9998	0.4345	0.4015
9	11	0.9995	0.3593	0.5593
9	12	0.9995	0.5469	0.4647
9	13	0.9998	0.5256	0.4043
9	14	0.9991	0.4093	0.3922
9	15	0.8998	0.5564	0.5231
10	11	0.9996	0.5220	0.5295
10	12	0.9999	0.4261	0.4816
10	13	0.9985	0.3565	0.3900
10	14	0.9995	0.2183	0.4252
10	15	0.9996	0.1450	0.6053
11	12	0.9456	0.5556	0.3922
11	13	0.9991	0.7653	0.3617
11	14	0.9973	0.8365	0.3176
11	15	0.9978	0.7924	0.5676
12	13	0.9995	0.5635	0.4649
12	14	0.9997	0.4901	0.5496
12	15	0.9998	0.5522	0.5391
12	16	0.8010	0.6627	0.2996
12	17	0.9989	0.5961	0.6097
12	18	0.5506	0.5389	0.2353
12	20	0.5015	0.5404	0.5291
12	38	0.6001	0.4373	0.5555
13	14	1.0000	0.4459	0.4367
13	15	1.0000	0.4283	0.5136
13	16	0.9970	0.7034	0.3814
13	17	0.8989	0.4178	0.5051
13	18	0.8997	0.4271	0.4635
13	20	0.7504	0.4869	0.4389
14	15	0.9999	0.4811	0.5141
14	16	0.8990	0.3776	0.3093
14	17	0.9998	0.3982	0.3684
14	18	0.9998	0.2728	0.5722
14	19	0.9497	0.1816	0.4005
14	21	0.6504	0.4530	0.3617
15	16	0.9963	0.9954	0.3170
15	17	1.0000	0.5831	0.5263
15	18	0.9997	0.6096	0.4612
15	19	0.9980	0.5644	0.3543
15	20	0.8001	0.5600	0.3910
16	17	0.9964	0.5697	0.5780
16	18	0.8982	0.3859	0.4117
17	18	0.9996	0.4475	0.3847
17	19	0.9995	0.2535	0.5428
17	20	0.9995	0.5960	0.4891
17	21	0.9994	0.4640	0.4700
17	22	0.9987	0.4800	0.5554
17	23	0.5010	0.7201	0.4868
18	19	1.0000	0.4474	0.6353
18	20	0.9990	0.4372	0.4264
18	21	0.9993	0.3899	0.3069
18	22	0.9997	0.2782	0.6414
18	25	0.5004	0.1966	0.1138
19	20	0.9996	0.5249	0.2749
19	21	0.9983	0.7266	0.2802
19	22	0.9982	0.6691	0.5594
19	25	0.9987	0.3453	0.5288
20	21	0.9999	0.5533	0.5209
20	22	0.9998	0.4101	0.5816
20	23	0.9001	0.5969	0.6072
20	24	0.9997	0.7760	0.4624
20	25	0.5019	0.3097	0.4231
21	22	1.0000	0.4928	0.5372
21	23	0.9994	0.5486	0.5986
21	24	0.9996	0.5532	0.4421
21	25	0.9993	0.5255	0.3838
21	26	0.9991	0.3899	0.6016
22	23	0.9990	0.5181	0.4405
22	24	0.9989	0.5445	0.2439
22	25	0.9500	0.0444	0.2245
22	26	0.9997	0.2755	0.7620
22	27	0.6006	0.4973	0.2428
23	24	1.0000	0.7527	0.3944
23	25	0.7997	0.1719	0.2319
23	26	0.5513	0.1976	0.9241
23	27	0.9997	0.7432	0.4920
23	28	0.9497	0.7556	0.4905
23	30	0.8002	0.6867	0.4789
24	25	0.9991	0.9592	0.1556
24	26	0.6007	0.3706	0.7807
24	27	0.9992	0.4970	0.6936
24	28	0.9492	0.5361	0.4697
24	29	0.5503	0.5576	0.5730
24	30	0.9991	0.4529	0.5385
24	31	0.8510	0.6161	0.3693
25	26	0.9996	0.6566	0.2774
26	27	0.7995	0.9077	0.1204
27	28	0.9991	0.9134	0.4823
27	29	0.9499	0.7802	0.7645
27	30	0.9995	0.6920	0.5718
27	31	0.9999	0.8569	0.3843
27	32	0.7493	0.9024	0.5813
27	34	0.7506	0.6112	0.4300
27	35	0.5004	0.5542	0.1805
28	29	0.9995	0.2818	0.7557
28	30	0.9998	0.4720	0.6638
28	31	0.9994	0.4532	0.5584
28	32	0.9991	0.2168	0.5190
28	33	0.7498	0.1859	0.7703
28	34	0.5436	0.2260	0.3541
29	30	0.7502	0.5698	0.5245
29	31	0.9985	0.7723	0.6295
29	32	0.9991	0.7714	0.5917
29	33	0.8994	0.4703	0.4953
30	31	1.0000	0.6450	0.4212
30	32	0.9993	0.4355	0.4884
30	34	0.9997	0.5475	0.4908
30	35	0.9000	0.5760	0.3818
31	32	0.9997	0.5673	0.4462
31	33	0.9995	0.2300	0.9745
31	34	0.9999	0.3776	0.4176
31	35	0.9995	0.3137	0.2999
31	36	0.6514	0.2226	0.9118
32	33	0.9997	0.5120	0.7399
32	34	0.9980	0.3436	0.2855
32	35	0.9985	0.1722	0.2942
32	36	0.9999	0.0201	0.8461
32	37	0.5506	0.2722	0.5347
33	34	0.9979	0.8248	0.2634
33	35	0.9949	0.9262	0.1503
33	36	0.9981	0.9452	0.8424
34	35	1.0000	0.6819	0.4221
34	36	0.9999	0.6672	0.8431
34	37	0.6504	0.6357	0.4035
34	38	0.9996	0.8413	0.5041
34	39	0.9999	0.8484	0.3571
34	40	0.5961	0.7139	0.6243
35	36	0.9994	0.4765	0.5252
35	37	0.9497	0.5457	0.5571
35	38	0.9998	0.5934	0.4806
35	39	0.9997	0.6273	0.3518
35	40	0.9999	0.4520	0.8590
36	37	0.9984	0.3026	0.4242
36	38	0.9987	0.3431	0.3554
36	39	0.9994	0.2642	0.3475
36	40	1.0000	0.1122	0.6581
37	38	0.9977	0.9389	0.3680
37	39	0.9978	0.9617	0.1816
37	40	0.9999	0.7637	0.7396
38	39	1.0000	0.7723	0.6039
38	40	0.9997	0.7323	0.5423
39	40	1.0000	0.5566	0.4249
