0	1	0.7490	0.5608	0.5065
0	3	0.5003	0.5064	0.3859
0	4	0.7499	0.4213	0.5412
1	2	0.8006	0.4572	0.6261
1	4	0.6124	0.5231	0.3276
2	3	0.9498	0.6977	0.4960
2	4	0.7995	0.5301	0.5844
3	4	0.9499	0.5448	0.6342
4	5	0.9999	0.8032	0.4511
4	6	0.5506	0.4118	0.5328
4	7	0.7003	0.5653	0.5444
5	6	0.9996	0.6637	0.3181
5	7	0.6953	0.4916	0.7652
5	8	0.9001	0.6622	0.5928
6	7	0.8500	0.6156	0.7157
6	8	0.9500	0.6755	0.7084
6	11	0.6002	0.5825	0.4689
7	8	0.8707	0.6306	0.5798
8	9	0.9499	0.9301	0.4580
8	11	0.7007	0.6417	0.3663
9	10	0.7000	0.8062	0.2250
9	11	0.7502	0.6122	0.5079
9	16	0.5002	0.6331	0.2998
9	29	0.5506	0.3099	0.6999
10	11	0.7499	0.8787	0.2900
11	12	0.9445	0.7130	0.6000
11	13	0.6503	0.4589	0.5399
11	14	0.6011	0.5026	0.5372
11	15	0.7001	0.5135	0.3962
11	16	0.7503	0.5033	0.4258
11	17	0.8500	0.4620	0.6652
11	18	0.6010	0.3974	0.3991
11	29	0.6005	0.6595	0.6294
12	13	0.7500	0.8337	0.4791
12	14	0.9500	0.5855	0.6806
12	15	0.5010	0.6559	0.5071
12	16	0.5007	0.7364	0.2061
12	29	0.6013	0.4248	0.6441
13	14	0.8995	0.6747	0.3613
13	15	0.6507	0.5034	0.7457
13	16	0.9978	0.5111	0.6015
13	17	0.9985	0.5235	0.5917
13	21	0.9983	0.5385	0.5438
14	15	0.9498	0.7588	0.3861
14	16	0.9992	0.4413	0.3932
14	17	1.0000	0.3100	0.7900
14	18	0.6504	0.6687	0.3410
15	16	0.9999	0.6764	0.4355
15	17	1.0000	0.7538	0.8320
15	18	0.7002	0.4170	0.3282
16	17	0.9996	0.5701	0.5746
16	21	0.9989	0.5239	0.4874
17	18	0.7597	0.7446	0.0956
18	19	0.9996	0.4286	0.4676
18	20	0.9496	0.1852	0.1446
18	21	1.0000	0.2936	0.8598
19	20	0.8489	0.9552	0.1464
19	21	0.9998	0.9324	0.5917
19	22	0.6502	0.7003	0.5000
20	21	0.9993	0.6712	0.5598
20	22	0.5502	0.3071	0.1452
21	22	0.9987	0.7557	0.2223
22	23	0.6011	0.5784	0.6067
22	25	0.8484	0.4726	0.5366
22	26	0.7995	0.7663	0.4761
22	27	0.8000	0.7077	0.5977
23	24	0.9956	0.9815	0.5164
23	25	0.6502	0.5126	0.3571
23	26	0.9486	0.3418	0.5271
23	27	0.5010	0.6098	0.6464
24	25	0.9492	0.4708	0.2181
24	26	0.8991	0.5856	0.5980
24	27	0.5502	0.5167	0.6626
25	26	0.9983	0.7506	0.4144
25	27	0.9984	0.5210	0.6214
25	29	0.5505	0.4948	0.3921
26	27	0.9994	0.4845	0.5538
26	28	0.9992	0.2210	0.0910
26	29	0.9974	0.4479	0.5229
27	28	0.9482	0.9164	0.3586
27	29	0.9994	0.8327	0.5869
28	29	0.9994	0.7916	0.3893
28	30	0.8501	0.6085	0.5675
28	32	0.6999	0.6723	0.4427
28	33	0.5502	0.5486	0.1684
28	34	0.6505	0.4670	0.4078
29	30	0.9999	0.6683	0.3017
29	31	0.9998	0.4625	0.4897
29	32	0.6504	0.6243	0.5368
29	33	0.7008	0.5444	0.5296
29	34	0.9501	0.7418	0.4578
29	35	0.7997	0.5339	0.5489
30	31	0.8999	0.9374	0.3112
30	32	0.6503	0.6926	0.5274
30	33	0.9999	0.3219	0.5702
30	34	0.8999	0.5398	0.5820
30	35	0.6003	0.8533	0.5553
31	32	0.9495	0.8675	0.3071
31	33	0.5503	0.7404	0.2693
32	33	1.0000	0.6378	0.5336
32	35	0.9002	0.4292	0.6171
33	34	0.9499	0.6850	0.3507
33	35	0.7000	0.3358	0.6318
34	35	0.9996	0.6516	0.5643
