0	1	0.9979	0.8236	0.5835
0	2	0.8945	0.5142	0.2918
0	6	0.9999	0.6979	0.4232
0	13	0.6996	0.6012	0.5336
0	15	0.9493	0.6267	0.8036
0	19	0.9986	0.4890	0.5710
0	20	0.9497	0.5034	0.7006
0	21	0.9981	0.4333	0.7347
0	26	0.7994	0.4342	0.6991
1	2	0.9994	0.7897	0.1715
1	3	0.5000	0.2689	0.5427
1	4	0.9000	0.5469	0.9049
1	5	0.9995	0.7871	0.6283
1	6	0.9991	0.8187	0.1459
1	19	0.5001	0.5536	0.8062
1	23	0.9991	0.3344	0.8258
1	24	0.9491	0.7689	0.2493
1	26	0.8003	0.5273	0.7152
2	3	0.9983	0.9151	0.4661
2	4	0.8987	0.9970	0.3025
2	5	0.9999	0.4500	0.6824
2	6	0.9987	0.5538	0.5933
2	7	0.7221	0.9463	0.4997
2	9	0.9001	0.8471	0.8391
2	10	0.9989	0.6371	0.6799
2	13	0.9985	0.7499	0.6650
2	15	0.6490	0.3550	0.6477
2	19	0.9973	0.4008	0.6353
2	21	0.9981	0.4611	0.9064
3	4	0.9985	0.8350	0.4426
3	5	0.9960	0.7303	0.2047
3	6	0.9973	0.4622	0.7032
3	7	0.9476	0.7221	0.8874
3	9	0.8984	0.8516	0.8783
3	10	0.6001	0.4186	0.3001
4	5	0.9992	0.9894	0.1380
4	6	0.9988	0.4401	0.8076
4	7	0.9998	0.0472	0.9035
4	8	0.6509	0.1379	0.5051
4	9	0.9990	0.6898	0.7409
5	6	1.0000	0.7752	0.1124
5	9	1.0000	0.1780	0.9477
5	10	0.9956	0.7080	0.0067
6	7	0.5001	0.9943	0.4608
6	9	0.9998	0.6892	0.9107
6	10	0.9995	0.5617	0.5264
6	12	0.8988	0.9784	0.6403
6	13	1.0000	0.7031	0.3826
6	15	0.8972	0.6001	0.5897
6	19	0.6993	0.4769	0.5859
6	21	0.7981	0.5648	0.7640
7	8	0.9993	0.5447	0.5875
7	9	0.8496	0.5772	0.4112
8	9	0.9976	0.3919	0.0817
8	11	0.8989	0.5862	0.9493
8	12	0.7496	0.4249	0.0583
9	10	0.9996	0.8603	0.3371
9	12	0.9999	0.4855	0.6340
10	12	0.9972	0.9257	0.5059
10	13	1.0000	0.7028	0.4670
10	14	0.9979	0.9968	0.6285
10	15	0.9972	0.8441	0.4605
11	12	0.9986	0.2960	0.1592
11	13	0.7513	0.2642	0.9280
11	14	0.9994	0.2739	0.7749
12	13	0.9998	0.6502	0.1960
12	14	0.9505	0.1705	0.9362
13	14	0.9973	0.9386	0.7689
13	15	0.9991	0.7097	0.5282
13	16	0.9972	0.9163	0.2079
13	19	0.7439	0.6170	0.3370
13	21	0.5017	0.7583	0.4297
14	15	0.9490	0.8778	0.1526
14	16	0.7505	0.4249	0.6769
15	16	0.9981	0.8567	0.2768
15	18	0.6007	0.2691	0.8847
15	19	0.9998	0.7233	0.5379
16	17	0.9990	0.8624	0.5233
16	18	0.9978	0.8712	0.6321
16	19	0.9998	0.1808	0.4558
16	20	0.9000	0.4752	0.6491
16	21	0.6501	0.3667	0.5272
17	18	0.9985	0.8453	0.8442
17	19	0.9981	0.7775	0.1139
17	20	0.9009	0.0394	0.9736
18	19	0.9991	0.8426	0.0451
18	20	0.5509	0.3650	0.9382
19	20	0.9989	0.7331	0.6165
19	21	0.9986	0.6347	0.6094
19	24	0.9986	0.6324	0.4576
19	26	0.5002	0.6861	0.3239
20	21	0.9990	0.8003	0.4166
20	23	0.5044	0.0549	0.5015
20	24	0.9501	0.6255	0.4807
20	25	0.9495	0.9005	0.5442
20	26	0.8999	0.6299	0.2679
20	27	0.9496	0.7546	0.3888
21	24	0.9992	0.2935	0.6379
21	26	0.5007	0.3341	0.4790
22	23	0.9998	0.6180	0.3557
22	24	0.5030	0.6214	0.1439
23	24	0.6502	0.6899	0.2844
24	25	0.5001	0.6106	0.4225
24	26	0.6928	0.7092	0.4724
25	26	0.9996	0.6702	0.4645
25	27	0.7991	0.4395	0.4762
25	28	0.8993	0.5177	0.4075
25	29	0.9983	0.4922	0.6706
26	27	1.0000	0.5642	0.4311
26	28	0.9993	0.4324	0.4291
26	29	0.7012	0.2747	0.3719
26	33	0.8498	0.4059	0.4673
26	34	0.7508	0.3866	0.4633
27	28	0.8998	0.5219	0.4677
27	29	0.9493	0.5515	0.3895
27	33	0.9996	0.4529	0.5073
27	34	0.9994	0.4732	0.5128
28	29	0.9996	0.6846	0.5927
28	32	0.6002	0.4730	0.4352
28	33	0.9994	0.4987	0.5403
28	34	0.9996	0.5168	0.6208
29	31	0.6992	0.9172	0.1717
29	32	0.9978	0.7486	0.7441
29	33	0.9991	0.5306	0.5959
29	34	0.8990	0.4634	0.5748
30	31	0.9992	0.7298	0.2824
30	32	0.9493	0.2580	0.5394
30	33	0.9497	0.4493	0.5791
30	34	0.7006	0.5035	0.4863
31	32	0.9986	0.5029	0.4698
32	33	0.9996	0.7583	0.3937
32	34	0.9988	0.6635	0.5058
33	34	0.9993	0.5000	0.4741
