0	1	0.7502	0.9102	0.3099
0	2	0.8000	0.7777	0.4179
0	3	0.9997	0.8972	0.6448
0	27	0.5504	0.7543	0.4141
0	35	0.5005	0.4744	0.5287
0	54	0.9491	0.6238	0.6540
0	55	0.6505	0.7180	0.6074
0	56	0.9493	0.7543	0.6472
0	57	0.9989	0.9295	0.1496
1	2	0.9997	0.4891	0.5029
1	3	0.9995	0.4334	0.6764
1	4	0.8996	0.5987	0.2704
1	5	0.9488	0.5472	0.5433
1	27	0.9990	0.3400	0.5798
1	28	0.9493	0.4107	0.3238
1	29	0.9983	0.6367	0.2717
1	30	0.7490	0.5049	0.4938
1	31	0.9992	0.5260	0.4391
1	32	0.9992	0.6512	0.4301
1	33	0.8000	0.6434	0.2617
2	3	0.9998	0.5536	0.5280
2	4	0.9986	0.5764	0.4943
2	5	0.9995	0.5246	0.6464
2	6	0.7003	0.2812	0.3874
3	4	0.9999	0.5411	0.3942
3	5	0.7998	0.5063	0.6221
3	6	0.9484	0.2138	0.5598
3	7	0.9492	0.6232	0.5001
3	31	0.5504	0.4803	0.3734
3	32	0.8996	0.8667	0.3674
4	5	1.0000	0.6634	0.4795
4	6	0.9999	0.6886	0.4746
4	7	0.9998	0.6822	0.5104
4	8	0.8002	0.6810	0.4036
5	6	1.0000	0.5547	0.5203
5	7	0.9997	0.5082	0.4668
5	8	0.9998	0.5222	0.5097
5	9	0.7002	0.4685	0.4482
5	10	0.9489	0.3827	0.5929
6	7	0.9999	0.6408	0.4821
6	8	0.9998	0.6230	0.6257
6	9	0.9500	0.5906	0.4875
6	10	0.8497	0.4520	0.5041
6	11	0.5510	0.5157	0.4260
7	8	0.9999	0.6114	0.5608
7	9	0.9991	0.4628	0.4865
7	10	0.9991	0.5669	0.6360
7	11	0.9994	0.5725	0.4682
8	9	0.9501	0.6965	0.5541
8	11	0.9497	0.6219	0.4936
9	10	0.9998	0.5240	0.4777
9	11	0.9997	0.5672	0.4525
10	11	0.9997	0.4921	0.5322
10	12	0.8998	0.3626	0.5596
10	13	0.9000	0.4732	0.3893
10	14	0.6999	0.3814	0.4174
10	15	0.6503	0.4918	0.6270
11	12	0.9990	0.5288	0.4082
11	13	0.9998	0.5648	0.4544
11	14	0.9994	0.6063	0.3052
11	15	0.9501	0.5490	0.4500
11	16	0.8003	0.4759	0.3242
12	13	0.6000	0.4206	0.3564
12	14	0.7000	0.4486	0.4080
12	15	0.9498	0.4264	0.6164
13	14	0.9990	0.4599	0.3821
13	15	0.9989	0.4762	0.6749
13	16	0.9996	0.3854	0.5006
13	18	0.5003	0.4423	0.6151
14	15	1.0000	0.4774	0.4799
14	16	0.9989	0.3435	0.4626
14	17	0.9991	0.4906	0.6214
14	18	0.9990	0.6147	0.7440
14	19	0.9996	0.6207	0.4665
14	20	0.9489	0.4291	0.4625
14	21	0.5511	0.2441	0.3170
15	16	0.9986	0.7206	0.6801
15	17	0.9491	0.6583	0.4583
15	18	0.7498	0.4577	0.6132
15	19	0.7003	0.5956	0.4554
15	20	0.6012	0.5515	0.4984
16	17	0.5004	0.7930	0.5529
18	19	0.9498	0.6857	0.5055
18	20	0.9998	0.7231	0.4792
18	21	0.9493	0.3987	0.4575
18	22	0.6010	0.7140	0.2769
18	23	0.9984	0.8978	0.6849
18	24	0.9991	0.8509	0.6269
18	25	0.5507	0.6153	0.5957
19	20	1.0000	0.5498	0.5551
19	21	0.8511	0.3931	0.4318
19	22	0.8994	0.6029	0.4590
19	23	0.9999	0.8314	0.5445
19	24	0.9987	0.5827	0.5674
19	25	0.8505	0.5763	0.4744
20	21	0.9988	0.4591	0.5433
20	22	0.9989	0.4076	0.4021
20	23	0.9989	0.7261	0.5331
20	24	0.9993	0.4608	0.5792
20	25	0.7508	0.4155	0.5182
21	22	0.7014	0.3849	0.2821
21	23	0.9994	0.5207	0.5208
21	24	0.8495	0.4283	0.2420
22	23	0.9995	0.5464	0.5179
22	24	1.0000	0.5478	0.4068
22	25	0.9992	0.6040	0.6189
23	24	1.0000	0.5716	0.3765
23	25	0.9990	0.6532	0.8317
23	26	0.7495	0.6341	0.3652
23	27	0.9986	0.5564	0.4654
24	25	0.9999	0.6512	0.4697
24	26	0.9993	0.2598	0.3918
24	27	0.9994	0.4324	0.3693
24	28	0.8988	0.3368	0.3916
24	29	0.5998	0.3300	0.3793
24	30	0.6003	0.1366	0.2785
25	26	0.9994	0.7045	0.5724
25	27	0.9501	0.6927	0.5031
25	28	0.5009	0.6291	0.5862
25	29	0.5507	0.5922	0.5301
26	27	0.9997	0.5652	0.4694
26	28	0.5507	0.3822	0.4711
26	31	0.8000	0.4805	0.5522
26	32	0.7000	0.5346	0.4289
27	28	0.9983	0.4490	0.3778
27	29	0.9988	0.4905	0.4557
27	30	0.7999	0.5580	0.4603
27	31	0.9980	0.5319	0.5262
27	32	0.8493	0.5432	0.4853
28	29	0.9983	0.3844	0.3238
28	30	0.9492	0.4235	0.3662
28	31	0.8478	0.3724	0.5054
28	32	0.6167	0.3772	0.3093
29	30	0.8475	0.4535	0.3647
29	31	0.9978	0.3641	0.4940
29	32	0.9990	0.4430	0.4865
29	33	0.5504	0.2629	0.4310
30	31	0.9981	0.4412	0.5014
30	32	0.9992	0.4389	0.4447
30	34	0.5415	0.4684	0.3149
31	32	0.9993	0.5006	0.4742
31	33	0.9004	0.5840	0.4476
31	35	0.5458	0.4481	0.2777
32	33	0.9991	0.4920	0.4514
32	34	0.9497	0.4963	0.3604
32	35	0.9497	0.6309	0.4020
32	36	0.6997	0.3950	0.5052
33	34	0.9993	0.5873	0.2924
33	35	0.9985	0.7940	0.1945
33	36	0.6500	0.4377	0.7875
34	35	0.9998	0.6639	0.3684
34	36	0.9981	0.6635	0.7718
34	37	0.9974	0.5477	0.5685
34	39	0.5005	0.5671	0.4018
35	36	1.0000	0.5676	0.6328
35	37	0.9994	0.4069	0.6185
35	38	0.8489	0.4165	0.3499
35	39	0.9995	0.4852	0.4956
35	40	0.5505	0.3719	0.3010
35	41	0.6002	0.5499	0.3725
36	37	0.9990	0.8353	0.5910
36	38	0.9991	0.8141	0.6331
36	39	0.9996	0.7398	0.5663
36	40	0.6940	0.5911	0.3807
37	38	0.9997	0.7730	0.4798
37	39	0.9998	0.6974	0.4804
37	40	0.9997	0.7665	0.4372
37	41	0.9989	0.8759	0.4932
38	39	0.9997	0.5945	0.5453
38	40	0.9500	0.5786	0.5386
38	41	0.9995	0.5880	0.5992
38	42	0.9990	0.5140	0.6023
38	43	0.9994	0.6403	0.6015
38	44	0.9996	0.5125	0.3431
38	45	0.6506	0.4082	0.3796
38	47	0.6501	0.4296	0.3275
39	40	0.9994	0.4788	0.5225
39	41	0.9997	0.5237	0.5691
39	42	0.9987	0.5495	0.5177
39	43	0.9990	0.5223	0.6444
39	44	0.6500	0.3584	0.3431
40	41	0.9991	0.5633	0.6679
40	42	0.9994	0.4704	0.5408
40	43	0.9996	0.5147	0.6286
40	44	0.9994	0.5501	0.4258
40	47	0.6996	0.4992	0.4162
41	42	0.9991	0.5317	0.5553
41	43	0.9994	0.7576	0.5449
41	44	0.9993	0.8637	0.3649
41	45	0.7494	0.5296	0.4075
41	46	0.5517	0.5833	0.3309
41	47	0.7001	0.8507	0.3908
42	43	0.9998	0.6819	0.4526
42	44	1.0000	0.6834	0.4051
42	45	0.8501	0.6916	0.4318
42	46	0.7515	0.5281	0.5431
42	47	0.9992	0.8557	0.3550
42	48	0.8500	0.8222	0.4405
43	44	0.9499	0.5846	0.5093
43	45	0.9992	0.4485	0.5728
43	46	0.9983	0.4902	0.5201
43	48	0.9496	0.5496	0.5368
43	49	0.8491	0.4508	0.3578
44	45	0.9993	0.4622	0.5310
44	46	0.9995	0.5783	0.5146
44	47	0.9499	0.5778	0.4608
44	48	0.9492	0.4831	0.5159
44	49	0.7500	0.4189	0.4315
45	46	0.9986	0.5059	0.5275
45	47	0.9997	0.6631	0.5097
45	48	0.9995	0.5954	0.5183
45	50	0.8499	0.6201	0.6331
46	47	0.9999	0.6477	0.4760
46	48	0.9996	0.5623	0.4601
46	49	0.9499	0.6902	0.4817
46	50	0.7225	0.6068	0.3916
47	48	0.9997	0.5076	0.5345
47	49	0.9995	0.4538	0.4834
47	50	0.8984	0.4766	0.5753
47	52	0.7668	0.5281	0.3711
48	49	0.9992	0.4454	0.4551
48	50	0.9982	0.4324	0.5145
49	50	0.9998	0.7039	0.5630
49	51	0.9997	0.6173	0.3975
49	52	0.5503	0.4210	0.4946
50	51	0.9490	0.5717	0.5367
50	52	0.9988	0.5289	0.4609
50	54	0.5002	0.5893	0.6139
51	52	0.9990	0.5054	0.5353
51	53	0.5008	0.4607	0.5554
51	54	0.9984	0.5511	0.5663
51	56	0.8501	0.4570	0.4212
51	57	0.8983	0.4057	0.4814
52	53	0.9986	0.9485	0.7742
52	54	0.9998	0.7442	0.5520
52	56	0.9486	0.3864	0.3858
52	57	0.8478	0.3860	0.5446
53	54	0.9981	0.7857	0.3530
54	55	0.5010	0.7037	0.6296
54	56	0.9999	0.8630	0.4489
54	57	0.9490	0.8604	0.5939
54	59	0.5013	0.4666	0.3459
55	56	0.9995	0.4761	0.5097
55	57	0.9987	0.4385	0.4589
56	57	0.9991	0.4401	0.4392
58	59	0.8497	0.8174	0.2961
58	60	0.6501	0.7504	0.3049
58	61	0.9996	0.8202	0.4110
58	62	1.0000	0.8616	0.3952
59	60	0.7991	0.6930	0.4082
59	61	0.8502	0.6149	0.4135
59	62	0.9003	0.7019	0.3987
60	61	0.8503	0.6863	0.4858
60	62	0.9000	0.7041	0.1887
61	62	0.8489	0.5996	0.4454
