0	1	0.9984	0.9883	0.4948
0	2	0.8992	0.7956	0.5050
0	3	0.9991	0.8297	0.5580
0	4	0.9948	0.2834	0.3857
0	18	0.8992	0.8659	0.9713
1	2	0.9990	0.7413	0.6026
1	3	1.0000	0.3291	0.4898
1	4	0.8966	0.9233	0.2325
1	17	0.9972	0.9942	0.2303
1	18	1.0000	0.6749	0.8838
2	3	0.9999	0.5538	0.5129
2	4	0.9982	0.0845	0.5969
2	12	0.9998	0.8620	0.1384
2	16	0.9991	0.2941	0.4103
2	17	0.9991	0.4788	0.4565
2	18	0.9957	0.7717	0.5907
3	4	0.9988	0.7519	0.3706
3	12	1.0000	0.2093	0.1162
3	17	0.9992	0.3394	0.3292
3	18	0.9980	0.1485	0.8189
4	12	0.9966	0.8349	0.0620
4	16	0.8999	0.9077	0.1814
4	17	1.0000	0.8960	0.5820
5	6	0.8502	0.2468	0.5111
5	9	1.0000	0.4824	0.5267
5	10	0.9999	0.6029	0.5020
5	11	1.0000	0.5074	0.8097
5	12	1.0000	0.4456	0.8244
5	13	0.9998	0.5772	0.5797
5	15	0.9990	0.1904	0.4770
5	16	0.9976	0.1734	0.3917
5	17	0.9993	0.1920	0.5785
6	7	0.9999	0.9073	0.9936
6	9	1.0000	0.7455	0.4031
6	10	0.9980	0.7370	0.6058
6	11	0.8497	0.5456	0.9135
7	8	0.9492	0.8094	0.2771
7	9	0.9990	0.9517	0.6252
7	10	0.7501	0.9477	0.2312
8	9	0.9977	0.2773	0.4213
8	10	0.7997	0.2382	0.0195
8	13	0.5997	0.1942	0.3959
9	10	0.9998	0.4614	0.3228
9	13	1.0000	0.4374	0.7204
9	15	0.9999	0.8348	0.4973
10	11	0.9995	0.8616	0.6477
10	12	0.9995	0.8509	0.4973
11	12	0.9977	0.8635	0.5460
11	15	0.6472	0.8244	0.1175
12	13	0.9971	0.9737	0.4277
12	15	0.9993	0.9216	0.3704
12	16	0.9995	0.7786	0.3951
12	17	0.9998	0.6463	0.3930
13	14	0.9988	0.9722	0.4602
13	15	1.0000	0.8056	0.1500
13	16	1.0000	0.9011	0.5595
14	15	0.9947	0.6143	0.0005
14	16	0.9993	0.7611	0.6940
14	17	0.9987	0.8727	0.5546
14	18	0.9959	0.7423	0.3971
15	16	0.9996	0.4065	0.4473
15	17	1.0000	0.3746	0.4713
15	18	0.9984	0.4369	0.2317
16	17	0.9995	0.4891	0.4929
16	18	0.9988	0.3684	0.3112
17	18	0.9998	0.4875	0.4614
