0	1	0.9999	0.9855	0.2230
0	3	0.9983	0.9608	0.4787
0	5	0.9992	0.6732	0.7726
0	10	0.9996	0.6693	0.3880
0	11	0.9503	0.4097	0.3770
1	2	1.0000	0.9747	0.0055
1	3	0.9497	0.7281	0.6407
1	4	0.6503	0.0414	0.4890
1	10	0.9497	0.2119	0.1994
1	11	0.9996	0.0186	0.5371
2	3	0.9999	0.2697	0.6192
2	7	0.9998	0.5941	0.9980
3	4	0.9988	0.9755	0.0002
3	5	0.9981	0.6309	0.5399
3	6	0.9997	0.2166	0.9677
3	7	0.9994	0.0202	0.9525
3	8	0.9996	0.0622	0.7274
3	9	0.9502	0.1388	0.1537
3	10	0.9997	0.8423	0.8340
3	12	1.0000	0.2473	0.8447
3	13	0.9988	0.2253	0.3601
4	5	0.9968	0.1338	0.2570
4	10	0.9970	0.1834	0.9963
4	11	0.9996	0.8519	0.3222
5	6	0.9996	0.9152	0.4507
5	8	0.9998	0.9672	0.7578
5	9	1.0000	0.7858	0.8500
5	10	0.9998	0.6270	0.5504
5	11	0.9999	0.0745	0.3631
5	12	0.9995	0.4086	0.3676
5	13	0.6503	0.1139	0.7155
6	7	0.9998	0.5936	0.4938
6	8	0.9974	0.3449	0.2950
6	9	0.9990	0.4105	0.4999
7	8	0.9995	0.9966	0.2489
7	9	1.0000	0.9766	0.2815
8	9	0.9992	0.4999	0.1922
9	10	1.0000	0.9339	0.3117
9	11	1.0000	0.4504	0.9298
9	12	1.0000	0.5723	0.4124
10	11	1.0000	0.5373	0.6506
10	12	0.9998	0.5700	0.3303
11	12	0.9994	0.8027	0.0706
12	13	1.0000	0.7015	0.8111
