0	1	0.8990	0.6133	0.3610
0	2	0.9001	0.6931	0.5238
0	3	0.8501	0.5358	0.6084
1	2	0.9985	0.4980	0.2256
2	3	0.9993	0.7989	0.6215
2	4	0.6500	0.6872	0.6664
2	5	0.6504	0.6236	0.3356
2	7	0.6003	0.4590	0.4645
2	8	0.5993	0.4924	0.5968
2	9	0.9488	0.5042	0.3878
3	4	0.9993	0.5590	0.4488
3	5	0.9989	0.6661	0.4629
3	7	0.8980	0.5683	0.6197
3	9	0.5503	0.5510	0.3472
4	5	0.9988	0.6298	0.5050
4	7	0.9495	0.6481	0.5316
5	6	0.9490	0.6293	0.5485
5	7	0.9977	0.4239	0.5749
6	7	0.8990	0.6853	0.6806
7	9	0.6993	0.4011	0.5513
8	9	0.9976	0.6440	0.5040
9	10	0.9983	0.8137	0.6396
9	12	0.6494	0.4517	0.4143
10	11	0.9962	0.9834	0.4764
10	12	0.9483	0.8978	0.9289
11	12	0.9503	0.6822	0.6016
