0	1	0.9988	0.8448	0.6918
0	2	0.9999	0.6783	0.3140
0	10	0.9989	0.7452	0.6839
0	11	0.9979	0.9778	0.2107
1	2	0.9474	0.9717	0.1729
1	10	0.9991	0.6605	0.8307
1	11	0.8263	0.8528	0.4085
2	3	0.9999	0.4541	0.5466
2	5	0.9998	0.3053	0.5959
2	7	0.9998	0.0647	0.9045
2	10	1.0000	0.2551	0.7267
2	11	0.9989	0.1930	0.3246
3	4	0.9998	0.8143	0.7054
3	5	1.0000	0.4128	0.6329
3	7	0.9983	0.0939	0.9992
3	8	0.9998	0.5268	0.3871
3	9	0.9994	0.4491	0.7454
3	10	1.0000	0.4577	0.8024
4	5	0.9987	0.9625	0.1153
5	7	0.9999	0.9988	0.9359
5	8	0.9496	0.9012	0.2006
6	7	0.9998	0.4340	0.4227
7	8	0.9025	0.9636	0.0306
8	9	1.0000	0.5851	0.4609
8	10	0.9991	0.3465	0.7048
9	10	1.0000	0.5298	0.5437
10	11	0.9986	1.0000	0.0093
