0	1	0.6994	0.6954	0.5932
0	2	0.9496	0.6532	0.5630
0	13	0.6012	0.3915	0.7121
0	14	0.8986	0.7872	0.9059
0	15	0.6540	0.7907	0.5097
1	2	0.9987	0.6284	0.4115
1	13	0.8505	0.3010	0.2562
1	14	0.9994	0.4621	0.5824
1	15	0.8988	0.3732	0.2910
2	3	0.9979	0.6182	0.4216
2	4	0.8488	0.5134	0.5822
2	5	0.9994	0.8059	0.5390
2	9	0.9978	0.9686	0.6283
2	13	0.9997	0.3763	0.3997
2	14	0.9999	0.4784	0.9221
2	15	0.6000	0.5858	0.4481
2	16	0.8482	0.6215	0.5048
3	4	0.7004	0.7323	0.5186
3	5	0.9997	0.5488	0.7152
3	6	0.6004	0.5724	0.7107
3	7	0.8485	0.3346	0.7048
4	5	0.9953	0.9314	0.4444
5	6	0.9954	0.9525	0.4263
5	7	0.5500	0.7740	0.4543
5	13	0.9991	0.5792	0.3270
5	14	0.6963	0.4969	0.7470
5	16	0.7007	0.4413	0.6677
6	7	0.9474	0.9675	0.8133
6	8	0.5495	0.6224	0.0836
7	8	0.8983	0.7418	0.2460
8	9	0.9999	0.9068	0.3087
8	10	0.9993	0.4686	0.3439
8	13	0.9989	0.3875	0.4420
8	14	0.9985	0.8752	0.8744
8	15	0.9486	0.8987	0.5122
8	16	0.9989	0.5326	0.4099
9	10	0.9965	0.5646	0.0340
9	13	0.9999	0.2355	0.7174
9	14	0.9999	0.0714	0.7130
9	15	0.8993	0.2869	0.5365
9	16	0.9975	0.3537	0.3265
10	11	0.8000	0.9244	0.5135
10	12	0.7494	0.7897	0.5827
10	13	0.9492	0.4778	0.4295
10	14	0.9984	0.7762	0.8916
10	16	0.7992	0.3424	0.4854
11	12	0.9984	0.7352	0.3812
11	13	1.0000	0.5037	0.7597
11	14	0.9998	0.3790	0.7258
11	15	0.9000	0.6969	0.3007
12	13	0.9996	0.5217	0.3494
12	14	0.9985	0.2219	0.7033
12	15	0.8002	0.2970	0.3085
13	14	0.9989	0.6898	0.6395
13	15	0.6006	0.5533	0.4080
13	16	0.7997	0.2621	0.3694
14	15	1.0000	0.6447	0.3123
14	16	0.9496	0.6140	0.1457
15	16	0.9981	0.4657	0.1883
