0	1	0.9935	0.7499	0.5417
0	2	0.9997	0.5128	0.4447
0	4	0.9998	0.6778	0.6450
0	5	1.0000	0.3269	0.7369
0	6	1.0000	0.6471	0.4430
0	9	0.9971	0.6742	0.0729
0	10	0.9983	0.8439	0.7773
0	15	0.9998	0.3991	0.9261
1	2	1.0000	0.7767	0.2038
1	3	0.9999	0.5928	0.8577
1	4	0.9988	0.9321	0.0002
1	6	0.9994	0.5743	0.5518
1	10	0.9995	0.2269	0.9589
1	13	0.9987	0.1070	0.9952
1	15	0.9991	0.4381	0.4008
2	3	0.9989	0.8107	0.4388
2	4	0.9998	0.5894	0.4736
2	5	0.9995	0.3389	0.7875
2	6	0.9483	0.4411	0.1787
2	9	0.7990	0.8644	0.0219
3	4	0.9999	0.4736	0.3277
4	5	0.9992	0.6276	0.7106
5	6	0.9995	0.5097	0.1928
5	9	0.9997	0.2805	0.3474
6	9	0.9998	0.4834	0.2514
6	10	0.9993	0.6084	0.5005
6	12	0.9994	0.9994	0.4576
6	13	0.9998	0.6033	0.4320
6	15	0.9980	0.3389	0.8393
7	8	0.9963	0.8453	0.0045
7	12	0.9955	0.3936	0.0318
8	9	0.9997	0.8369	0.1178
8	12	0.9995	0.3632	0.3789
9	10	0.9986	0.4915	0.2367
9	12	0.9998	0.5225	0.6722
9	13	0.9954	0.8012	0.0014
10	12	0.9948	0.8492	0.5418
10	13	1.0000	0.5786	0.3618
10	15	1.0000	0.4742	0.8371
10	16	0.9995	0.0739	0.8877
10	17	0.9974	0.9609	0.0115
11	12	0.9999	0.8423	0.2469
11	13	0.9993	0.0954	0.9346
11	17	0.9992	0.0915	0.6137
11	18	0.9993	0.0025	0.1383
11	19	0.8986	0.2766	0.7098
12	13	1.0000	0.7812	0.2107
12	17	0.9927	0.6299	0.0024
13	15	0.9975	0.6393	0.6552
13	16	1.0000	0.0734	0.8723
13	17	0.9996	0.7809	0.4387
13	18	0.9005	0.9683	0.1383
14	18	1.0000	0.8239	0.0656
14	19	0.9983	0.8935	0.5189
15	16	0.9969	0.8410	0.7218
15	17	1.0000	0.5513	0.7402
17	18	0.9985	0.7910	0.5479
