1	2	0.9985	0.8718	0.3881
1	3	0.9992	0.7726	0.1287
1	6	0.5504	0.4533	0.1573
2	3	0.9991	0.8849	0.0347
2	4	0.5505	0.7380	0.8685
2	6	0.8995	0.8378	0.1495
2	8	0.8494	0.7119	0.5273
3	4	1.0000	0.7284	0.5000
3	5	0.9498	0.1593	0.6895
3	6	0.7500	0.5259	0.4362
3	7	0.9992	0.5181	0.5751
3	8	0.8495	0.5600	0.6034
3	9	0.7502	0.5887	0.8046
4	5	0.9968	0.9809	0.4282
4	6	0.9999	0.6222	0.5845
4	7	0.9999	0.8068	0.4524
4	8	0.9496	0.7411	0.6264
4	9	0.8503	0.7594	0.6149
4	10	0.5504	0.5719	0.6425
5	6	0.9984	0.7387	0.1886
5	7	0.7990	0.5377	0.7063
6	7	1.0000	0.6019	0.5260
6	8	0.9997	0.5465	0.4828
6	9	0.9498	0.5910	0.5768
6	10	0.9998	0.5349	0.3898
7	8	0.9998	0.5964	0.5429
7	9	0.9994	0.5913	0.6964
7	10	0.9998	0.4830	0.5093
8	9	0.9999	0.6356	0.5332
8	10	0.9996	0.6065	0.5761
9	10	1.0000	0.7096	0.5752
