0	1	1.0000	0.8700	0.2505
0	3	0.8995	0.7623	0.9044
0	4	0.8501	0.5889	0.5389
0	5	0.9993	0.7015	0.5893
1	2	0.9985	0.9889	0.2332
1	3	0.9969	0.9490	0.4514
1	4	1.0000	0.6042	0.5136
1	5	1.0000	0.5505	0.7159
1	6	0.8507	0.8952	0.6425
1	7	0.9999	0.4486	0.3969
1	8	1.0000	0.3786	0.9634
1	15	0.9495	0.5135	0.7465
2	3	1.0000	0.9685	0.0768
2	4	0.9478	0.9805	0.0333
2	5	0.7503	0.4931	0.9523
3	4	0.9972	0.8571	0.2114
3	5	0.9988	0.8401	0.8803
4	5	1.0000	0.6776	0.5235
4	6	0.6006	0.1555	0.6214
5	6	0.9994	0.9540	0.5046
5	7	0.9994	0.6858	0.5808
6	7	0.9994	0.8967	0.0696
6	8	0.9999	0.6314	0.9106
6	9	0.9492	0.4742	0.6553
6	15	0.9491	0.8227	0.3934
7	8	1.0000	0.6849	0.3769
7	9	0.9996	0.2595	0.7917
7	10	0.7502	0.4156	0.4933
7	15	0.9999	0.8063	0.4977
8	9	1.0000	0.7528	0.5104
8	10	0.9999	0.7604	0.5337
8	11	0.7004	0.8671	0.6330
8	12	0.9992	0.8400	0.4655
8	13	0.8505	0.7444	0.4875
8	14	1.0000	0.6443	0.6083
8	15	0.9998	0.5865	0.4939
9	10	0.9985	0.7951	0.1450
9	12	1.0000	0.5051	0.9779
9	13	0.9982	0.6384	0.1685
9	14	0.9987	0.5707	0.2471
9	15	0.9490	0.6107	0.5627
10	11	0.9970	0.9688	0.3456
10	12	0.9998	0.7972	0.4536
10	13	0.9995	0.6553	0.6218
10	14	0.9996	0.5252	0.5718
10	15	0.9982	0.6106	0.2563
11	12	0.9979	0.4670	0.0774
11	14	0.9474	0.7510	0.7498
12	13	0.9999	0.8993	0.3921
12	14	1.0000	0.6888	0.5167
12	15	0.9998	0.5783	0.3613
13	14	1.0000	0.6413	0.3544
13	15	0.5991	0.5290	0.3421
14	15	1.0000	0.7618	0.3919
