0	1	0.9973	0.6690	0.4873
0	2	0.9999	0.5191	0.5115
0	3	0.9998	0.6491	0.7920
0	4	1.0000	0.6301	0.5474
0	6	0.9997	0.6959	0.4935
0	22	1.0000	0.2242	0.9069
1	2	1.0000	0.5716	0.3843
1	4	0.9998	0.3336	0.5397
1	6	0.8999	0.4863	0.7545
1	22	1.0000	0.5356	0.6279
2	3	0.9960	0.7955	0.7003
2	4	0.9998	0.6593	0.4921
2	22	0.9998	0.0015	0.9061
3	4	1.0000	0.9026	0.1518
3	5	1.0000	0.4795	0.8716
3	6	0.9980	0.8552	0.0073
3	7	0.6014	0.2254	0.9040
4	5	0.9989	0.7749	0.6701
4	6	0.9996	0.6332	0.4757
4	8	0.9994	0.6600	0.4571
4	9	0.5016	0.3714	0.0593
4	22	1.0000	0.3002	0.7764
5	6	0.9998	0.5905	0.4303
5	7	1.0000	0.4431	0.6052
5	8	0.9971	0.5964	0.0924
6	7	0.9996	0.5240	0.4339
6	8	0.9979	0.4686	0.3844
6	22	1.0000	0.4668	0.8344
7	8	0.9977	0.4352	0.2635
8	9	0.9488	0.8094	0.1286
8	22	0.9978	0.7285	0.6768
9	10	0.9996	0.8276	0.1451
9	11	0.9990	0.2373	0.3799
9	16	1.0000	0.8552	0.3636
9	19	0.9996	0.8470	0.5190
9	21	1.0000	0.8705	0.9203
9	22	1.0000	0.4575	0.3999
10	11	0.9985	0.5984	0.5367
10	12	0.9999	0.4652	0.4131
10	13	0.9498	0.7087	0.5301
10	14	1.0000	0.5661	0.2793
10	15	0.8497	0.9399	0.7628
10	16	0.9999	0.6347	0.3020
10	17	0.9466	0.9784	0.9825
10	19	0.8984	0.5896	0.2887
11	12	0.9990	0.6621	0.1588
11	13	0.7503	0.4830	0.5534
11	14	0.9987	0.6090	0.4358
11	16	1.0000	0.4331	0.9141
11	19	0.9506	0.2699	0.8996
12	13	1.0000	0.6357	0.4920
12	14	0.9979	0.4835	0.2143
12	15	0.5005	0.8314	0.4981
12	17	0.6507	0.6303	0.9583
13	14	0.9985	0.3407	0.3384
14	15	0.9987	0.7710	0.6562
14	17	0.9987	0.9853	0.9401
15	16	0.9997	0.9243	0.1615
15	18	0.9999	0.6529	0.3933
15	19	0.9961	0.9418	0.0088
16	17	0.9979	0.9990	0.9845
16	18	0.9995	0.7403	0.5552
16	19	0.9985	0.5019	0.5380
16	21	0.9989	0.6056	0.7696
17	18	0.6013	0.4929	0.1276
17	19	0.5011	0.8175	0.9816
18	19	1.0000	0.4946	0.2469
18	20	0.8988	0.1597	0.5850
18	21	0.9966	0.5952	0.0401
19	20	0.9990	0.9512	0.8710
19	21	0.9994	0.4925	0.6161
19	22	0.9993	0.9224	0.0647
20	21	0.9987	0.9296	0.9090
21	22	0.7499	0.9671	0.0555
