0	3	0.5003	0.1657	0.5192
0	15	0.9972	0.3519	0.6893
1	2	0.9981	0.6557	0.2607
1	3	0.6520	0.5669	0.4020
2	3	0.9975	0.2242	0.4133
2	4	0.9980	0.2997	0.4045
2	5	0.9997	0.2062	0.9848
2	7	0.6012	0.0125	0.6844
2	8	0.9990	0.1434	0.4348
2	9	0.9984	0.1522	0.4765
2	14	0.7997	0.1376	0.1889
2	15	0.7488	0.1016	0.3626
3	4	1.0000	0.8886	0.3036
3	5	1.0000	0.4052	0.9816
3	6	0.7491	0.2760	0.3153
3	7	0.9989	0.9664	0.8628
3	8	1.0000	0.6287	0.4583
3	9	0.9996	0.6369	0.4646
3	13	0.8993	0.7248	0.8433
3	14	0.9988	0.3624	0.2892
3	15	0.9998	0.5190	0.6335
3	16	0.8988	0.6740	0.6989
3	17	0.7501	0.5724	0.6200
4	5	0.9945	0.9783	0.5605
4	6	0.9499	0.7645	0.8031
4	7	0.7990	0.2166	0.6117
4	8	0.9994	0.3474	0.5367
4	9	0.7502	0.5023	0.5862
4	14	0.8991	0.6468	0.4086
4	15	0.9992	0.7471	0.5960
4	16	0.8993	0.3543	0.7132
5	6	0.8988	0.9235	0.2841
5	8	0.9969	0.9805	0.3312
5	9	0.7997	0.6537	0.7652
5	15	0.9961	0.7186	0.2580
6	7	0.7488	0.7236	0.8018
6	8	0.6505	0.5954	0.4701
6	15	0.6993	0.7488	0.7206
7	8	0.9978	0.7572	0.0300
7	9	0.5004	0.3390	0.1350
7	15	0.9991	0.3898	0.7037
7	17	0.8495	0.6773	0.6036
8	9	0.9994	0.6964	0.5816
8	11	0.7001	0.7756	0.3149
8	13	0.6502	0.8474	0.5073
8	14	0.9993	0.7600	0.4601
8	15	0.9996	0.6062	0.5146
8	16	0.5001	0.2879	0.4766
9	10	0.9002	0.6413	0.5794
9	11	1.0000	0.7064	0.5426
9	12	0.9499	0.9462	0.8483
9	13	0.9996	0.5640	0.6684
9	14	0.9999	0.5975	0.4491
9	15	0.9998	0.3664	0.4581
9	16	0.8001	0.0890	0.4422
9	17	0.7003	0.1880	0.4030
10	11	0.9990	0.6107	0.6490
10	12	0.8496	0.4914	0.6459
10	13	0.9987	0.4862	0.4440
10	14	0.9993	0.5720	0.3694
10	15	0.9994	0.5639	0.4913
11	12	0.9985	0.9718	0.6825
11	13	0.9999	0.5162	0.4886
11	14	0.9993	0.6004	0.5638
11	15	0.9996	0.5311	0.5483
12	13	0.9976	0.9226	0.0478
12	14	0.9983	0.9497	0.5653
12	15	0.6501	0.9675	0.7862
13	14	0.9989	0.4889	0.3758
13	15	0.9997	0.6863	0.4999
14	15	1.0000	0.3583	0.5065
15	16	0.9476	0.9806	0.5163
