0	1	0.9999	0.6469	0.6410
0	2	1.0000	0.7123	0.5002
0	3	0.9992	0.6029	0.3096
0	4	1.0000	0.7236	0.3586
0	7	0.8503	0.5175	0.7699
1	2	0.9999	0.8876	0.2636
1	4	0.9991	0.7561	0.6368
1	5	0.9983	0.9948	0.7779
1	7	1.0000	0.7208	0.5720
2	3	0.9996	0.9540	0.2195
2	4	0.9990	0.4617	0.2547
2	7	0.7003	0.3108	0.5771
2	11	0.7503	0.7577	0.3709
2	12	0.6504	0.0932	0.8780
2	19	1.0000	0.9024	0.4259
3	4	0.9979	0.9169	0.0766
3	7	0.9988	0.8109	0.9253
3	19	0.7989	0.2448	0.1160
4	5	0.9975	0.9963	0.9865
4	6	0.9986	0.9618	0.1311
4	7	1.0000	0.6076	0.5569
4	8	0.9999	0.6284	0.4369
4	11	0.9972	0.3153	0.2580
5	6	0.9984	0.4970	0.5697
6	7	0.9936	0.4749	0.0164
7	8	0.9997	0.7056	0.3061
8	9	0.9975	0.9939	0.2827
8	10	0.9999	0.8659	0.7876
8	11	0.9999	0.1572	0.1877
8	14	0.9480	0.9994	0.7704
9	10	0.9965	0.8104	0.1556
9	14	0.5503	0.6381	0.4002
10	11	0.9995	0.9808	0.0847
10	12	1.0000	0.6740	0.8280
10	13	0.8992	0.0628	0.1844
10	14	1.0000	0.0254	0.6124
10	15	0.9001	0.3277	0.3539
10	18	0.7498	0.7138	0.3225
11	12	0.9972	0.5492	0.1788
11	19	0.9992	0.8072	0.2977
12	13	0.9959	0.9948	0.3783
12	14	0.9980	0.9690	0.6962
12	15	1.0000	0.9207	0.3706
12	16	0.6501	0.8651	0.3066
12	17	0.9986	0.8918	0.5724
12	18	0.9999	0.4701	0.5370
12	19	0.9995	0.2754	0.7140
13	14	0.9991	0.3048	0.4728
13	17	0.9978	0.4140	0.1506
14	15	0.9993	0.4207	0.5838
14	17	0.9969	0.2725	0.3554
14	18	0.9480	0.7053	0.1491
15	16	0.9999	0.8988	0.3222
15	17	0.9999	0.3494	0.5182
15	18	0.9991	0.1594	0.1428
16	17	0.9998	0.8900	0.2579
17	18	0.9961	0.7054	0.0430
18	19	0.9501	0.8480	0.2334
