0	1	0.9989	0.4930	0.5614
0	3	1.0000	0.0824	0.8197
0	4	0.9496	0.5107	0.5331
0	5	0.5772	0.6305	0.5844
0	6	0.7998	0.6770	0.5581
0	7	0.5501	0.4399	0.1551
0	8	0.8996	0.3764	0.4120
1	2	0.9499	0.8918	0.3453
1	3	0.9996	0.4184	0.4508
1	4	0.9991	0.6184	0.5904
1	6	0.9494	0.3327	0.5964
1	7	0.5013	0.4969	0.3563
1	8	0.9489	0.4919	0.5646
2	3	0.9987	0.9906	0.2167
2	8	0.8990	0.4365	0.5727
2	12	0.9989	0.4504	0.8867
2	13	0.9976	0.4670	0.5334
2	14	0.9997	0.1531	0.8402
2	15	0.9971	0.5103	0.6156
2	16	0.9997	0.9947	0.4511
3	4	0.9999	0.7305	0.4269
3	7	0.9989	0.6107	0.4649
3	8	1.0000	0.3551	0.7028
3	13	1.0000	0.3837	0.7584
3	15	1.0000	0.1934	0.9552
4	5	0.9493	0.9879	0.2900
4	6	0.9983	0.9776	0.6357
4	7	0.9985	0.8939	0.2056
4	8	0.9997	0.6542	0.3436
5	6	0.9978	0.5029	0.3437
5	7	0.9983	0.2195	0.7720
5	8	0.8988	0.5233	0.4114
6	7	0.9985	0.5877	0.4697
6	8	0.9993	0.6562	0.6368
7	8	0.9987	0.4454	0.4694
7	9	0.6664	0.7998	0.2499
7	12	0.6014	0.8053	0.7532
8	9	0.9968	0.9779	0.4226
8	10	0.6679	0.5906	0.6204
8	12	0.9987	0.9568	0.7548
8	13	0.9998	0.6246	0.5403
8	15	0.7454	0.7280	0.4926
9	10	0.9974	0.8054	0.6502
9	11	0.9990	0.7759	0.5939
9	12	0.9502	0.5928	0.6086
9	13	0.9995	0.5628	0.5188
9	14	0.8001	0.5732	0.6423
10	11	0.9980	0.4828	0.6115
10	12	0.9979	0.7046	0.6529
10	14	0.9477	0.5806	0.7722
11	12	0.9974	0.5581	0.2753
11	14	0.6996	0.4307	0.3379
12	13	0.9999	0.7714	0.4719
12	14	0.9999	0.5137	0.6718
12	15	0.8994	0.7921	0.3845
12	16	0.7503	0.4851	0.5439
13	14	1.0000	0.5521	0.6174
13	15	0.9496	0.5711	0.4009
13	16	0.5010	0.8326	0.3186
14	15	1.0000	0.6659	0.2045
14	16	0.9993	0.2622	0.6330
14	17	0.9994	0.5975	0.2625
15	16	0.9994	0.8652	0.3587
15	17	0.9995	0.5290	0.6039
16	17	0.9998	0.5093	0.4458
16	18	0.5001	0.3167	0.4833
17	18	0.9995	0.6722	0.4602
