0	25	0.9999	0.7306	0.9878
0	26	0.9483	0.7291	0.6186
0	27	0.9989	0.6035	0.7813
0	28	0.6001	0.4386	0.5622
0	29	0.9996	0.7988	0.9130
0	30	0.9999	0.7384	0.9126
0	31	0.9500	0.4858	0.7911
0	32	1.0000	0.4829	0.6875
0	33	0.9995	0.4396	0.8131
1	2	0.8994	0.7828	0.2453
1	4	0.9983	0.6626	0.3984
1	5	0.9979	0.5690	0.3771
1	6	0.6998	0.5919	0.3941
1	29	0.7458	0.1527	0.9508
1	30	0.9985	0.3855	0.6278
1	31	0.9998	0.5599	0.5679
1	32	0.9993	0.6842	0.2572
2	4	0.9999	0.5489	0.4436
2	5	0.9992	0.5129	0.6667
2	6	0.9995	0.7403	0.4753
2	7	0.9993	0.7379	0.4944
2	8	0.7997	0.6272	0.4551
2	30	0.9994	0.5672	0.5844
2	31	0.9987	0.3540	0.5601
2	32	0.9987	0.3367	0.2118
3	4	0.9993	0.3359	0.2982
3	5	0.7993	0.0464	0.7771
3	6	0.9493	0.2226	0.4462
4	5	0.9993	0.3759	0.5042
4	6	0.9999	0.3218	0.5906
4	7	0.6987	0.4383	0.3941
4	8	0.9999	0.4441	0.4805
4	30	0.6511	0.4893	0.4297
4	31	0.8994	0.3898	0.4264
4	32	0.8498	0.4335	0.2113
5	6	0.9998	0.6658	0.4587
5	7	0.9990	0.5943	0.3097
5	8	0.9987	0.6541	0.3390
5	9	0.9487	0.8904	0.6188
5	32	0.7497	0.4633	0.0666
6	7	0.9997	0.6292	0.3748
6	8	0.9999	0.6318	0.4578
6	9	0.9997	0.7038	0.7723
7	8	1.0000	0.4423	0.4787
7	9	0.9988	0.2909	0.4142
7	11	0.8998	0.4828	0.5118
7	12	0.9998	0.5827	0.5277
7	13	0.7004	0.5294	0.5519
8	9	1.0000	0.4375	0.4784
8	10	0.9986	0.4827	0.3447
8	11	0.9999	0.5489	0.5570
8	12	0.9998	0.5363	0.4385
9	10	0.9996	0.6888	0.3227
9	11	0.9993	0.4161	0.5227
9	12	0.9997	0.2318	0.1028
9	13	0.8493	0.1893	0.6091
10	11	0.7499	0.5164	0.3006
10	12	0.8997	0.3975	0.2857
10	13	0.7506	0.4296	0.6753
11	12	1.0000	0.6783	0.4586
11	13	0.9993	0.6960	0.4467
11	15	0.9995	0.5838	0.5065
11	16	0.9999	0.6761	0.2458
11	19	0.8995	0.6006	0.4911
12	13	0.9997	0.4679	0.2917
12	14	0.5513	0.1674	0.2208
12	15	0.9998	0.4922	0.5683
12	16	0.9994	0.5636	0.2242
12	17	0.7505	0.1441	0.8083
12	19	0.8989	0.6392	0.5426
13	14	0.9975	0.8367	0.4794
13	15	1.0000	0.2933	0.5350
13	16	0.9992	0.1560	0.2291
13	17	0.9975	0.1435	0.6032
14	17	0.9995	0.7803	0.9132
15	16	1.0000	0.6602	0.3990
15	17	0.9996	0.2975	0.7434
15	19	0.9986	0.6189	0.5726
15	20	0.9502	0.6421	0.4887
15	21	0.5015	0.4653	0.2622
16	17	0.9985	0.2999	0.4492
16	18	0.8997	0.1398	0.5785
16	19	0.9999	0.4418	0.5311
16	20	0.9992	0.4590	0.4537
16	21	0.8498	0.3717	0.3492
17	18	1.0000	0.6847	0.7320
17	19	0.9995	0.1229	0.4385
17	20	0.9985	0.1831	0.3134
17	21	0.9923	0.0941	0.3181
18	19	0.8493	0.7607	0.1822
18	20	0.9998	0.8657	0.1297
18	21	0.9981	0.9747	0.3374
18	24	0.5002	0.3829	0.5985
19	20	0.9995	0.5278	0.4969
19	21	0.9998	0.5571	0.2891
19	30	0.6992	0.5678	0.2509
20	21	0.9994	0.4741	0.3200
21	22	0.9994	0.1217	0.7069
21	23	0.9993	0.1448	0.3652
21	24	0.8993	0.2196	0.3689
21	26	0.5020	0.0852	0.1153
22	23	0.9999	0.9700	0.7044
22	24	0.7501	0.7415	0.6921
24	25	0.7501	0.7552	0.5462
25	26	0.7502	0.9482	0.0557
26	27	0.9987	0.9671	0.4499
26	29	0.9993	0.9484	0.7451
26	30	0.9998	0.7679	0.4753
26	31	0.5012	0.9253	0.3019
26	32	0.8498	0.9855	0.9077
27	28	0.9974	0.7978	0.4845
27	29	0.8502	0.5392	0.4608
27	30	0.9993	0.7219	0.4199
27	31	0.9986	0.2841	0.2249
27	32	1.0000	0.6616	0.9220
27	33	0.7488	0.9003	0.2558
28	29	0.7993	0.5928	0.0536
29	30	0.9981	0.9683	0.4953
29	31	0.9987	0.9634	0.2572
29	32	0.9991	0.9776	0.8532
30	31	0.9997	0.4644	0.3927
30	32	1.0000	0.5423	0.7253
31	32	1.0000	0.4473	0.5019
32	33	0.8488	0.9867	0.6879
