0	1	1.0000	0.5566	0.3869
0	2	1.0000	0.5165	0.5811
0	3	0.9981	0.9434	0.5738
0	4	0.9999	0.4114	0.4571
0	5	0.9995	0.4634	0.5546
0	6	0.9973	0.0392	0.6723
1	2	0.9999	0.5032	0.2138
1	4	0.9995	0.6554	0.1817
1	6	0.9999	0.5378	0.3480
1	7	0.9505	0.0728	0.7687
1	10	0.9992	0.3307	0.0113
1	12	0.9997	0.7791	0.9791
1	13	1.0000	0.6227	0.2994
2	3	0.9988	0.9668	0.3963
2	4	0.9992	0.4388	0.4204
2	13	0.9979	0.0650	0.7130
3	4	0.9999	0.8327	0.3470
4	5	0.9997	0.5281	0.4760
4	6	1.0000	0.5313	0.4654
5	6	1.0000	0.6258	0.4187
6	7	0.9996	0.3366	0.3665
6	10	0.9998	0.2998	0.0000
7	8	0.9999	0.9990	0.5411
7	9	0.9999	0.5802	0.5651
7	10	0.9999	0.6651	0.2658
8	9	1.0000	0.8537	0.4292
8	10	0.9992	0.6960	0.9938
9	10	0.9983	0.6136	0.7477
9	11	0.9974	0.9759	0.1442
9	12	0.9998	0.5894	0.2991
10	11	0.9993	0.9526	0.3905
10	12	1.0000	0.4636	0.5024
10	13	1.0000	0.2848	0.4902
11	12	0.9981	0.8925	0.1416
12	13	1.0000	0.9668	0.3766
