0	1	0.9481	0.5254	0.2966
0	2	0.6001	0.6355	0.4837
0	3	0.7993	0.4090	0.5296
1	2	0.9979	0.4473	0.7405
1	3	0.9989	0.5524	0.6968
1	7	0.6006	0.1927	0.3094
1	8	0.6501	0.5484	0.4102
1	9	0.9980	0.2807	0.6065
2	3	0.9996	0.7147	0.5042
2	7	0.6001	0.5475	0.4430
2	8	0.9492	0.6378	0.5564
2	9	0.9482	0.6723	0.7027
3	4	0.9975	0.9931	0.3525
3	5	0.6004	0.7230	0.4885
3	6	0.9991	0.8079	0.5752
3	7	0.9993	0.4552	0.3650
3	8	0.9998	0.4829	0.4034
3	9	0.9997	0.5351	0.5891
4	5	0.8502	0.6850	0.5703
4	6	0.9481	0.6774	0.3461
4	7	0.9996	0.1444	0.9021
4	8	0.8993	0.3406	0.5775
4	9	0.9986	0.6153	0.4588
5	6	0.8489	0.9204	0.2498
6	7	0.9999	0.8289	0.3451
6	8	0.9997	0.4966	0.3579
6	9	0.9998	0.6045	0.4246
6	10	0.9996	0.8463	0.9436
6	11	0.5998	0.4188	0.2291
6	15	0.9987	0.2220	0.4309
7	8	0.9973	0.3805	0.5159
7	9	0.9989	0.4393	0.5534
8	9	0.9998	0.5052	0.4920
9	10	0.9499	0.9085	0.7328
10	11	0.9979	0.9499	0.4248
10	12	0.9986	0.9222	0.8439
10	13	0.7007	0.6377	0.9667
10	14	0.9985	0.3824	0.1850
10	15	0.9476	0.9841	0.1994
10	18	1.0000	0.6247	0.4162
10	21	0.9494	0.2055	0.4511
10	23	0.9994	0.8589	0.4141
10	24	0.9999	0.2024	0.6325
10	25	0.9999	0.2742	0.5660
11	15	0.9994	0.1869	0.5996
11	18	0.9985	0.9927	0.0403
12	13	0.9994	0.6663	0.6046
12	14	0.9989	0.8084	0.7867
12	16	0.5009	0.0864	0.8429
12	18	0.9968	0.0099	0.9676
13	14	0.9984	0.9743	0.1752
13	18	0.9001	0.0779	0.9053
14	18	0.7508	0.1835	0.4764
16	17	0.9995	0.0668	0.8951
16	18	0.9988	0.9511	0.6519
16	19	0.9992	0.2413	0.1859
17	18	0.9998	0.2250	0.1057
17	19	0.9497	0.6134	0.6490
17	22	0.9964	0.6146	0.0111
18	19	1.0000	0.4404	0.7289
18	20	0.9997	0.9758	0.9401
18	21	1.0000	0.5227	0.8239
18	22	1.0000	0.1102	0.0788
18	23	0.9998	0.3818	0.4211
18	24	1.0000	0.6849	0.6706
18	25	0.6001	0.6405	0.4713
20	21	0.8494	0.7129	0.3619
21	22	0.9989	0.9982	1.0000
21	23	0.9992	0.8870	0.6069
21	24	0.9989	0.2287	0.2605
23	24	0.9501	0.7014	0.7981
