0	1	1.0000	0.7048	0.3444
0	2	1.0000	0.5101	0.5095
0	3	0.9984	0.9751	0.4930
0	4	0.9484	0.7763	0.4840
0	5	0.9994	0.3800	0.4349
0	6	0.8466	0.1062	0.2656
0	7	0.9992	0.0094	0.5673
0	8	0.8998	0.8984	0.9343
1	2	0.9981	0.5548	0.1198
1	5	0.9988	0.5853	0.3253
1	7	0.9994	0.5859	0.3597
1	8	1.0000	0.0772	0.7982
1	10	0.9996	0.2686	0.4143
1	12	0.9986	0.9697	0.9976
1	13	1.0000	0.8391	0.3854
2	3	0.9948	0.9746	0.6792
2	5	0.9991	0.4628	0.3689
2	13	0.9965	0.0183	0.7250
3	4	0.9991	0.7787	0.1040
3	5	0.9942	0.5726	0.0035
3	6	0.6004	0.7247	0.9532
4	5	0.9956	0.6731	0.0169
4	6	0.9995	0.5540	0.9847
5	6	1.0000	0.5348	0.4301
5	7	0.9966	0.6452	0.5232
6	7	1.0000	0.7269	0.3285
7	8	0.9992	0.2860	0.2348
7	10	0.9975	0.3956	0.0599
8	9	0.9987	0.7542	0.4550
8	10	0.9993	0.5152	0.4469
8	11	0.7489	0.5073	0.0000
8	12	0.9986	0.3081	0.6087
9	10	1.0000	0.4710	0.7746
9	11	1.0000	0.8942	0.0638
10	11	0.9994	0.6420	0.1532
10	12	1.0000	0.3526	0.6073
10	13	1.0000	0.2347	0.4925
11	12	0.9974	0.7210	0.5164
12	13	0.9990	0.9867	0.3625
