0	1	0.8996	0.7734	0.2206
0	6	0.7500	0.4818	0.5905
0	7	0.9972	0.9139	0.0381
0	15	0.9974	0.8483	0.1802
0	17	0.6998	0.6817	0.1964
1	6	0.6505	0.3216	0.6240
1	7	0.9978	0.5337	0.6083
1	14	0.9492	0.4953	0.7935
1	15	0.9999	0.4905	0.5364
1	16	0.9477	0.5033	0.8411
1	17	0.6001	0.4358	0.1834
2	3	1.0000	0.7416	0.3983
2	4	0.7503	0.4797	0.5480
2	5	0.9038	0.4331	0.7407
2	6	0.7504	0.5419	0.3616
2	7	0.5506	0.2125	0.7809
2	8	0.5025	0.6053	0.5115
2	11	0.8007	0.5347	0.4460
3	4	0.9999	0.6526	0.4566
3	5	0.9998	0.4060	0.5791
3	8	0.6009	0.4369	0.7254
4	5	0.9999	0.6005	0.3852
4	9	0.7999	0.7137	0.7030
4	10	0.9999	0.5321	0.5186
4	11	0.8498	0.6651	0.4772
5	6	0.9995	0.9281	0.1734
5	9	0.6789	0.4899	0.3571
5	10	0.6003	0.3676	0.3920
6	7	0.9989	0.7757	0.0745
6	15	0.7994	0.7626	0.1977
7	8	0.9987	0.9751	0.1285
7	11	0.9506	0.7324	0.6473
7	13	0.9499	0.6615	0.5880
7	14	0.9992	0.7831	0.6377
7	15	0.9992	0.5376	0.4851
7	16	0.9977	0.6091	0.6223
7	17	0.9966	0.4438	0.1264
8	9	0.9987	0.7620	0.3558
8	10	0.7016	0.5495	0.5731
8	11	0.9501	0.6619	0.5373
8	13	0.5005	0.4955	0.6173
8	14	0.5004	0.4248	0.6433
9	10	0.9995	0.8403	0.6926
9	11	0.9995	0.4531	0.5119
9	12	0.6002	0.6607	0.5852
10	11	0.9996	0.7084	0.4023
10	13	0.5005	0.5107	0.3121
11	12	0.9992	0.6162	0.5130
11	13	0.9999	0.5732	0.4165
11	14	0.8004	0.7602	0.4331
12	13	0.9994	0.7490	0.6374
13	14	0.9991	0.8890	0.4474
14	15	0.9991	0.8912	0.1781
14	16	0.8494	0.9205	0.9089
14	17	0.8503	0.7563	0.3638
15	16	0.9988	0.4422	0.6322
15	17	0.9960	0.4019	0.0851
16	17	0.9993	0.9977	0.1024
