0	1	0.9952	0.8772	0.9102
0	2	0.9998	0.6644	0.3351
0	5	0.9999	0.5283	0.3010
0	12	0.9981	0.7761	0.8748
0	14	0.9979	0.2529	0.5725
0	15	1.0000	0.0007	0.3764
0	16	0.9999	0.4417	0.5785
0	17	0.9986	0.1947	0.0506
0	19	0.9953	0.9615	0.3309
1	2	1.0000	0.7625	0.2203
1	4	0.9999	0.2737	0.6680
1	5	0.9999	0.7919	0.0124
1	17	1.0000	0.7155	0.1538
1	19	0.9999	0.6151	0.8237
2	3	0.9998	0.9997	0.2642
2	4	0.9971	0.8292	0.5979
2	5	0.9999	0.5257	0.4662
2	7	0.9993	0.8598	0.4412
2	9	0.9983	0.8566	0.5663
2	12	0.9984	0.9879	0.9872
2	14	0.9975	0.5046	0.6888
2	16	0.9992	0.4616	0.6996
2	17	0.8510	0.0292	0.0324
3	4	0.9960	0.4829	0.1371
3	5	0.9983	0.3187	0.9922
3	7	0.9984	0.0645	0.9752
3	9	0.6034	0.0360	0.9587
4	5	0.9981	0.6317	0.5612
4	6	0.9999	0.2545	0.7440
4	7	0.9969	0.3650	0.0748
5	6	0.9986	0.9207	0.6876
5	7	1.0000	0.7004	0.3490
5	9	1.0000	0.6428	0.3574
5	12	0.9980	0.8211	0.8072
5	14	0.9983	0.3877	0.6202
5	16	1.0000	0.4829	0.6743
6	7	0.9996	0.5771	0.2196
6	8	0.9990	0.3363	0.8045
6	9	0.9960	0.6131	0.0000
7	8	0.9941	0.8420	0.6225
7	9	0.9997	0.4586	0.4303
7	10	0.9986	0.9985	0.9451
7	12	0.9999	0.4164	0.8492
7	14	0.9993	0.1147	0.5942
7	16	0.9998	0.5264	0.9697
8	9	0.9997	0.5839	0.2612
8	11	0.9996	0.1988	0.7042
8	12	0.9951	0.6833	0.0012
9	10	0.9972	0.9905	0.4068
9	11	0.9970	0.7651	0.7135
9	12	0.9979	0.4840	0.6754
9	13	0.9994	0.9996	0.4561
9	14	0.9986	0.3314	0.4426
9	16	0.9999	0.5363	0.8149
10	12	0.9910	0.0317	0.9781
10	13	0.9001	0.0052	0.0857
11	12	1.0000	0.8282	0.2211
11	13	0.9983	0.1926	0.6954
11	14	0.8971	0.8303	0.0000
12	13	0.9974	0.9553	0.4630
12	14	0.9974	0.6544	0.5363
12	15	0.9988	1.0000	0.4987
12	16	0.9988	0.8131	0.6534
13	14	0.9999	0.5122	0.3955
13	15	0.9979	0.1885	0.7473
13	16	0.8504	0.3029	0.0449
14	15	0.9968	0.9056	0.5051
14	16	1.0000	0.7065	0.3564
14	17	0.9997	0.9945	0.0720
15	16	0.9999	0.3656	0.3384
15	17	0.9991	0.2621	0.4405
15	18	1.0000	0.2858	0.4138
16	17	0.9973	0.7733	0.0445
16	18	1.0000	0.9936	0.8918
17	18	1.0000	0.5043	0.4475
17	19	0.9998	0.0309	0.7005
17	20	1.0000	0.4168	0.9457
18	19	0.9998	0.9827	0.2215
18	20	1.0000	0.8828	0.6713
19	20	0.9996	0.6297	0.5515
