0	2	0.9992	0.5553	0.6831
0	3	0.9490	0.1527	0.0088
0	4	1.0000	0.8270	0.2989
0	8	0.9985	0.6590	0.1326
0	10	0.9965	0.6715	0.5720
0	11	0.9999	0.2928	0.5035
0	12	0.9995	0.9929	0.0000
1	2	0.9963	0.4530	0.0301
1	8	0.7508	0.7850	0.9940
1	10	0.6028	0.0815	0.0053
1	12	1.0000	0.4662	0.6731
1	14	1.0000	0.5402	0.9626
2	3	0.9988	0.8984	0.0050
2	4	0.9996	0.4492	0.3162
2	7	0.9967	0.1853	0.5624
2	8	0.9998	0.3810	0.4970
2	10	0.9988	0.5203	0.4524
2	11	0.9496	0.8711	0.9549
2	12	0.9995	0.2550	0.2559
3	4	0.9973	0.0516	0.0016
3	5	0.9966	0.1926	0.9884
3	7	0.9974	0.0037	0.9437
3	8	1.0000	0.0006	0.0508
3	10	0.9973	0.8463	0.9991
4	5	0.9996	0.4712	0.4133
4	6	0.5021	0.0714	0.3825
4	7	0.9996	0.3714	0.4024
4	8	0.9995	0.3189	0.4028
4	9	0.9995	0.7802	0.8238
4	10	0.9993	0.5180	0.4649
4	11	1.0000	0.6931	1.0000
4	12	1.0000	0.4510	0.0334
5	6	0.9963	0.6865	0.6565
5	7	0.9977	0.8281	0.4105
5	8	0.9986	0.6585	0.5122
5	9	0.9999	0.0368	0.7454
5	10	0.9975	0.4026	0.4394
5	11	0.6654	0.0228	0.9809
6	7	0.9999	0.7320	0.2665
6	8	1.0000	1.0000	0.6878
7	8	0.9998	0.4948	0.4839
7	9	0.9024	0.0000	0.9965
7	10	1.0000	0.0004	0.2469
8	9	0.9999	1.0000	1.0000
8	10	0.9994	0.7031	0.3813
8	12	0.9998	1.0000	0.5800
9	10	1.0000	0.9150	0.1704
9	12	1.0000	0.5754	0.9256
10	11	0.9992	0.7180	0.5972
10	12	0.9988	0.1857	0.2947
10	14	0.8489	0.4518	0.6175
12	14	0.9997	0.5970	0.8336
13	14	0.9984	0.3160	0.4027
13	15	0.9982	0.9187	0.9831
13	18	0.8522	0.7392	0.4750
13	20	0.9981	0.3190	0.4900
13	21	0.9989	0.5945	0.5610
14	15	0.9996	0.3935	0.6393
14	18	0.9991	0.2665	0.4370
14	19	0.9999	0.1910	0.8391
14	20	0.9502	0.5401	0.6273
15	16	0.9986	0.9847	0.4752
15	17	0.9978	0.9270	0.8935
15	18	0.9994	0.8418	0.5737
15	19	0.8983	0.9914	0.3787
15	20	1.0000	0.5001	0.4179
15	21	0.9998	0.9045	0.7104
16	17	0.9997	0.6859	0.4836
16	18	0.9981	0.3901	0.6289
16	19	0.9988	0.6471	0.0802
16	20	0.9498	0.5860	0.2132
17	18	0.8700	0.7839	0.3804
17	20	0.7503	0.9800	0.3296
18	20	0.9998	0.6794	0.2831
18	21	0.9997	0.4580	0.5823
20	21	0.9996	0.4518	0.4213
