0	1	0.7445	0.8792	0.1767
0	6	0.5500	0.6843	0.4911
0	11	0.6058	0.7465	0.4637
0	12	0.8996	0.3261	0.3394
1	2	0.7494	0.6837	0.2794
1	4	0.8995	0.5451	0.4916
1	6	0.8999	0.4196	0.2939
1	11	0.6027	0.2257	0.3365
1	14	0.6003	0.2213	0.4303
2	4	0.9004	0.5182	0.2559
2	6	0.8997	0.9003	0.3804
2	11	0.9476	0.6040	0.5877
2	12	0.8011	0.0068	0.1104
2	13	0.9500	0.6139	0.8361
2	14	0.6998	0.4482	0.3109
3	4	0.9986	0.6191	0.4520
3	7	0.9978	0.9890	0.8238
3	8	0.9978	0.9971	0.9726
4	5	0.9994	0.9990	0.0026
4	6	0.9988	0.7581	0.5143
4	7	0.9985	0.3510	0.8057
4	8	0.9989	0.2226	0.7872
4	9	0.9993	0.0947	0.7626
4	10	0.9995	0.2844	0.2074
4	11	1.0000	0.9355	0.8603
4	13	1.0000	0.3618	0.7283
4	14	0.9483	0.6419	0.1778
5	6	0.9953	0.3476	0.1737
5	11	0.9982	0.0883	0.9890
5	12	0.9970	0.8480	0.1042
6	7	0.9982	0.9582	0.2211
6	9	0.8499	0.8739	0.8371
6	10	0.9996	0.7983	0.7332
6	11	0.9991	0.7125	0.6269
6	12	0.9997	0.1618	0.2651
6	13	0.9998	0.5848	0.4101
6	14	0.5514	0.4082	0.3906
7	8	0.9983	0.7217	0.5963
7	9	0.9987	0.5915	0.4067
7	10	0.9995	0.3983	0.4959
8	9	0.9987	0.9874	0.5236
8	10	1.0000	0.9945	0.2874
9	10	0.9986	0.6192	0.1523
10	11	0.9997	0.9207	0.3553
10	12	0.7007	0.6628	0.8748
10	13	1.0000	0.5817	0.5324
11	12	1.0000	0.5250	0.6166
11	13	0.9999	0.6272	0.3247
12	13	0.9994	0.7260	0.1443
13	14	1.0000	0.5366	0.5753
