0	2	0.9994	0.7632	0.9532
0	3	0.8490	0.5288	0.4254
0	9	0.9994	0.6622	0.8064
0	10	0.9995	0.5835	0.3041
1	2	0.8493	0.4227	0.3704
1	8	0.6503	0.8087	0.5714
1	10	0.9996	0.4497	0.5339
2	3	1.0000	0.9804	0.4716
2	4	1.0000	0.7630	0.3832
2	6	0.9980	0.1498	0.6011
2	7	0.9994	0.4092	0.3455
2	8	0.7506	0.1444	0.9653
2	9	1.0000	0.7080	0.4440
2	10	1.0000	0.8157	0.3850
3	4	0.9989	0.3294	0.2766
3	7	0.9998	0.1718	0.0516
3	9	0.9984	0.2215	0.7604
3	10	0.9980	0.6318	0.5783
4	5	0.9980	0.6281	0.2249
4	6	0.9991	0.5178	0.4664
4	7	0.9997	0.5523	0.2468
4	8	0.8499	0.9547	0.9778
4	9	1.0000	0.5223	0.3652
4	10	0.9994	0.4615	0.2240
5	6	0.8988	0.5960	0.2047
5	9	0.5010	0.5049	0.5050
6	7	0.9999	0.4973	0.4926
6	8	0.9497	0.0001	0.9973
6	9	1.0000	0.1131	0.1431
6	10	0.9983	0.2055	0.6440
7	8	0.9983	0.9992	1.0000
7	9	0.9996	0.5388	0.2764
7	10	0.9965	0.8247	0.7395
8	9	0.9993	0.9927	0.1800
8	10	0.9999	0.8487	0.6813
8	15	0.6026	0.1612	0.9830
9	10	0.9982	0.3902	0.2097
11	12	0.5507	0.3287	0.6933
11	15	0.8973	0.2877	0.4603
11	16	0.7433	0.3239	0.7768
11	20	0.7003	0.3648	0.5067
11	21	0.8499	0.5580	0.5259
12	14	0.6502	0.8578	0.3823
12	15	0.9995	0.8352	0.7204
12	16	0.5005	0.8058	0.2735
12	18	0.7007	0.6598	0.4146
12	20	0.9491	0.8743	0.4116
12	21	0.9500	0.6991	0.2599
13	14	0.9995	0.4443	0.5733
13	15	0.8997	0.4494	0.3825
13	16	0.8980	0.5379	0.9082
13	18	0.9980	0.6072	0.6733
13	20	0.9982	0.6134	0.5871
13	21	0.9487	0.6182	0.5643
14	15	0.9991	0.5265	0.5443
14	16	0.7001	0.6881	0.6859
14	18	0.9483	0.6909	0.3698
14	20	0.7002	0.3751	0.4315
14	21	0.9992	0.4680	0.4501
15	16	0.9992	0.3028	0.5041
15	17	0.9990	0.5911	0.6495
15	18	1.0000	0.6574	0.5201
15	19	0.8998	0.9972	0.7757
15	20	0.9998	0.6814	0.5190
15	21	1.0000	0.6749	0.3588
16	17	0.9989	0.7359	0.6880
16	18	0.9989	0.4957	0.4215
16	19	0.8978	0.6211	0.9367
16	20	0.9488	0.4812	0.4719
16	21	0.9990	0.8710	0.3814
17	18	0.9992	0.6914	0.4893
17	20	0.9981	0.4229	0.6259
17	21	0.9499	0.4089	0.4890
18	19	0.9991	0.9201	0.8403
18	20	0.9999	0.6178	0.4518
18	21	0.9998	0.5406	0.4082
19	20	0.9962	0.9959	0.0928
19	21	0.9983	0.9561	0.7599
20	21	1.0000	0.5235	0.4272
