0	1	0.9945	0.7988	0.5143
0	2	1.0000	0.4768	0.3482
0	20	0.9999	1.0000	0.1653
0	21	1.0000	0.6527	0.4078
0	22	1.0000	0.3343	0.8529
0	23	1.0000	0.5886	0.4474
0	24	0.9994	0.9962	0.6910
0	37	0.9996	0.0956	0.9381
1	2	0.9993	0.7688	0.0560
1	5	1.0000	0.3021	0.5044
1	11	0.9990	0.9988	0.1275
1	18	0.9982	0.6970	0.4689
1	19	0.9941	0.7815	0.0003
1	23	1.0000	0.5554	0.9521
1	24	0.5984	0.2597	0.0797
1	35	1.0000	0.2576	0.9925
1	36	1.0000	0.0269	0.0577
1	37	0.9997	0.4620	0.4117
2	18	0.9976	0.7335	0.8473
2	19	0.9996	0.8866	0.6036
2	20	0.9493	1.0000	0.0212
2	21	0.9983	0.9666	0.6481
2	22	0.9997	0.7568	0.3556
3	4	1.0000	0.7162	0.3707
3	12	0.6260	0.5001	0.9747
3	27	1.0000	0.9431	0.5161
3	29	0.8494	0.7851	0.8732
3	30	0.9973	0.7348	0.1333
4	5	0.9996	0.9821	0.7656
4	6	0.9987	0.2814	0.3212
4	12	0.8010	0.1627	0.9539
4	17	1.0000	0.7766	0.3887
4	18	0.9985	0.6865	0.0029
4	27	0.9988	0.4336	0.1222
4	29	0.9991	0.2668	0.9552
4	30	0.9979	0.1734	0.3781
4	37	0.6507	0.7957	0.0224
5	6	0.9960	0.5436	0.0872
5	11	0.8975	0.3692	0.5704
5	17	0.9994	0.5725	0.8484
5	18	0.9988	0.7177	0.2379
5	37	0.9965	0.3500	0.1570
6	7	0.9999	0.9975	0.0976
6	17	0.9989	0.4394	0.3943
6	18	0.9994	0.6405	0.4065
7	8	0.7964	0.6460	0.6584
7	9	0.9990	0.8308	0.6303
7	10	0.9506	0.8172	0.2152
7	11	0.8999	0.2387	0.9965
7	16	0.9993	0.2943	0.8088
7	17	0.9997	0.1415	0.0224
7	28	0.7500	0.5921	0.7137
7	29	0.9991	0.5561	0.9498
8	9	0.8495	0.7863	0.6403
8	10	0.5010	0.7838	0.0903
8	16	0.9497	0.6537	0.8876
8	29	0.9986	0.3152	0.4108
9	10	0.9975	0.7873	0.0941
9	28	0.5505	0.6257	0.9307
10	11	0.9996	0.9772	0.1266
10	13	0.9998	0.6395	0.9584
10	15	0.9999	0.3309	0.6993
10	16	0.8962	0.4503	0.1331
10	37	0.6519	0.9689	0.0179
11	12	0.9996	0.9919	0.0631
11	17	0.7048	0.5731	0.7319
11	18	0.9982	0.8574	0.9991
12	13	0.7485	0.7842	0.0128
12	17	0.6981	0.5812	0.0103
12	29	0.9488	0.9899	0.8199
12	30	0.6991	0.9684	0.3212
12	31	0.6494	0.9662	0.4746
13	14	0.9980	0.9312	0.5646
13	15	0.9985	0.7961	0.5134
13	28	0.9993	0.1629	0.9899
13	30	1.0000	0.0105	0.9982
13	31	0.5483	0.1556	0.2147
13	32	0.9991	0.0162	0.3925
13	34	0.9969	0.3308	0.1118
14	15	0.9982	0.8600	0.0958
15	16	0.9485	0.9991	0.0929
15	29	0.6998	0.6885	0.1099
15	34	0.8524	0.6559	0.3355
15	36	0.8484	0.2046	0.3294
16	17	0.8007	0.8145	0.1029
16	28	0.9482	0.7822	0.9550
17	18	0.9987	0.8222	0.0718
17	27	0.7008	0.1753	0.0114
17	28	0.9987	0.0325	0.8333
17	29	0.9976	0.1437	0.8318
17	37	1.0000	0.9365	0.0778
18	19	0.9993	0.9239	0.5109
18	37	0.5049	0.0779	0.0444
19	21	0.9986	0.9705	0.9895
19	22	0.9994	0.8495	0.5630
20	21	0.9996	0.5127	0.3493
20	22	0.9997	0.5985	0.5568
20	23	0.9997	0.8563	0.4365
20	24	0.5012	0.2901	0.6027
20	25	0.9988	0.5778	0.2184
20	35	0.9998	0.9234	0.0459
21	22	1.0000	0.5525	0.4444
21	23	0.9987	0.3363	0.1556
21	25	0.9946	0.2144	0.0100
21	35	1.0000	0.0097	0.0040
22	23	0.9980	0.9944	0.0090
23	24	0.9951	0.9682	0.5593
23	25	0.9496	0.9298	0.0797
23	35	0.9999	0.6998	0.4877
23	36	0.9980	1.0000	0.9995
23	37	0.9991	0.4618	0.8682
24	25	0.9999	0.2517	0.6713
24	26	0.9990	0.2927	0.5424
24	35	1.0000	0.4746	0.9969
24	36	1.0000	0.0793	0.8922
25	26	0.9969	0.4763	0.5629
25	35	0.9988	0.2391	0.7657
26	27	0.6983	0.8882	0.0339
26	30	0.9000	0.6423	0.8947
26	34	0.9999	0.5279	0.9618
26	35	0.9998	0.4457	0.9687
26	36	0.9998	0.4168	0.8539
27	28	0.9986	0.3307	0.2341
27	29	0.9997	0.4684	0.4047
27	30	1.0000	0.5037	0.5156
27	31	0.9981	0.2838	0.3535
27	32	0.9997	0.4191	0.7514
27	33	0.9988	0.6808	0.3076
27	34	0.9995	0.0986	0.0649
28	29	0.9999	0.5485	0.4327
28	30	1.0000	0.6099	0.4580
28	31	0.9967	0.9101	0.3348
28	32	0.9998	0.6625	0.7358
28	33	0.9997	0.1584	0.7049
29	30	0.9990	0.3904	0.5207
29	31	0.7512	0.1245	0.4092
29	32	0.9989	0.0179	0.8368
29	33	0.9997	0.0154	0.4059
30	31	0.9994	0.9373	0.4147
30	32	0.9998	0.5232	0.5472
30	33	0.9976	0.7537	0.1115
30	34	0.6505	0.8548	0.1026
31	32	0.9993	0.5414	0.3389
31	34	0.9965	0.3680	0.1084
31	36	0.5978	0.2781	0.3183
32	33	0.9999	0.7607	0.8797
34	35	0.9482	0.9808	0.7321
35	36	0.9988	0.9996	0.9884
35	37	0.9999	0.4917	0.5280
36	37	0.9976	0.6980	0.1620
