0	1	1.0000	0.8391	0.3489
0	2	0.5515	0.5898	0.3913
0	7	0.9478	0.3938	0.5799
0	8	0.7500	0.3279	0.5719
0	18	0.8990	0.5621	0.6268
0	19	0.9997	0.1570	0.6843
1	2	0.9976	0.4473	0.1374
1	3	0.6504	0.0992	0.3245
1	6	0.5075	0.6130	0.6195
1	7	0.9998	0.5222	0.4732
1	18	0.6006	0.3345	0.6217
1	19	0.9997	0.3161	0.6167
2	3	0.9968	0.9522	0.2782
2	4	0.6009	0.7793	0.1375
2	6	1.0000	0.5673	0.6376
2	7	0.9995	0.5743	0.5360
2	8	0.9481	0.5713	0.4560
2	9	0.5504	0.4708	0.4343
2	12	0.6997	0.5587	0.4105
2	18	0.8985	0.5371	0.3930
2	19	0.8502	0.3243	0.5309
3	4	0.9989	0.5736	0.3668
3	6	0.9959	0.6956	0.1030
4	5	0.9999	0.8177	0.4818
4	6	0.9986	0.4217	0.2632
5	6	0.9496	0.3138	0.0253
6	7	0.9994	0.7583	0.1495
6	8	1.0000	0.7582	0.8582
7	8	0.9998	0.6081	0.6977
7	9	0.8499	0.6493	0.3831
7	12	0.6509	0.7917	0.3246
7	18	0.5504	0.6379	0.4125
7	19	0.9994	0.6371	0.8196
8	9	0.9979	0.4806	0.2519
8	11	0.9502	0.2123	0.8751
8	12	0.9976	0.4458	0.1273
8	17	0.6512	0.2899	0.8864
8	18	0.6494	0.5204	0.2913
9	10	0.7999	0.9831	0.1720
9	11	0.9988	0.8459	0.6305
9	12	0.9993	0.5315	0.5162
9	17	0.9993	0.7466	0.6929
9	18	0.9999	0.5354	0.3596
9	19	0.9990	0.3561	0.6091
10	11	0.9974	0.7179	0.0911
10	12	0.8003	0.2741	0.9157
10	13	0.9995	0.4695	0.6054
10	14	0.5004	0.3969	0.5123
10	15	0.7003	0.6089	0.6585
10	17	0.9988	0.3615	0.5848
11	12	0.9996	0.6436	0.2242
11	14	0.5514	0.2167	0.6637
11	16	0.5009	0.0510	0.5896
11	17	1.0000	0.3059	0.8712
11	18	0.9961	0.7599	0.0017
12	17	0.9997	0.4738	0.7131
12	18	0.9995	0.5661	0.3767
12	19	0.6012	0.5557	0.3629
13	14	0.9996	0.6593	0.3392
13	15	1.0000	0.6738	0.4355
13	16	0.5499	0.5351	0.0776
13	21	0.5504	0.6903	0.5160
14	15	0.9997	0.5601	0.4484
14	16	0.9987	0.6705	0.2192
14	17	0.7504	0.4839	0.3349
15	16	0.9982	0.8924	0.0645
15	21	0.5994	0.3662	0.3466
17	18	0.9990	0.7653	0.1921
18	19	0.9984	0.9168	0.3257
19	20	0.8500	0.6291	0.3261
19	22	0.7500	0.5201	0.8076
20	21	0.5503	0.5953	0.5103
20	22	0.8002	0.6609	0.5345
20	23	0.5005	0.4841	0.4141
21	22	0.9995	0.4800	0.3103
22	23	0.9989	0.8820	0.2336
23	24	0.9981	0.9549	0.4511
23	25	0.9001	0.7874	0.4302
23	26	0.7506	0.6555	0.6422
24	25	0.8488	0.6148	0.0237
24	26	0.7001	0.6959	0.9180
25	26	1.0000	0.7715	0.3700
25	27	0.9992	0.6154	0.4466
26	27	0.9998	0.3781	0.5170
26	28	0.7000	0.3412	0.5489
26	29	0.9981	0.5155	0.3179
26	31	1.0000	0.3937	0.6852
27	28	0.9001	0.7648	0.6249
27	29	0.6999	0.6374	0.4483
27	31	0.8986	0.5677	0.5696
28	29	0.9996	0.6827	0.5378
28	31	0.8001	0.6043	0.4714
28	32	0.6002	0.6120	0.4609
29	30	0.9980	0.7912	0.8322
29	31	0.9483	0.4952	0.5274
29	32	0.9995	0.4761	0.8962
29	33	0.7992	0.4944	0.6511
29	34	0.5503	0.4550	0.4316
30	31	0.9481	0.8710	0.3102
31	32	0.9989	0.8068	0.6978
31	33	0.9485	0.5051	0.6647
31	34	0.9001	0.6175	0.4282
32	33	0.9984	0.8674	0.2904
32	34	0.9497	0.7165	0.7226
33	34	0.9492	0.6148	0.3926
33	35	0.7005	0.5911	0.6182
34	35	0.8005	0.8889	0.5152
34	37	0.8997	0.6191	0.5348
34	38	0.5006	0.4575	0.5070
34	39	0.9994	0.5457	0.4374
34	40	0.5569	0.6888	0.5282
34	41	0.9492	0.6009	0.7193
34	45	0.9994	0.6641	0.3822
34	46	0.9488	0.4929	0.5797
34	47	0.7008	0.5374	0.4919
35	36	0.5499	0.8682	0.5313
35	37	0.7008	0.7055	0.3475
36	37	0.9994	0.4285	0.4539
37	38	0.7500	0.3201	0.3672
37	39	0.9499	0.5212	0.4493
37	40	0.5519	0.3420	0.5116
37	41	0.8499	0.6943	0.7452
37	47	0.5514	0.3571	0.3401
38	39	0.5998	0.5983	0.2614
38	41	0.5500	0.4121	0.6407
38	42	0.6999	0.7510	0.4435
39	40	0.8992	0.5978	0.7185
39	41	0.9989	0.5468	0.7605
39	42	0.5008	0.1799	0.3498
39	43	0.7500	0.4263	0.4906
39	44	0.7003	0.2547	0.6060
39	46	0.9990	0.7370	0.6916
39	47	0.7002	0.6636	0.5082
40	41	0.9985	0.7747	0.8101
40	42	0.8496	0.6024	0.5503
40	43	0.9497	0.6186	0.5087
40	44	0.5512	0.4412	0.3421
40	45	0.9996	0.8417	0.4995
40	46	0.9495	0.6256	0.6128
40	47	0.8923	0.5441	0.6310
40	48	0.7500	0.7114	0.5612
41	42	0.8995	0.9338	0.3067
41	44	0.9497	0.7463	0.9389
41	45	0.9990	0.5438	0.6543
41	46	0.9988	0.4573	0.5823
41	47	0.8489	0.4647	0.5316
41	48	0.8010	0.3595	0.3716
42	43	0.9501	0.9372	0.5100
42	44	0.9991	0.9343	0.4674
42	45	0.8995	0.5135	0.1700
42	46	0.5504	0.4658	0.6655
43	44	0.8498	0.5779	0.3099
43	45	0.5720	0.5499	0.0870
44	45	0.9993	0.7643	0.1808
44	46	0.7001	0.6167	0.5811
45	46	0.9997	0.5339	0.5423
45	47	0.9993	0.5207	0.4052
45	48	0.7999	0.5474	0.3732
46	47	0.9987	0.5982	0.6176
46	48	0.6952	0.5653	0.4204
