0	15	0.6001	0.7795	0.2381
1	2	0.9985	0.9404	0.1967
1	3	0.9994	0.6859	0.3230
1	4	0.9998	0.8149	0.4761
1	9	0.8989	0.5953	0.5933
1	12	0.9484	0.7564	0.7200
1	14	0.7497	0.3583	0.4814
1	15	0.6007	0.1613	0.2095
2	3	0.9960	0.9356	0.0902
2	4	0.9496	0.8128	0.4266
3	4	0.9984	0.5559	0.2325
3	5	0.5494	0.2542	0.7515
3	6	0.6000	0.6043	0.7332
3	14	0.5502	0.5886	0.6013
3	15	0.5506	0.6313	0.1127
4	5	0.9987	0.9789	0.5613
4	6	0.8503	0.7433	0.7764
4	9	0.8178	0.5707	0.5573
4	14	0.5002	0.2983	0.7193
5	6	0.6489	0.8046	0.4268
5	9	0.9489	0.3025	0.6978
5	10	0.6502	0.6065	0.7012
6	9	0.7500	0.3049	0.5690
6	10	0.9494	0.7206	0.8036
7	8	0.9996	0.5916	0.3547
7	9	0.9986	0.5771	0.7868
7	10	0.9977	0.8176	0.5957
7	11	0.9991	0.5206	0.7156
7	12	0.6006	0.6211	0.2645
7	13	0.9981	0.7294	0.3686
8	9	1.0000	0.5115	0.5346
8	10	0.9994	0.4581	0.5906
8	11	0.9997	0.2042	0.7491
8	12	0.9986	0.6153	0.6446
8	13	0.9995	0.5803	0.4125
8	14	0.9988	0.3423	0.3833
8	15	0.7503	0.2730	0.6645
9	10	1.0000	0.9689	0.4744
9	11	0.6007	0.6476	0.5653
9	12	0.8994	0.6641	0.4165
9	13	0.9997	0.7540	0.4614
9	15	0.5997	0.8995	0.1581
10	11	0.9979	0.9394	0.3293
10	12	0.6499	0.6303	0.1403
11	12	0.9980	0.9316	0.1287
11	13	0.8990	0.7921	0.5666
12	13	0.9997	0.6561	0.4911
12	14	0.9485	0.7543	0.4381
13	14	0.9996	0.8479	0.5601
14	15	1.0000	0.7559	0.4059
