0	1	0.9989	0.7151	0.2160
0	3	0.8998	0.7086	0.3927
1	2	0.9987	0.6764	0.6063
1	3	0.7997	0.5833	0.2603
2	3	0.9976	0.9665	0.2063
3	4	0.8502	0.7245	0.6308
3	5	0.9001	0.4927	0.3986
3	8	0.9991	0.8473	0.1535
3	15	0.5504	0.4884	0.7076
3	20	0.5009	0.5539	0.4458
4	5	0.8500	0.8910	0.1998
4	7	0.9497	0.6522	0.6896
4	8	0.9992	0.6052	0.5899
4	9	0.9502	0.9186	0.3958
4	10	0.8496	0.6618	0.2707
4	11	0.8010	0.6382	0.4211
5	6	1.0000	0.7007	0.4943
5	7	0.7992	0.5680	0.1679
5	8	0.8499	0.2842	0.5469
7	8	0.9997	0.7072	0.2482
7	10	0.9996	0.8080	0.5581
7	11	0.9976	0.6204	0.1252
7	13	0.9980	0.6212	0.1974
7	15	0.9991	0.5260	0.4147
7	17	0.9993	0.3350	0.8175
8	9	0.9992	0.9607	0.4080
8	10	0.9983	0.3115	0.3586
8	11	1.0000	0.5646	0.4915
8	12	0.9981	0.9697	0.6635
8	13	0.9497	0.4937	0.4932
8	14	0.7001	0.7080	0.5801
8	15	0.9998	0.6125	0.4854
9	10	0.8497	0.7688	0.1446
9	11	1.0000	0.5117	0.8536
9	12	0.7501	0.4180	0.3003
9	13	0.6005	0.4056	0.6603
9	15	0.7998	0.3681	0.8605
10	11	0.9971	0.5537	0.0532
10	12	0.8001	0.1776	0.8286
10	13	0.9988	0.2988	0.3300
10	14	0.6012	0.2168	0.8731
10	15	0.9987	0.4181	0.0827
11	12	0.9991	0.8086	0.7339
11	13	0.9993	0.4536	0.4953
11	14	0.9990	0.5902	0.5320
11	15	0.9972	0.5569	0.5599
11	16	0.8502	0.8062	0.4874
12	13	0.9981	0.8397	0.8060
12	14	0.8031	0.7100	0.4750
12	15	0.9986	0.8728	0.4838
12	16	0.6500	0.8827	0.5840
13	14	0.9989	0.7605	0.4830
13	15	0.9990	0.4787	0.4248
13	16	0.9989	0.8768	0.6702
14	15	0.9986	0.6508	0.1447
14	16	0.9999	0.7177	0.9308
15	16	1.0000	0.6123	0.5789
15	17	0.6992	0.5258	0.4757
16	17	0.9990	0.6312	0.6426
16	18	1.0000	0.2165	0.8345
17	18	0.9971	0.9900	0.5303
17	19	0.9494	0.6680	0.4678
17	20	0.8497	0.9558	0.0700
18	19	0.9997	0.5937	0.7867
18	20	0.8985	0.3749	0.0566
19	23	0.9983	0.4973	0.4194
20	21	0.7498	0.6908	0.4487
21	22	0.9492	0.6667	0.2981
22	23	0.9999	0.9346	0.2345
22	24	0.9000	0.5409	0.8378
22	25	0.9994	0.8364	0.3911
22	27	0.8503	0.9010	0.1185
22	30	0.5373	0.3702	0.3728
23	24	0.9990	0.9606	0.4483
23	25	0.9999	0.6543	0.3841
23	26	0.9475	0.7134	0.3951
24	25	0.9507	0.7309	0.5623
24	26	0.5512	0.7432	0.3737
24	27	0.8499	0.4950	0.5187
24	31	0.8508	0.4473	0.9589
25	26	0.9994	0.6863	0.4896
25	28	0.5520	0.6722	0.2589
25	30	0.9188	0.8412	0.3858
25	31	0.5502	0.7709	0.5323
26	27	0.9996	0.7418	0.3498
26	28	0.9989	0.5185	0.4554
26	29	0.9989	0.4059	0.5760
26	30	0.9999	0.5804	0.6085
26	31	0.9992	0.6315	0.4797
27	28	0.9995	0.6474	0.5043
27	29	0.9492	0.5898	0.4944
27	30	0.9995	0.5270	0.6313
27	31	0.9495	0.6746	0.6047
27	32	0.6497	0.7911	0.7191
27	33	0.6504	0.5961	0.5020
28	29	0.9991	0.5838	0.5900
28	30	0.9999	0.7838	0.5414
28	31	0.9493	0.5142	0.5455
28	37	0.5509	0.2925	0.3849
29	30	0.9992	0.7926	0.5176
29	31	0.7997	0.5504	0.5214
29	37	0.5006	0.6358	0.5219
30	31	0.9990	0.7514	0.2616
31	32	0.9999	0.6016	0.8660
31	33	0.9999	0.6794	0.5119
31	34	0.9981	0.9612	0.5281
31	35	0.9997	0.6375	0.4609
31	37	0.9999	0.3317	0.8983
32	33	0.9990	0.8254	0.1718
32	34	0.9999	0.4990	0.6722
33	34	1.0000	0.8293	0.3917
33	35	0.9997	0.6830	0.5568
33	36	0.9003	0.9375	0.3180
33	37	0.9988	0.3764	0.6714
34	35	0.9983	0.4319	0.1752
34	37	0.9000	0.7890	0.8358
35	36	0.9980	0.9507	0.4694
35	37	0.9497	0.7255	0.5829
36	37	0.9989	0.7917	0.0696
