0	1	0.8498	0.5599	0.5533
0	2	0.8212	0.5733	0.6105
0	3	0.9498	0.5969	0.5809
0	4	0.7501	0.5084	0.4490
0	7	0.6997	0.4614	0.5284
0	9	0.9994	0.6062	0.7873
0	14	0.5005	0.4724	0.2890
1	2	0.9992	0.5902	0.5500
1	3	0.9492	0.5004	0.4662
1	4	0.8498	0.5012	0.4738
1	6	0.6005	0.4244	0.2745
1	7	0.7007	0.6259	0.5984
1	9	0.9992	0.5290	0.5166
1	18	0.7994	0.5148	0.3595
2	3	0.9998	0.6635	0.4329
2	4	0.8999	0.6759	0.5178
2	6	0.7005	0.6890	0.4675
2	7	0.7637	0.5450	0.5629
2	9	0.9013	0.7184	0.6441
3	4	0.9997	0.6123	0.4184
3	5	0.5946	0.3567	0.5080
3	6	0.9995	0.6386	0.5146
3	7	0.9492	0.5379	0.5857
3	8	0.6502	0.4317	0.5756
3	9	0.9992	0.6353	0.5859
3	14	0.8007	0.6043	0.4388
3	18	0.6008	0.5244	0.4178
4	5	0.9496	0.7434	0.6274
4	6	0.9996	0.5579	0.6134
4	7	0.9989	0.5575	0.5926
4	8	0.9496	0.6297	0.6240
4	9	0.9992	0.4808	0.5799
4	12	0.6015	0.8441	0.5157
4	14	0.8997	0.6674	0.6118
4	15	0.6502	0.6322	0.4016
4	16	0.8000	0.6637	0.5289
4	17	0.7507	0.4011	0.4036
4	18	0.6505	0.5327	0.4797
5	6	0.9994	0.8235	0.4059
6	7	0.9500	0.6770	0.5252
6	8	0.9985	0.6979	0.7044
6	9	0.9000	0.5731	0.4089
6	12	0.9992	0.6019	0.6298
6	14	0.8500	0.6226	0.7201
6	15	0.6003	0.4770	0.4485
6	16	0.6509	0.5357	0.3844
7	8	0.7999	0.6754	0.7314
7	9	0.8500	0.6138	0.5285
8	9	0.9493	0.6763	0.5085
8	12	0.6009	0.4502	0.4653
8	14	0.6507	0.4966	0.5520
9	10	0.8466	0.7235	0.4419
9	12	0.8987	0.6768	0.6339
9	14	0.7002	0.7615	0.4351
9	15	0.9487	0.7188	0.6292
9	16	0.8997	0.6795	0.5593
9	17	0.5501	0.6552	0.2929
9	18	0.6012	0.6334	0.3917
10	13	0.8500	0.5087	0.5408
10	16	0.5502	0.4434	0.6344
10	17	0.6008	0.3729	0.4938
10	18	0.7002	0.5373	0.5125
10	20	0.5495	0.2573	0.3650
11	12	0.9518	0.8533	0.4692
11	13	0.6504	0.4932	0.4848
11	14	0.5515	0.3403	0.3213
11	15	0.7500	0.7632	0.3326
11	16	0.5006	0.5177	0.4316
11	17	0.7500	0.4714	0.5242
11	18	0.5502	0.3706	0.6240
12	13	0.8498	0.5220	0.5101
12	14	0.8501	0.4699	0.7752
12	15	0.6512	0.5612	0.4881
12	16	0.5012	0.5096	0.3402
12	17	0.7007	0.4632	0.5530
13	14	0.5010	0.5502	0.5803
13	15	0.6507	0.3658	0.3977
13	16	0.6004	0.6681	0.5590
13	17	0.6499	0.4978	0.5488
14	15	0.9990	0.5873	0.4605
14	16	0.8517	0.5350	0.5616
14	17	0.6005	0.4091	0.4058
14	18	0.5004	0.5921	0.4227
15	16	0.9988	0.4002	0.4542
15	18	0.7008	0.4437	0.6356
16	17	0.7005	0.6266	0.4047
16	18	0.7513	0.5958	0.4218
16	19	0.5504	0.4627	0.5693
17	18	0.8500	0.6207	0.4996
17	20	0.5504	0.4073	0.5674
18	19	0.9500	0.7063	0.5287
18	21	0.7001	0.4230	0.4331
19	20	0.8999	0.6309	0.3480
19	21	0.7504	0.5939	0.3179
20	21	0.8001	0.3143	0.3850
21	22	0.9992	0.5421	0.4730
21	23	0.9991	0.4768	0.4064
21	25	0.9984	0.5146	0.4734
21	26	0.9489	0.4707	0.5578
21	27	0.9989	0.4866	0.4216
22	23	0.9990	0.5926	0.6350
22	24	0.8502	0.6185	0.6039
22	25	0.9992	0.5207	0.4930
22	26	0.9990	0.5513	0.5084
22	27	0.9996	0.5469	0.4318
23	24	0.9993	0.7674	0.5937
23	25	0.9995	0.5799	0.4688
23	26	0.9998	0.6826	0.5386
23	27	0.9991	0.5005	0.5455
24	25	0.9991	0.6961	0.5771
24	26	0.9993	0.5953	0.5715
24	27	0.9499	0.6767	0.5460
25	26	0.9492	0.5477	0.5374
25	27	0.9994	0.5417	0.4786
26	27	0.7996	0.5423	0.5056
