0	1	0.9966	0.5987	0.0169
0	16	0.8003	0.7424	0.4868
0	17	0.9994	0.6395	0.6437
1	2	0.9998	0.4319	0.2880
1	11	0.6007	0.9212	0.2452
1	12	0.9983	0.9909	0.1686
1	13	0.9989	0.9248	0.4101
1	14	0.9999	0.6526	0.6152
1	16	1.0000	0.1923	0.7519
1	17	0.9946	0.2451	0.4161
1	18	0.9988	0.9413	0.0349
2	3	1.0000	0.9984	0.1380
2	12	0.9994	0.0608	0.0869
2	13	0.9985	0.6541	0.5728
2	14	1.0000	0.4907	0.3797
2	15	0.7508	0.0047	0.2070
2	16	0.9969	0.8129	0.6113
2	17	0.9999	0.8382	0.1735
3	4	1.0000	0.7535	0.2708
3	5	1.0000	0.3393	0.6209
3	8	0.9998	0.6723	0.4103
3	11	0.9998	0.5973	0.7300
3	13	1.0000	0.4599	0.7787
3	14	0.9998	0.4204	0.2712
3	15	0.9977	0.9307	0.5969
3	16	0.9000	0.5431	0.2051
4	5	0.9965	0.7722	0.5331
4	6	0.9997	0.5457	0.4542
4	7	0.9998	0.4076	0.6936
4	8	0.9997	0.4684	0.4088
4	10	0.9496	0.8787	0.2926
4	11	0.9986	0.4974	0.5143
5	6	0.9993	0.6013	0.1993
5	8	1.0000	0.2638	0.9495
5	11	0.9998	0.1417	0.9760
5	13	0.7510	0.0698	0.9564
6	7	0.9976	0.7274	0.6349
6	8	0.8006	0.6293	0.3827
6	10	0.8002	0.9897	0.1574
7	8	0.9988	0.6938	0.0388
7	10	0.9998	0.3082	0.5826
8	9	0.9952	0.9988	0.5668
8	10	0.9999	0.5767	0.3585
8	11	0.9997	0.4956	0.4868
8	12	0.9500	0.9384	0.0541
8	13	0.9998	0.6222	0.2692
8	15	1.0000	0.0000	0.0493
9	10	0.9989	0.9947	0.0331
9	11	0.9491	0.4213	0.9859
9	12	0.7495	0.5142	0.6862
9	20	0.9468	0.9468	0.4717
9	21	0.9991	0.8343	0.1178
10	11	0.9971	0.4744	0.0750
10	12	1.0000	0.1260	0.9011
10	13	0.8496	0.3228	0.0030
11	12	0.9988	0.7493	0.1254
11	13	1.0000	0.6327	0.3751
11	14	0.9992	0.5418	0.6863
11	15	1.0000	0.0002	0.0673
12	13	0.9998	0.1124	0.2880
12	14	0.9504	0.1760	0.9128
13	14	0.9994	0.4593	0.5556
13	15	1.0000	0.0002	0.1295
13	16	0.8003	0.7752	0.3181
14	15	0.9998	0.9967	0.2334
14	16	1.0000	0.1055	0.3930
15	16	0.5504	0.5606	0.0110
17	18	0.9989	0.9088	0.0487
18	19	0.9990	0.9008	0.5599
18	20	0.9988	0.9637	0.9288
18	21	1.0000	0.8521	0.4211
18	24	1.0000	0.5518	0.9856
18	25	0.9997	0.5119	0.3089
19	20	0.7990	0.7083	0.4803
19	21	0.9981	0.3945	0.5893
19	24	0.9489	0.8601	0.6774
19	25	0.9005	0.0832	0.9721
21	22	0.9994	0.6745	0.3341
21	23	0.9486	0.2365	0.4647
21	24	0.9994	0.4799	0.2610
21	25	1.0000	0.4208	0.8716
22	23	0.9990	0.4946	0.2890
22	24	0.9968	0.4731	0.1447
22	25	0.9998	0.8227	0.9339
22	26	0.9995	0.9058	0.6774
23	24	0.9987	0.4509	0.3071
24	25	0.9990	0.9481	0.6504
24	26	0.5206	0.6433	0.5596
25	26	0.9996	0.8401	0.2578
