0	1	0.9987	0.3625	0.4106
0	4	0.8989	0.3573	0.3661
0	5	0.9992	0.4376	0.8530
0	6	0.8995	0.5134	0.6078
1	2	0.9972	0.9559	0.3410
1	3	0.9983	0.9087	0.4303
1	4	0.9966	0.1255	0.3275
1	5	0.9993	0.4927	0.6114
1	6	0.8500	0.4125	0.4237
2	3	0.9988	0.8151	0.2093
2	5	0.9998	0.2266	0.4688
2	6	0.5514	0.1897	0.8198
3	4	0.9997	0.9022	0.0463
3	5	1.0000	0.6654	0.4761
3	7	0.9499	0.9706	0.9344
3	8	0.9977	0.9108	0.0177
3	13	0.9991	0.8721	0.9965
4	5	0.9997	0.4862	0.5030
5	6	0.9999	0.7703	0.2883
5	13	0.6998	0.5657	0.2834
6	12	0.9490	0.7766	0.5209
7	8	0.9985	0.9476	0.4132
7	9	0.9978	0.8715	0.3864
7	11	0.9977	0.4495	0.1819
7	12	0.9997	0.5124	0.4806
7	13	0.9492	0.8629	0.5268
7	16	1.0000	0.5114	0.5591
7	18	0.9990	0.1830	0.3851
7	20	1.0000	0.5983	0.4532
7	21	1.0000	0.0901	0.6243
8	13	0.9984	0.5891	0.9729
8	16	0.9994	1.0000	0.0660
9	10	0.9992	0.2694	0.4299
9	11	0.9956	0.6515	0.0273
9	12	0.9988	0.8756	0.9279
9	13	0.8004	0.8626	0.9933
9	14	0.8241	0.3887	0.9502
9	16	0.9993	0.0235	0.7759
10	11	0.9974	0.8285	0.0582
10	12	0.9998	0.9693	0.6031
10	16	1.0000	0.0408	0.8090
11	12	0.9980	0.5252	0.6259
11	13	0.5001	0.4433	0.6476
11	16	1.0000	0.0039	0.6327
12	16	0.5005	0.4600	0.4593
13	16	0.5509	0.8804	0.2251
14	15	0.9999	0.1266	0.9098
14	16	0.9990	0.9746	0.5669
14	17	0.9987	0.5091	0.1341
15	16	0.9999	0.1532	0.1378
15	17	0.9995	0.4812	0.9291
15	19	0.9997	0.1297	0.0122
16	17	1.0000	0.4730	0.7779
16	18	1.0000	0.5147	0.7397
16	19	1.0000	0.0160	0.0134
16	20	0.9995	0.3575	0.3184
16	21	1.0000	0.9311	0.2707
18	19	0.9996	0.9754	0.9981
18	20	0.9994	0.5923	0.6183
18	21	0.9992	0.2091	0.1704
19	20	1.0000	0.9957	0.2189
20	21	0.9998	0.9683	0.3913
