0	1	0.9990	0.8089	0.1055
2	3	0.9987	0.6813	0.7272
2	4	0.9491	0.6081	0.8381
2	5	0.9994	0.6694	0.6027
2	6	1.0000	0.5857	0.5203
2	7	0.9993	0.5714	0.3314
3	4	0.8993	0.6547	0.5485
3	5	0.9987	0.4996	0.4957
3	6	0.9990	0.6966	0.5604
3	7	0.9988	0.8480	0.1939
3	21	0.7536	0.0561	0.9176
4	5	0.9996	0.5220	0.4530
4	6	0.9984	0.6434	0.6522
4	7	0.9497	0.5417	0.3862
5	6	0.9999	0.6171	0.5274
5	7	0.9488	0.4726	0.2367
5	19	0.5508	0.5192	0.2116
5	21	0.9496	0.5407	0.8668
6	7	0.9985	0.7460	0.2670
6	21	0.9991	0.8215	0.9940
8	9	0.9493	0.7267	0.7412
8	10	0.9499	0.7359	0.4691
8	19	0.9991	0.8790	0.9722
9	10	0.7006	0.7475	0.2608
9	19	0.6005	0.8876	0.9388
10	19	0.9483	0.8163	0.9417
11	12	0.8179	0.4126	0.1392
11	13	0.9495	0.3729	0.6544
11	25	0.9994	0.4934	0.4406
11	27	1.0000	0.9241	0.4545
11	28	1.0000	0.9100	0.1120
11	29	0.9502	0.2236	0.9299
11	30	0.9999	0.1068	0.0470
12	13	0.9984	0.6999	0.1055
12	23	0.9982	0.3348	0.5770
12	24	1.0000	0.4013	0.8482
12	25	0.9997	0.5507	0.5481
12	26	0.9998	0.9896	0.0587
12	27	0.9472	0.4481	0.2339
13	14	0.9956	0.9985	0.0032
13	15	0.9999	0.8523	0.4142
13	16	0.7998	0.5320	0.4839
13	17	0.8477	0.8282	0.2576
13	20	0.9995	0.8023	0.6224
13	23	0.9993	0.5046	0.7763
13	25	0.9999	0.1564	0.9161
14	15	0.9974	0.9606	0.0039
14	16	0.9005	0.1170	0.9394
14	18	0.7032	0.0233	0.4170
14	19	0.7502	0.9916	0.9832
14	20	0.9974	0.9322	0.0035
15	16	0.9987	0.9336	0.2249
15	18	0.8502	0.8974	0.4117
15	19	0.9999	0.3955	0.7462
15	20	0.9994	0.4874	0.5402
15	21	0.9993	0.9875	0.1902
15	23	0.9985	0.3233	0.3126
16	17	0.9969	0.7611	0.4530
16	18	0.9996	0.6513	0.4167
16	20	0.9999	0.2728	0.9487
17	18	0.6988	0.4726	0.3861
18	19	0.5524	0.7154	0.0708
19	20	1.0000	0.8952	0.3075
19	21	0.9997	0.3965	0.5339
19	22	1.0000	0.5595	0.8542
19	23	0.9999	0.9638	0.0778
20	21	1.0000	0.9978	0.0568
20	22	1.0000	0.9227	0.9094
20	23	0.9999	0.5387	0.3983
21	22	0.9997	0.3727	0.5082
21	23	0.9998	0.0207	0.9282
21	24	0.9982	0.1855	0.2875
22	23	0.9981	0.9592	0.6586
22	24	0.9997	0.5939	0.5931
23	24	0.9500	0.9393	0.8877
23	25	0.9001	0.8156	0.3230
24	25	0.9998	0.9549	0.2846
25	26	0.9999	0.9972	0.2633
25	27	0.9479	0.5149	0.0684
26	28	0.9500	0.6836	0.6695
26	29	0.5499	0.7352	0.4788
27	28	0.9994	0.0551	0.1447
28	29	1.0000	0.6498	0.5997
28	30	0.9985	0.0663	0.5121
29	30	0.9992	0.9126	0.8094
29	31	0.7501	0.7670	0.3913
30	31	0.9999	0.2961	0.4157
30	33	0.7187	0.3732	0.0884
31	32	0.9971	0.6672	0.0671
31	33	0.9994	0.5364	0.4011
32	33	0.9996	0.2796	0.3589
