0	1	0.9999	0.8238	0.7597
0	2	0.9500	0.6561	0.4872
0	3	0.9000	0.7207	0.4502
0	4	0.9500	0.6989	0.3188
1	2	0.9984	0.6963	0.3220
1	3	0.6503	0.7184	0.3678
1	4	0.6016	0.6136	0.2815
2	3	0.8499	0.6840	0.3933
2	4	0.9484	0.2957	0.3133
2	5	0.9000	0.4572	0.3892
3	4	0.9990	0.7316	0.1275
3	5	0.5508	0.6170	0.5523
4	5	0.9993	0.5902	0.4930
4	6	0.9482	0.4966	0.5972
4	9	0.6998	0.6972	0.4528
4	10	0.9494	0.4571	0.4559
4	15	0.5005	0.7274	0.3732
4	18	0.5503	0.5983	0.5852
5	6	0.9997	0.5196	0.4734
5	7	0.9993	0.4993	0.5481
5	8	0.9997	0.3507	0.5196
5	9	0.9499	0.6019	0.4262
5	11	0.6995	0.3523	0.4590
6	7	0.9990	0.7341	0.5239
6	9	0.9995	0.5291	0.4455
6	10	0.9489	0.5296	0.5235
7	8	0.9002	0.9622	0.5749
7	9	0.9986	0.8620	0.3004
7	10	0.7001	0.6111	0.4840
7	11	0.5506	0.5440	0.5903
7	12	0.8001	0.5352	0.3701
8	9	0.9985	0.8328	0.1047
8	10	0.9996	0.7853	0.6363
8	14	0.8996	0.6598	0.6976
9	10	0.9992	0.4551	0.4548
9	11	0.9986	0.4099	0.6892
9	12	0.9996	0.4741	0.5842
9	13	0.9993	0.5320	0.6449
9	14	0.9497	0.4954	0.4738
9	15	0.9495	0.6171	0.4936
9	16	0.6005	0.4512	0.4365
9	18	0.5000	0.5043	0.4921
9	19	0.5005	0.5179	0.3371
9	22	0.7991	0.4989	0.6747
10	11	0.7988	0.6866	0.5289
10	12	0.8999	0.4864	0.5716
10	13	0.9999	0.5721	0.6566
10	14	0.7997	0.5035	0.3610
10	15	0.9504	0.6028	0.6046
11	12	0.9491	0.6534	0.5874
11	13	0.6494	0.5329	0.6118
12	13	0.7502	0.6288	0.5372
12	14	0.6005	0.5863	0.5375
12	15	0.5516	0.5569	0.4201
13	14	0.9494	0.8688	0.3416
13	15	0.5513	0.4925	0.6094
14	15	0.9984	0.9188	0.3020
14	18	0.7004	0.5310	0.4248
14	22	0.8998	0.5802	0.5342
15	16	0.9994	0.5378	0.4657
15	18	0.5505	0.5238	0.4103
16	17	0.9497	0.8688	0.5444
16	18	0.9989	0.5236	0.5530
16	19	0.8504	0.5527	0.4299
16	20	0.9487	0.7645	0.4836
16	21	0.9977	0.8368	0.6014
16	22	0.8499	0.5312	0.3916
17	18	0.9503	0.5092	0.4500
17	19	0.8499	0.5537	0.6571
17	20	0.6502	0.4386	0.3537
17	21	0.9493	0.7713	0.3384
17	22	0.8496	0.4318	0.5369
18	19	0.9996	0.6091	0.4836
18	20	0.9500	0.3791	0.4697
18	21	0.8997	0.4173	0.4175
18	22	0.8493	0.4400	0.5521
18	24	0.5500	0.4510	0.4675
18	25	0.6010	0.4518	0.4628
18	27	0.5008	0.5501	0.4075
19	20	0.9997	0.8108	0.4641
19	21	0.9493	0.8069	0.3819
19	22	0.5487	0.4132	0.3750
19	23	0.9498	0.8156	0.4038
19	24	0.8286	0.4508	0.6196
19	25	0.7493	0.5143	0.5327
19	26	0.6510	0.3635	0.5511
19	27	0.7501	0.3626	0.4989
20	21	0.9997	0.7322	0.1972
20	22	0.8489	0.3846	0.6431
20	23	0.6005	0.7232	0.4690
20	24	0.7522	0.6429	0.3646
20	25	0.5042	0.5016	0.4475
21	22	0.9990	0.6911	0.3720
21	23	0.6004	0.3905	0.4941
21	24	0.8497	0.5035	0.5543
21	25	0.8001	0.5085	0.5666
22	23	0.9496	0.7439	0.4509
22	24	0.7472	0.5234	0.4733
22	25	0.9495	0.5805	0.5629
22	26	0.9492	0.5780	0.3898
22	27	0.7496	0.4159	0.4784
23	24	0.9997	0.5592	0.4623
23	25	0.9997	0.4714	0.7277
23	26	0.7504	0.4584	0.3857
23	27	0.6505	0.5157	0.4995
24	25	0.9993	0.5766	0.5558
24	26	0.8999	0.3473	0.3595
24	27	0.5510	0.5125	0.4395
25	26	0.8999	0.6088	0.4044
25	27	0.8500	0.6398	0.4331
26	27	0.9501	0.6644	0.3015
