0	1	0.9995	0.8821	0.7167
0	2	0.9493	0.6676	0.5001
0	17	0.5507	0.4738	0.7334
0	26	0.8501	0.4583	0.8183
0	27	0.8499	0.3510	0.5911
0	28	1.0000	0.7009	0.6333
1	2	0.9498	0.5723	0.4052
1	27	0.6482	0.4712	0.4020
1	28	0.7501	0.1403	0.5203
2	3	0.6988	0.8399	0.4014
2	28	0.8502	0.5164	0.3754
3	4	0.7000	0.4386	0.0533
3	5	0.6495	0.7658	0.7487
3	24	0.5501	0.2791	0.8755
3	25	0.9997	0.2045	0.6129
3	28	0.6007	0.1703	0.3303
4	5	0.9993	0.4548	0.5139
4	6	0.9978	0.4487	0.5928
4	12	0.9983	0.5385	0.5685
4	13	0.9492	0.4877	0.5594
4	14	0.5995	0.5165	0.4692
4	16	0.9995	0.8760	0.2405
4	23	0.9984	0.4028	0.4062
4	24	0.9981	0.6479	0.8274
4	25	0.8997	0.7210	0.3775
5	6	0.7479	0.4845	0.4420
5	7	0.7997	0.6213	0.2439
5	11	0.5497	0.6582	0.8604
5	12	0.9980	0.8279	0.6670
5	13	0.9996	0.8513	0.4555
5	14	0.8494	0.5782	0.6492
5	15	0.5493	0.7386	0.3296
5	16	1.0000	0.8920	0.1979
5	23	0.6502	0.8110	0.5029
5	24	0.9987	0.5896	0.7845
5	25	0.9988	0.6166	0.3875
6	9	0.9994	0.6514	0.4094
6	11	0.7479	0.5474	0.7844
6	12	0.9987	0.6438	0.6209
6	13	0.9997	0.7189	0.3799
6	14	0.7992	0.5199	0.5789
6	23	0.8997	0.6876	0.3612
6	24	0.6500	0.2886	0.7275
7	8	0.9992	0.7337	0.3229
7	9	0.8995	0.5471	0.2640
7	23	0.8997	0.5442	0.3584
8	9	0.9990	0.5879	0.2507
9	10	0.9980	0.8265	0.7178
9	11	0.9489	0.6095	0.4989
10	11	0.5005	0.5303	0.2212
11	12	0.6498	0.7882	0.3247
11	13	0.5514	0.5420	0.5348
12	13	0.9989	0.5039	0.4670
12	14	0.7992	0.4787	0.6135
12	23	0.8997	0.6463	0.4878
12	24	0.5994	0.4030	0.4362
13	14	0.9498	0.9278	0.5918
13	15	0.8485	0.9334	0.4271
13	23	0.6998	0.4315	0.4180
13	24	0.7496	0.5568	0.4428
13	25	0.6502	0.7060	0.4292
14	15	0.9497	0.8888	0.3519
14	22	0.8000	0.1812	0.8249
14	23	0.8158	0.4519	0.4067
15	16	0.9967	0.9014	0.0274
15	24	0.9976	0.5499	0.5545
15	25	0.9977	0.8416	0.2728
16	17	0.9997	0.7713	0.3235
16	23	0.7495	0.3900	0.3746
16	24	0.9998	0.5115	0.3692
16	25	1.0000	0.5017	0.4751
16	27	0.9981	0.8603	0.6073
17	18	0.9979	0.9862	0.2994
17	22	0.6486	0.6024	0.4954
17	23	0.8987	0.6178	0.7507
17	24	0.9975	0.4060	0.2065
17	25	0.9997	0.3675	0.3736
17	26	0.9996	0.8125	0.7301
17	27	0.8997	0.7027	0.4473
17	28	0.5995	0.8574	0.1390
18	19	0.9989	0.6623	0.3044
18	20	0.5496	0.5180	0.8028
18	22	0.8487	0.4970	0.4367
18	26	0.8503	0.3326	0.8202
19	20	0.8487	0.5079	0.5690
19	21	0.5021	0.3924	0.2985
19	22	0.9989	0.8196	0.2075
19	26	0.5170	0.3247	0.5078
20	21	0.8505	0.7410	0.4900
20	22	0.9986	0.6317	0.4507
20	28	0.5006	0.5609	0.2755
21	22	0.9982	0.6948	0.2923
22	23	0.9995	0.7339	0.5844
22	24	0.8503	0.6444	0.4566
23	24	0.9986	0.6067	0.1489
23	25	0.9992	0.6886	0.6632
23	27	0.5011	0.7335	0.3918
24	25	0.9998	0.4275	0.4221
24	26	0.9488	0.5214	0.1846
24	27	0.8993	0.4737	0.5037
25	26	0.9495	0.5403	0.1782
25	27	0.8502	0.0913	0.6457
26	27	0.7510	0.7561	0.4279
26	28	0.7507	0.8075	0.2826
27	28	0.6505	0.5512	0.3686
