0	1	0.9987	0.5220	0.3224
0	2	0.8999	0.4945	0.7055
0	4	0.7994	0.6525	0.2184
1	2	0.9499	0.7849	0.5166
1	4	0.9512	0.5960	0.4466
1	5	0.6513	0.5258	0.4611
2	3	0.9961	0.8135	0.5462
2	4	0.9995	0.5843	0.5701
2	5	0.9999	0.7562	0.5122
2	6	0.9000	0.5535	0.5288
2	7	0.8507	0.7013	0.5051
3	4	0.9960	0.9372	0.1047
3	5	0.5503	0.7783	0.4751
3	7	0.5000	0.7530	0.3353
4	5	0.9999	0.4872	0.5471
4	6	0.9992	0.5044	0.5458
4	7	0.9493	0.3996	0.3235
5	6	0.9494	0.6744	0.6464
5	7	0.9496	0.7503	0.2598
6	7	0.8499	0.5943	0.2591
7	10	0.5006	0.5686	0.4341
8	9	0.9998	0.6917	0.4883
8	10	0.9000	0.6490	0.6713
8	11	0.6005	0.4700	0.4854
8	12	0.7502	0.3890	0.3510
8	13	0.7006	0.0867	0.7281
8	14	0.8987	0.4898	0.5630
8	15	0.9980	0.4965	0.5444
8	16	0.7496	0.5782	0.1724
9	10	1.0000	0.7199	0.4280
9	11	0.8498	0.6810	0.5106
9	12	1.0000	0.6488	0.4211
9	13	0.9497	0.8149	0.6001
9	14	0.9983	0.6001	0.6138
9	15	0.9989	0.5867	0.4997
9	16	0.8987	0.7221	0.1492
10	11	0.9497	0.6624	0.3578
10	12	0.8998	0.3086	0.3427
10	13	0.7508	0.1946	0.5673
10	14	0.6497	0.3664	0.2922
10	15	0.9996	0.4415	0.5488
10	16	0.5003	0.4059	0.4860
11	12	0.8501	0.8412	0.2624
11	13	0.8500	0.5897	0.6735
11	14	0.5497	0.6900	0.5013
12	13	0.9985	0.9292	0.5955
12	14	0.8991	0.4723	0.4612
12	15	0.9984	0.4745	0.5095
13	14	0.9998	0.8842	0.1317
13	15	0.9995	0.8794	0.4548
13	16	0.9996	0.8843	0.4685
14	15	0.9998	0.4340	0.5468
14	16	0.9992	0.1155	0.1983
15	16	0.9992	0.9334	0.2115
16	17	0.9992	0.6407	0.2386
17	18	0.9997	0.5447	0.6020
