0	1	0.9988	0.8621	0.3462
0	2	0.9993	0.4775	0.3457
0	11	0.9487	0.8517	0.4725
0	12	0.9981	0.3914	0.4220
0	13	0.9997	0.9339	0.1238
0	14	1.0000	0.5628	0.6745
0	15	0.9498	0.8644	0.4228
0	16	0.9984	0.9510	0.3809
0	31	0.8501	0.8367	0.3853
0	32	0.9998	0.1873	0.9333
1	2	0.9999	0.5399	0.2608
1	3	0.9999	0.3541	0.6164
1	11	1.0000	0.5203	0.4689
1	12	0.9996	0.2897	0.4940
1	14	0.7501	0.2449	0.7173
1	15	0.9998	0.2202	0.7154
1	31	0.9495	0.2741	0.4935
1	32	0.9998	0.4886	0.5359
2	3	0.7000	0.6643	0.5507
2	10	0.5042	0.8163	0.8521
2	11	0.9996	0.6512	0.6431
2	12	0.9995	0.3542	0.3301
2	13	0.9976	0.9694	0.0056
2	14	0.9987	0.6828	0.7778
2	15	0.9994	0.8598	0.1490
3	4	0.9972	0.6884	0.3000
3	9	0.6498	0.4162	0.9117
3	10	0.9998	0.5748	0.8292
3	11	0.9973	0.6571	0.1353
3	23	0.7510	0.4348	0.4709
3	24	0.9490	0.6269	0.2778
3	31	0.7002	0.2717	0.7334
3	32	0.9986	0.4047	0.2227
4	5	0.9485	0.5062	0.1179
4	9	0.9979	0.6244	0.5981
4	10	0.8491	0.7532	0.6883
5	6	0.9985	0.5210	0.2636
5	7	0.9990	0.6299	0.5840
5	8	0.9986	0.6634	0.5562
5	9	0.9979	0.5292	0.7871
5	26	0.5011	0.3082	0.5283
6	7	0.8986	0.6505	0.5093
6	9	0.9489	0.4099	0.6009
6	24	0.6502	0.2827	0.4208
7	8	0.9981	0.8799	0.5631
7	9	0.9991	0.6027	0.5911
8	9	0.9992	0.4772	0.3246
8	10	0.6504	0.1857	0.3758
9	10	0.9494	0.9539	0.3310
10	11	0.9990	0.9943	0.0451
10	26	0.5494	0.2517	0.7169
10	32	0.9989	0.9677	0.2763
11	12	0.9960	0.9922	0.5336
11	30	0.6503	0.3378	0.6505
11	32	0.9994	0.4250	0.4004
12	14	0.9974	0.9842	0.3964
13	14	0.9999	0.6023	0.2923
13	15	0.7984	0.2769	0.1967
13	16	0.9999	0.3980	0.5566
13	30	0.8490	0.6111	0.5200
13	31	0.9971	0.3769	0.0494
14	15	0.9995	0.7463	0.1777
14	16	0.9989	0.9294	0.5289
14	31	0.7001	0.5734	0.1384
15	16	0.9999	0.8403	0.4848
15	17	0.5989	0.4413	0.6291
15	29	0.6011	0.5351	0.7818
15	30	0.6491	0.8306	0.6106
15	31	0.8997	0.7598	0.4229
16	17	0.8981	0.7911	0.2753
16	29	0.9977	0.8003	0.5432
16	30	0.5504	0.4210	0.6487
16	31	0.6497	0.5340	0.3935
17	18	0.9961	0.7845	0.3734
17	19	0.7991	0.6839	0.4814
17	20	0.9985	0.6196	0.5831
17	21	0.9494	0.7015	0.5234
17	22	0.9985	0.7775	0.4487
17	23	0.9985	0.4292	0.1510
17	25	0.8494	0.3289	0.5846
17	26	0.5000	0.4336	0.6016
17	28	0.9968	0.6211	0.5767
17	29	0.9492	0.4815	0.4606
18	19	0.9996	0.7235	0.1445
18	20	0.9990	0.6763	0.6306
18	21	0.7999	0.5669	0.1237
18	22	0.6501	0.5724	0.3903
18	28	0.7985	0.9079	0.5568
19	20	0.8417	0.5252	0.4379
19	21	0.8001	0.3376	0.3728
20	21	0.9992	0.5637	0.5125
20	22	0.8989	0.5780	0.5345
20	23	0.7994	0.7724	0.2968
21	22	0.8495	0.4721	0.5072
21	23	0.7495	0.7384	0.4189
22	23	0.9495	0.9127	0.2330
23	24	0.9988	0.7519	0.3605
23	25	1.0000	0.6578	0.2919
23	28	0.8496	0.5117	0.1174
23	32	0.6000	0.3006	0.2984
24	25	0.9995	0.6941	0.4110
24	26	0.9497	0.8576	0.5396
24	32	0.8185	0.2961	0.2853
25	26	0.7004	0.7975	0.4390
26	27	0.8998	0.9507	0.3351
26	28	0.5993	0.8572	0.1632
27	28	0.5505	0.4849	0.3006
28	29	0.6000	0.5368	0.0223
29	30	0.9981	0.8740	0.4985
29	31	0.9986	0.8751	0.1390
30	31	0.9979	0.4003	0.5290
30	32	0.9990	0.3447	0.5304
31	32	0.9490	0.4216	0.5905
