0	17	0.7501	0.2706	0.3002
0	20	0.7506	0.4069	0.6563
0	25	0.7995	0.5158	0.7633
0	26	0.5003	0.4430	0.0611
0	30	0.7492	0.4164	0.7034
0	35	0.6000	0.6184	0.5711
0	36	0.9495	0.5010	0.6121
1	2	0.9999	0.7555	0.6437
1	3	0.9983	0.4751	0.6581
1	7	0.8004	0.5009	0.4800
1	15	0.5020	0.4900	0.3924
1	16	0.6007	0.6428	0.3449
2	3	0.9996	0.8875	0.1943
2	4	0.7004	0.4251	0.5032
2	6	0.7495	0.9457	0.1666
2	7	0.8999	0.6690	0.5428
2	9	0.6997	0.6497	0.6012
2	14	0.7197	0.7823	0.5269
2	16	0.7993	0.4952	0.1497
3	4	0.8502	0.6173	0.4370
3	6	0.9986	0.6886	0.5478
3	7	0.9998	0.7267	0.4894
3	8	0.7499	0.7596	0.5790
3	9	0.9496	0.7388	0.3892
4	5	0.9498	0.5716	0.5608
4	6	0.6998	0.7602	0.2081
5	6	0.7989	0.9718	0.3679
6	7	0.8985	0.5836	0.0545
7	8	0.9990	0.8310	0.6350
7	9	0.9999	0.5841	0.4990
7	11	0.9500	0.8692	0.7351
7	12	0.9499	0.5682	0.4909
7	13	0.7001	0.8258	0.6464
8	9	1.0000	0.5522	0.5339
8	10	0.8495	0.2799	0.5540
8	11	0.9997	0.4508	0.6349
8	12	0.9984	0.8333	0.5601
8	13	0.6505	0.2540	0.4733
8	14	0.6490	0.5914	0.5318
9	11	0.9996	0.6662	0.6302
9	12	0.9986	0.5338	0.6068
9	13	0.9494	0.9772	0.3236
9	14	0.7999	0.2538	0.4453
10	11	0.9777	0.6137	0.1629
10	13	0.5995	0.6050	0.3576
11	12	0.9985	0.9239	0.4889
11	13	0.9998	0.3761	0.7736
11	14	0.8987	0.9026	0.2251
11	16	0.6504	0.6660	0.6641
12	13	0.8003	0.9805	0.5115
12	14	0.6004	0.3400	0.3105
13	14	0.8052	0.7455	0.3730
13	16	0.5503	0.5722	0.1895
14	15	0.8996	0.9370	0.1977
15	16	0.9994	0.6188	0.3536
15	17	0.7996	0.4736	0.5179
15	18	0.9990	0.7218	0.3818
15	19	0.8482	0.4726	0.5803
15	20	0.8995	0.8361	0.2621
16	17	0.9993	0.5974	0.3570
16	19	0.9988	0.6457	0.3465
16	20	0.5508	0.3355	0.4797
16	36	0.7507	0.2995	0.1754
17	18	0.9992	0.5450	0.5947
17	20	0.9997	0.6182	0.5240
17	22	0.7999	0.9162	0.2094
17	23	0.7999	0.7025	0.4447
18	19	0.9999	0.6362	0.4972
18	20	0.9004	0.4566	0.6206
18	23	0.8491	0.6606	0.3984
19	20	0.9998	0.7447	0.5149
19	21	0.6995	0.5097	0.5333
19	22	0.9494	0.9892	0.1887
19	23	0.9991	0.7981	0.3589
19	24	0.5505	0.8652	0.5113
19	25	0.8004	0.7095	0.4546
20	21	0.9501	0.5729	0.6542
20	22	0.9995	0.1483	0.5009
20	23	0.9998	0.6314	0.5522
20	24	0.6002	0.4661	0.4573
20	25	0.8497	0.5500	0.2167
20	36	0.7597	0.2797	0.1724
21	22	0.9992	0.9733	0.4496
21	23	0.9988	0.6132	0.5526
21	24	0.9490	0.6976	0.6609
21	25	0.9495	0.5507	0.5930
22	23	0.8003	0.5481	0.3913
22	24	0.8002	0.4351	0.8971
22	25	0.7005	0.3118	0.1106
22	28	0.5996	0.2738	0.4688
23	24	0.9988	0.3667	0.9107
23	25	0.8500	0.6089	0.5332
24	25	0.9977	0.9070	0.2345
24	27	0.7476	0.9524	0.2917
24	30	0.9467	0.7781	0.5461
25	26	0.9488	0.7344	0.2388
25	27	0.9503	0.0935	0.6320
25	28	0.9993	0.1421	0.8664
25	29	0.9496	0.2350	0.6030
25	30	0.6002	0.5080	0.4939
25	31	0.6491	0.5689	0.1129
25	32	0.5543	0.3027	0.5418
25	36	0.8500	0.3877	0.6149
26	27	0.9503	0.9604	0.2051
26	28	0.6497	0.8117	0.3392
26	29	0.5007	0.8892	0.1920
26	30	0.9999	0.2368	0.8729
26	31	1.0000	0.6047	0.4253
26	32	0.9001	0.8853	0.5343
26	33	1.0000	0.8949	0.3871
26	34	0.6503	0.7138	0.6677
26	35	0.8204	0.6654	0.4325
26	36	0.8997	0.6333	0.3764
27	28	0.9993	0.5011	0.8329
27	29	0.8191	0.4186	0.6321
27	30	0.7000	0.5459	0.3104
27	31	0.7011	0.1585	0.9315
27	32	0.7002	0.2560	0.3523
27	36	0.5151	0.1402	0.3378
28	29	0.9963	0.8093	0.4270
28	30	0.9959	0.9177	0.4541
28	31	0.7001	0.2605	0.6584
29	30	0.9984	0.8144	0.6370
30	31	0.9989	0.8702	0.1902
30	32	0.8499	0.5562	0.8085
30	33	0.9479	0.9381	0.2300
31	32	0.9992	0.8292	0.6042
31	33	0.9499	0.7116	0.4665
31	34	0.9998	0.8164	0.8026
31	35	0.9491	0.5651	0.4745
31	36	0.6005	0.3543	0.7224
32	33	0.9999	0.7329	0.5050
32	34	1.0000	0.4028	0.7449
32	35	0.9490	0.7437	0.1673
33	34	1.0000	0.7324	0.8641
33	35	0.9989	0.6396	0.6919
33	36	0.9495	0.5841	0.5315
34	35	0.9979	0.9246	0.4758
34	36	0.6502	0.6553	0.7063
35	36	0.9984	0.6742	0.4002
