1	2	0.9993	1.0000	0.0023
1	6	0.9496	0.9699	0.4127
1	7	0.5561	0.7351	0.3973
1	8	0.7153	0.7407	0.5722
1	9	0.9495	0.6465	0.4932
1	16	0.7988	0.3711	0.6225
1	19	0.7491	0.4255	0.5792
2	3	0.9996	0.9154	0.3344
2	4	0.9964	0.3354	0.1565
2	5	0.9997	0.2375	0.5666
2	6	1.0000	0.4043	0.4575
2	7	1.0000	0.2245	0.6356
2	8	0.9966	0.6455	0.1850
2	9	0.9986	0.3156	0.1765
2	10	0.9998	0.1013	0.8306
2	11	0.9187	0.1125	0.3589
2	16	0.9504	0.0263	0.9985
2	19	0.9997	0.2461	0.4146
2	20	0.9998	0.0956	0.4438
2	23	0.7490	0.8487	0.5023
3	4	0.7005	0.8375	0.1896
3	5	0.5504	0.8636	0.2394
3	6	0.9963	0.8777	0.0841
3	7	0.9998	0.7983	0.7536
3	11	0.6192	0.8446	0.6459
3	19	0.9991	0.7678	0.6466
3	20	0.9498	0.8930	0.5111
4	5	0.9989	0.8017	0.3400
4	6	0.9971	0.3412	0.2091
4	7	0.9991	0.2919	0.8864
4	9	0.7173	0.7125	0.5409
4	11	0.7495	0.7187	0.6454
5	6	0.9959	0.8595	0.0122
5	7	0.9505	0.6862	0.8787
5	8	0.6019	0.4673	0.9596
5	9	0.5005	0.3850	0.7065
6	7	0.9995	0.4310	0.4141
6	8	0.9995	0.1043	0.8565
6	9	0.9989	0.1478	0.5543
6	10	0.9986	0.4187	0.2503
6	16	0.9985	0.1829	0.7609
6	20	0.9485	0.4783	0.5502
7	8	0.9976	0.9897	0.8462
7	9	0.9997	0.8675	0.3548
7	10	0.9994	0.4546	0.3952
7	16	0.8483	0.4600	0.7954
7	23	0.5012	0.7343	0.2093
8	9	0.9938	0.9652	0.0821
9	10	0.9994	0.6777	0.4677
10	11	0.5503	0.7901	0.4293
10	16	0.9981	0.4633	0.4011
10	19	0.6536	0.5971	0.5194
11	12	0.9973	0.9742	0.4164
11	13	0.9497	0.8397	0.7342
11	16	0.9992	0.5091	0.2781
11	19	0.9998	0.6766	0.6011
11	20	0.9986	0.5582	0.7138
11	21	0.9976	0.9791	0.2599
11	22	0.9999	0.8818	0.5366
11	25	0.9495	0.7822	0.6619
11	26	0.5485	0.8525	0.6395
12	13	0.9989	0.5615	0.5487
12	19	0.9495	0.2689	0.7406
13	14	0.5503	0.4888	0.5222
14	15	0.9976	0.7723	0.1834
14	16	0.7506	0.4525	0.8989
14	17	0.9974	0.5417	0.4906
14	18	0.9995	0.6528	0.4128
14	19	0.9977	0.2792	0.5603
15	16	0.9999	0.6916	0.8746
15	18	0.9984	0.3191	0.3178
15	19	0.9997	0.3299	0.3369
15	20	0.9998	0.7160	0.7514
16	17	0.9973	0.9908	0.4265
16	18	0.9997	0.9558	0.1116
16	19	1.0000	0.5650	0.5621
16	20	0.9998	0.4795	0.7572
16	25	0.6999	0.1499	0.8819
17	18	0.9980	0.8019	0.3796
17	19	0.9986	0.8025	0.6718
18	19	0.9995	0.4387	0.4422
18	20	0.6998	0.5133	0.3130
19	20	0.9478	0.4866	0.4836
19	21	0.8494	0.6750	0.4330
19	22	0.8002	0.6966	0.2240
19	23	0.9486	0.7777	0.1766
20	21	0.9990	0.9191	0.4507
20	22	0.9998	0.8937	0.4898
20	23	0.8500	0.5931	0.2972
20	25	0.9999	0.8698	0.8778
21	22	0.9984	0.6141	0.1964
21	25	0.9503	0.1067	0.9860
22	23	0.9999	0.8386	0.3402
22	25	0.9992	0.3835	0.9556
23	24	0.9978	0.9882	0.0324
24	25	0.9974	0.9459	0.0523
25	26	0.9491	1.0000	0.8699
