0	1	0.9974	0.9154	0.0452
0	4	0.7991	0.6049	0.1855
0	5	0.7009	0.6144	0.6363
0	10	0.5495	0.7337	0.1642
1	2	0.9989	0.9582	0.1585
1	3	0.9992	0.4931	0.5181
1	4	0.9999	0.5189	0.5835
1	5	0.9991	0.4842	0.4561
1	6	0.9479	0.5075	0.3123
1	7	0.5504	0.5898	0.4109
2	3	0.9993	0.5958	0.4026
2	4	0.9975	0.3487	0.7024
3	4	0.9944	0.3926	0.5369
3	5	0.9973	0.1229	0.6464
4	5	0.9985	0.6116	0.6017
5	6	0.9967	0.9015	0.0635
6	7	1.0000	0.6748	0.3351
6	8	0.9998	0.1537	0.8178
6	10	0.9997	0.8506	0.4156
6	13	0.9988	0.8998	0.8094
7	9	0.9980	0.4595	0.6683
7	10	0.9994	0.5549	0.5381
7	12	0.9496	0.8148	0.3081
7	13	0.8496	0.2234	0.4320
8	9	0.9983	0.4768	0.1176
8	10	0.9999	0.4617	0.9527
8	12	0.5015	0.6682	0.0665
8	13	0.9487	0.5427	0.3620
8	14	0.8991	0.7074	0.7219
8	15	0.7505	0.6241	0.4616
8	16	0.9980	0.8889	0.1518
8	17	0.7988	0.6676	0.4649
8	18	0.7996	0.7470	0.3480
9	10	1.0000	0.7568	0.3434
9	13	1.0000	0.6797	0.5170
9	14	0.9990	0.5674	0.4768
9	16	0.5505	0.2509	0.2031
9	17	0.9999	0.4738	0.7767
9	18	0.9001	0.7126	0.6362
10	11	0.9996	0.9576	0.6439
10	12	1.0000	0.6166	0.4029
10	13	0.9993	0.5201	0.5550
10	14	0.9979	0.6830	0.7319
10	16	0.6500	0.7828	0.6416
10	17	0.7994	0.7137	0.6453
10	18	0.8994	0.2868	0.6013
11	12	0.9991	0.8758	0.2822
11	13	0.9989	0.3653	0.5145
12	13	0.9998	0.5787	0.2775
12	14	0.5001	0.3629	0.6482
12	17	0.5001	0.3357	0.3069
13	14	1.0000	0.5932	0.4288
13	15	0.6995	0.1870	0.4261
13	16	0.9980	0.3992	0.6385
13	17	0.9979	0.7113	0.6872
13	18	0.9983	0.5119	0.4566
14	15	0.9984	0.9547	0.5482
14	16	0.9984	0.7846	0.3624
14	17	0.9990	0.5464	0.5799
14	18	0.9987	0.2656	0.4276
15	16	0.9988	0.7380	0.4260
15	17	0.9999	0.5501	0.5612
15	18	0.5508	0.6991	0.4000
16	17	0.9993	0.5426	0.5176
16	18	0.6508	0.3764	0.5014
17	18	0.9999	0.7547	0.4018
