0	1	0.9990	0.8256	0.4066
0	3	0.7504	0.7336	0.2775
0	5	0.6009	0.5346	0.4627
0	7	0.5003	0.2792	0.4297
0	8	0.8998	0.4984	0.4509
0	9	0.5011	0.1019	0.4989
0	10	0.7365	0.4813	0.5925
0	13	0.6000	0.6059	0.6524
0	14	0.9983	0.6075	0.5493
0	15	0.9970	0.5546	0.3995
0	16	0.8990	0.4880	0.6339
1	2	0.9978	0.6776	0.2669
1	3	0.9001	0.6326	0.5456
1	4	0.9493	0.7191	0.6300
1	5	0.9988	0.8685	0.6321
1	6	0.7506	0.7006	0.6433
1	7	0.6503	0.4507	0.4575
1	8	0.7991	0.5750	0.5866
1	10	0.6504	0.5337	0.7254
1	14	0.6000	0.4985	0.3188
1	16	0.6496	0.5011	0.5672
2	3	0.9994	0.5397	0.5515
2	4	0.9986	0.4541	0.4710
2	5	0.9974	0.4219	0.5254
2	6	0.9493	0.5503	0.4113
2	7	0.9485	0.6045	0.5531
2	8	0.9993	0.5756	0.4146
3	4	0.9994	0.4392	0.4426
3	5	0.7001	0.5856	0.5309
3	6	0.6010	0.5515	0.4030
3	7	0.5003	0.4829	0.5372
4	5	0.9997	0.6106	0.4034
4	6	0.9985	0.5429	0.2404
4	7	0.9984	0.5293	0.4800
4	8	0.6506	0.6058	0.2902
5	6	0.9996	0.5356	0.3228
5	7	0.9992	0.5798	0.5387
5	8	0.9995	0.6117	0.4538
6	7	0.9991	0.5195	0.4804
6	8	0.9997	0.5149	0.4498
7	8	0.9994	0.5243	0.4948
7	9	0.7004	0.3917	0.3662
8	9	0.9989	0.8284	0.5919
8	11	0.7000	0.4792	0.4847
8	15	0.6986	0.3856	0.5507
9	10	0.9991	0.5929	0.2030
9	11	0.9997	0.3348	0.7723
9	13	0.9485	0.6179	0.4741
9	15	0.9987	0.6991	0.5203
9	16	0.9994	0.6257	0.8138
10	11	0.8994	0.6423	0.5454
10	12	0.9002	0.8288	0.6172
10	13	0.7506	0.4987	0.5868
10	14	0.7997	0.5821	0.3731
10	15	0.9990	0.5674	0.5462
10	16	0.9985	0.5965	0.6538
11	12	0.8981	0.8869	0.4645
11	13	0.8007	0.5022	0.3669
11	14	0.5538	0.3680	0.2643
11	15	0.8997	0.4682	0.4767
11	16	0.5009	0.3855	0.3288
12	13	0.9973	0.7389	0.3860
12	14	0.7000	0.4316	0.4251
12	15	0.6003	0.3693	0.3539
12	16	0.8494	0.6231	0.5528
13	14	0.8500	0.5933	0.1691
13	15	0.9499	0.6500	0.4778
13	16	0.7501	0.5699	0.3811
14	15	0.9992	0.5910	0.5537
14	16	0.9992	0.5397	0.4712
15	16	0.9997	0.5059	0.5153
