0	1	0.8501	0.9456	0.2686
0	4	0.5997	0.5417	0.4624
0	8	0.9988	0.7044	0.1443
1	2	0.9967	0.9586	0.0401
1	3	0.7500	0.8169	0.0802
1	21	0.8996	0.5483	0.7048
2	3	0.9998	0.8175	0.3926
2	4	1.0000	0.6340	0.5038
2	5	0.9992	0.8753	0.6991
2	8	0.6498	0.4844	0.4630
2	13	0.5016	0.6707	0.3197
2	21	1.0000	0.4080	0.7897
3	4	1.0000	0.5427	0.4320
3	5	0.9486	0.4913	0.7990
3	6	0.9002	0.8199	0.5023
3	7	0.6502	0.4319	0.3622
3	21	0.9494	0.2101	0.4371
4	5	0.9994	0.6436	0.5884
4	6	0.9993	0.1868	0.7040
4	7	0.7031	0.7709	0.1825
4	8	0.9999	0.4982	0.7490
4	9	0.6500	0.3549	0.5256
4	20	0.8494	0.4171	0.7004
4	21	0.9995	0.2091	0.5290
5	6	0.9988	0.9834	0.2199
5	7	0.5021	0.4797	0.6289
5	21	0.5505	0.1734	0.7781
6	8	0.9978	0.8088	0.9368
6	9	0.6498	0.1827	0.7043
6	13	0.7501	0.2452	0.7552
6	21	0.9982	0.2745	0.5796
7	8	1.0000	0.5620	0.4242
7	21	0.6503	0.1301	0.5891
8	10	0.9996	0.9163	0.3167
8	12	0.9499	0.7902	0.5900
8	13	0.5736	0.9215	0.1687
8	15	0.8500	0.9783	0.2270
8	16	0.6008	0.8601	0.5395
8	17	0.9998	0.9888	0.2529
8	18	0.9995	0.9772	0.4950
8	19	0.9965	0.9746	0.6052
8	20	0.9982	0.9944	0.9037
8	21	0.9991	0.8435	0.6678
9	10	0.9988	0.6355	0.5605
9	11	0.6501	0.5526	0.4213
9	13	0.9966	0.6187	0.6502
9	15	0.9996	0.6346	0.4499
9	17	0.9982	0.3304	0.6105
9	19	0.9986	0.5571	0.4973
9	20	0.8494	0.7181	0.9286
10	11	0.9981	0.7347	0.3543
10	12	0.5520	0.6311	0.4066
10	13	0.9973	0.6734	0.0964
11	12	1.0000	0.8545	0.3263
11	13	0.9995	0.5575	0.5826
11	14	0.9995	0.9440	0.3935
11	15	1.0000	0.6065	0.3832
11	17	0.9490	0.4188	0.2430
12	13	1.0000	0.4946	0.4492
12	14	1.0000	0.0446	0.5911
13	14	0.9972	0.9688	0.4780
13	15	1.0000	0.7174	0.3012
13	16	0.9490	0.9835	0.6895
14	15	0.9996	0.5065	0.4553
14	16	1.0000	0.3925	0.7125
15	16	0.9982	0.9114	0.6009
15	17	0.9998	0.4837	0.5240
15	18	0.9996	0.9546	0.7241
15	19	0.9985	0.5986	0.2656
16	17	0.9991	0.5790	0.2209
16	18	0.9997	0.1851	0.8536
16	19	0.6984	0.3124	0.3222
17	18	0.9997	0.9770	0.5965
17	19	0.9999	0.6721	0.4281
18	19	0.9993	0.3415	0.7372
19	20	0.9973	0.8373	0.7746
