0	1	0.9982	0.8526	0.7535
0	2	0.9975	0.4095	0.4784
0	4	0.9497	0.5111	0.4990
0	7	0.9994	0.5655	0.5072
0	14	0.5991	0.5259	0.2164
0	24	0.8922	0.5933	0.8404
0	25	0.9986	0.4593	0.5639
0	26	0.9991	0.2722	0.6545
1	2	0.9998	0.6220	0.3670
1	3	0.8501	0.4153	0.5577
1	4	0.9990	0.7399	0.1607
1	26	1.0000	0.9429	0.3657
2	4	0.9986	0.5221	0.4548
2	7	0.9990	0.7690	0.5452
2	25	0.9981	0.5325	0.6357
2	26	0.9987	0.2174	0.4634
3	4	0.9999	0.6152	0.4575
3	6	0.9998	0.3098	0.7579
4	6	0.9989	0.9005	0.6935
4	7	1.0000	0.6986	0.5829
4	8	0.8004	0.9787	0.0890
4	9	0.7000	0.9315	0.6618
4	14	0.6003	0.8942	0.2029
4	25	0.7987	0.5259	0.5200
4	26	0.6508	0.2841	0.4576
5	6	0.9968	0.4364	0.0683
5	8	0.8490	0.2101	0.6436
5	9	0.9976	0.4486	0.1018
6	7	1.0000	0.7124	0.4160
6	8	0.9994	0.1529	0.2407
6	9	0.9995	0.4908	0.5686
6	10	0.6511	0.7528	0.2512
7	8	0.9999	0.9778	0.1447
7	9	0.9992	0.6834	0.6757
7	10	0.8994	0.6612	0.6414
7	14	0.5507	0.8883	0.2386
7	25	0.8983	0.5842	0.5696
8	9	0.9994	0.5074	0.2922
8	10	0.5008	0.1635	0.4909
8	14	0.5524	0.2077	0.4196
9	10	0.9990	0.8706	0.3252
9	12	0.6505	0.4932	0.5275
10	11	0.7999	0.5161	0.2436
10	14	0.8000	0.6016	0.3413
11	12	0.9492	0.7644	0.4964
11	13	0.5957	0.4379	0.4061
11	14	0.9981	0.8008	0.2682
11	20	0.5008	0.6243	0.6365
11	22	0.6012	0.6234	0.4050
12	13	0.9493	0.5807	0.5565
13	14	0.9981	0.9501	0.2393
13	22	0.8495	0.3732	0.3562
13	23	0.7490	0.5762	0.3129
14	15	0.9972	0.8809	0.8053
14	16	0.6506	0.6145	0.5456
14	17	0.9981	0.8754	0.5930
14	18	0.7501	0.8645	0.7045
14	20	0.6506	0.4880	0.6569
14	21	0.7481	0.4007	0.5451
15	16	0.8986	0.3809	0.6665
15	18	0.6499	0.3093	0.5880
16	17	0.9999	0.7296	0.3302
16	18	0.9996	0.6690	0.3675
16	19	0.8500	0.6438	0.4076
17	18	0.9999	0.4880	0.4660
17	19	0.9003	0.6100	0.5217
17	20	0.7005	0.5077	0.3959
18	19	0.9998	0.5115	0.4767
18	20	0.6466	0.5560	0.5046
19	20	0.6499	0.6392	0.4459
19	21	0.6004	0.6399	0.4890
20	21	0.9494	0.6823	0.7038
20	22	0.6508	0.6961	0.3421
22	23	0.9482	0.6137	0.2552
22	24	0.5003	0.6139	0.6371
23	24	0.9986	0.8596	0.4815
23	25	0.9977	0.3942	0.4570
24	25	0.9992	0.8575	0.4156
24	27	0.9499	0.8871	0.8847
25	26	0.9996	0.8166	0.6066
26	27	0.5996	0.9791	0.4004
