0	1	0.9997	0.4749	0.3510
0	2	0.8997	0.2466	0.8617
0	3	0.9502	0.0193	0.1526
0	4	0.9992	0.0814	0.6776
0	18	0.8993	0.1541	0.7979
1	2	0.9968	0.9965	0.7475
1	18	0.8492	0.5345	0.8387
1	19	0.9023	0.7682	0.0936
2	3	0.5504	0.8029	0.1072
2	18	0.5491	0.4935	0.7638
3	4	0.9999	0.5711	0.5302
3	8	0.7500	0.3392	0.5146
3	9	0.9998	0.0107	0.4633
3	10	0.9997	0.4791	0.8942
4	5	0.9981	0.4845	0.2835
4	7	0.8971	0.7411	0.2704
4	8	0.9999	0.6878	0.2881
4	9	0.9996	0.1812	0.0210
4	10	0.9499	0.2246	0.9152
5	7	0.8500	0.8276	0.4664
5	8	0.9998	0.7238	0.4896
5	9	0.9996	0.9963	0.1661
6	7	0.9984	0.5005	0.1535
6	8	0.9999	0.4868	0.8793
7	8	0.9998	0.4804	0.4215
7	9	0.5519	0.1208	0.6119
7	11	0.9997	0.3827	0.6199
7	12	0.9974	0.3985	0.1590
7	18	0.9999	0.4024	0.7469
8	9	0.9987	0.8898	0.5099
8	10	0.7626	0.6078	0.8086
8	12	0.5015	0.4265	0.1728
8	18	0.9497	0.4931	0.7331
9	10	0.5013	0.3572	0.3977
9	18	0.7001	0.2224	0.4784
10	18	1.0000	0.8030	0.4044
11	12	0.5997	0.6951	0.3282
11	18	1.0000	0.4776	0.7453
12	13	0.5009	0.7801	0.3465
12	18	0.9498	0.4601	0.6118
13	14	1.0000	0.6578	0.5665
13	15	0.8499	0.7798	0.2289
13	16	0.9498	0.8278	0.2929
13	17	0.6513	0.4108	0.4224
14	15	0.9992	0.7369	0.3096
14	16	0.9996	0.6388	0.6158
14	17	0.8501	0.5439	0.5399
14	18	0.9988	0.7290	0.1478
15	16	0.9983	0.3080	0.2451
15	17	0.9993	0.0803	0.3101
16	17	0.9984	0.3964	0.2872
17	18	0.9995	0.8363	0.1006
18	19	0.9978	0.7487	0.1337
