0	1	0.9998	0.7396	0.6847
0	2	0.8003	0.6706	0.4571
0	3	0.7502	0.7184	0.4315
1	2	0.9998	0.7337	0.5858
1	3	0.8998	0.7256	0.4017
2	3	0.8003	0.7097	0.2206
3	4	0.8498	0.7532	0.4635
3	6	0.8999	0.7644	0.6892
3	7	0.6502	0.4927	0.4675
3	8	0.7504	0.4503	0.5642
3	9	0.5003	0.5162	0.3051
4	5	0.9496	0.7201	0.5341
4	6	0.9005	0.5939	0.4252
4	8	0.7999	0.6615	0.4788
4	9	0.6004	0.5718	0.6930
4	11	0.7017	0.6148	0.4549
4	12	0.6007	0.7874	0.4467
5	6	0.9991	0.5530	0.6043
5	8	0.5508	0.5497	0.4990
5	11	0.5123	0.4913	0.5007
6	7	0.9000	0.6524	0.4115
6	8	0.9997	0.6700	0.5209
6	9	0.9500	0.6729	0.7197
6	11	0.8998	0.6399	0.5179
7	8	0.8001	0.6534	0.5210
7	9	0.9499	0.6467	0.7375
7	10	0.5506	0.4433	0.4797
8	9	0.9997	0.5917	0.5899
8	12	0.8494	0.6066	0.5390
9	10	0.6498	0.7691	0.4554
9	11	0.8997	0.6985	0.5356
9	12	0.6004	0.6837	0.6032
10	11	0.8992	0.6202	0.3508
10	12	0.6999	0.5158	0.5286
11	12	0.9998	0.6971	0.5550
11	13	0.8999	0.5505	0.5869
11	14	0.7004	0.6020	0.5109
11	15	0.9995	0.5988	0.5573
11	16	0.9495	0.6332	0.6367
11	17	0.7001	0.7706	0.5400
11	18	0.8004	0.6957	0.5766
12	13	0.9990	0.8724	0.5015
12	14	0.9498	0.6058	0.5914
12	15	0.9989	0.6418	0.6297
12	16	0.9494	0.6971	0.7561
12	17	0.8994	0.6799	0.6798
12	18	0.8996	0.7147	0.6693
13	14	0.6502	0.8911	0.5777
13	15	0.9000	0.5875	0.5386
13	16	0.7500	0.5870	0.7385
13	17	0.7502	0.4637	0.3676
13	18	0.5010	0.3913	0.4371
14	15	0.9985	0.5882	0.6042
14	16	0.9490	0.5863	0.6582
14	17	0.9987	0.7531	0.6239
14	18	0.9993	0.8038	0.4997
15	16	0.9994	0.5528	0.6183
15	17	0.9993	0.6565	0.5989
15	18	0.7500	0.6556	0.5444
16	17	0.9990	0.7145	0.5648
16	18	0.9999	0.8832	0.5299
16	19	0.7503	0.7358	0.4665
16	20	0.5506	0.4837	0.3689
17	18	0.7495	0.6011	0.5196
17	19	0.9504	0.8313	0.4481
17	20	0.9991	0.5245	0.5092
18	19	0.9500	0.7765	0.5544
18	20	0.9994	0.5941	0.4646
18	23	0.5010	0.3795	0.3764
19	20	0.9985	0.7517	0.6406
19	23	0.5505	0.4389	0.5094
20	21	0.6503	0.9938	0.1131
21	22	0.5507	0.5071	0.7214
21	23	0.5507	0.4189	0.5158
21	25	0.5006	0.6458	0.3359
22	23	0.9498	0.5482	0.4645
22	25	0.7002	0.7870	0.2463
23	24	0.5002	0.7156	0.5422
23	25	0.8006	0.5935	0.4916
23	35	0.7500	0.7529	0.4394
23	36	0.9997	0.6506	0.6170
23	54	0.5511	0.4600	0.4936
23	62	0.7503	0.6931	0.6225
24	25	0.7989	0.6247	0.4125
25	26	0.9998	0.7785	0.5431
25	27	0.8998	0.6162	0.4293
25	28	0.6492	0.3558	0.4332
25	63	0.5504	0.4781	0.6568
26	27	0.9995	0.7051	0.5761
26	29	0.9997	0.5891	0.6027
26	31	0.5508	0.4624	0.4174
27	28	0.9990	0.8633	0.3876
27	29	0.9998	0.6331	0.5260
27	30	0.8500	0.6493	0.4976
28	29	0.9492	0.5024	0.2440
29	30	0.9500	0.6337	0.5588
29	31	0.7499	0.5633	0.5049
29	32	0.7510	0.4766	0.4144
29	33	0.7500	0.4463	0.5829
30	31	0.9996	0.5003	0.5256
30	32	0.9996	0.6481	0.4684
30	34	0.8003	0.6255	0.4585
31	32	0.9996	0.5875	0.5755
31	33	0.9490	0.5147	0.6240
31	34	0.9001	0.5549	0.5116
31	35	0.8500	0.5223	0.5610
32	33	0.9487	0.5893	0.4995
32	34	0.9498	0.6477	0.6731
32	35	0.7011	0.5665	0.3140
32	36	0.5503	0.4985	0.3397
33	34	0.9983	0.7367	0.5525
34	35	0.9994	0.7687	0.4803
34	36	0.9991	0.3961	0.3958
35	36	0.8001	0.7328	0.4040
37	38	0.9499	0.6714	0.4777
37	39	0.9496	0.5436	0.4454
37	40	0.9999	0.7321	0.3949
37	41	0.6997	0.5755	0.3681
38	39	0.9993	0.5998	0.4592
38	40	0.9997	0.6637	0.4304
38	41	0.9484	0.4981	0.4867
39	40	0.9499	0.6632	0.3275
39	41	0.8999	0.5810	0.3800
40	41	0.9498	0.5431	0.4571
41	42	0.7003	0.5784	0.2921
41	43	0.6504	0.5842	0.2438
42	44	0.6002	0.6907	0.5355
42	50	0.7004	0.5264	0.4606
43	44	0.7999	0.6119	0.4279
43	47	0.8000	0.5631	0.4426
43	50	0.6002	0.5252	0.5540
43	51	0.7500	0.6215	0.3269
44	45	0.8997	0.8446	0.3819
44	46	0.6501	0.7856	0.5539
44	47	0.9993	0.6215	0.5279
44	48	0.7505	0.6643	0.5160
44	49	0.9992	0.6162	0.6358
44	50	0.9492	0.5510	0.6478
44	51	0.8498	0.5446	0.3776
44	52	0.6498	0.7122	0.4007
45	46	0.7001	0.4241	0.6209
45	47	0.7501	0.4641	0.3018
45	48	0.7500	0.5152	0.5627
45	49	0.7002	0.4249	0.4197
45	50	0.5505	0.5868	0.4046
45	51	0.5997	0.2471	0.4246
46	47	0.9990	0.6734	0.4445
46	48	0.9493	0.7095	0.5939
46	49	0.8500	0.6351	0.5427
46	50	0.6189	0.5135	0.4251
47	48	0.9990	0.4763	0.4563
47	49	0.9488	0.4179	0.5051
47	50	0.9998	0.5529	0.5667
47	51	0.9495	0.5400	0.4722
47	52	0.7004	0.2138	0.3602
48	49	0.9989	0.4660	0.5040
48	50	0.9994	0.5233	0.4977
48	51	0.5986	0.5329	0.4768
48	52	0.6998	0.5835	0.3656
49	50	0.9497	0.6053	0.5113
49	51	0.9999	0.6390	0.4146
49	52	0.9490	0.3905	0.3844
50	51	0.9998	0.8264	0.3733
50	52	0.8500	0.1009	0.4245
51	52	0.7506	0.8954	0.3124
52	53	0.9994	0.8438	0.5752
53	54	0.8499	0.6046	0.2355
54	55	0.9989	0.7466	0.2380
54	56	0.8998	0.6441	0.5972
55	56	0.9995	0.6424	0.5399
55	57	0.8499	0.7790	0.4727
55	58	0.9000	0.6745	0.5994
55	60	0.9981	0.6880	0.8175
55	61	0.9989	0.7124	0.6028
55	62	0.8006	0.5613	0.4301
56	57	0.9989	0.5816	0.5264
56	58	0.9990	0.5461	0.6105
56	60	0.9983	0.6634	0.8038
56	61	0.9990	0.7340	0.6357
57	58	0.9995	0.5664	0.5380
57	59	0.7505	0.7164	0.5217
57	61	0.7997	0.5705	0.4146
58	59	0.9992	0.5759	0.7079
58	60	0.9996	0.4878	0.5002
58	61	0.9499	0.4808	0.3274
59	60	0.9495	0.5596	0.3625
60	61	0.9495	0.5769	0.3194
61	62	0.9496	0.7833	0.5457
62	63	0.9992	0.6969	0.2792
