0	1	0.9977	0.7861	0.5209
0	2	0.9996	0.6260	0.4825
0	12	0.9990	0.5834	0.5233
0	13	0.9998	0.9998	0.1072
0	14	1.0000	0.8166	0.3941
0	15	1.0000	0.2608	0.8799
0	16	1.0000	0.6081	0.4482
0	17	0.9992	0.9831	0.2394
0	30	1.0000	0.8197	0.4978
0	32	1.0000	0.3310	0.9613
1	2	0.9999	0.5274	0.2642
1	3	0.9996	0.0572	0.4438
1	4	1.0000	0.5334	0.5961
1	5	0.9992	0.2053	0.8220
1	6	0.8503	0.6808	0.4300
1	11	0.9999	0.6508	0.5968
1	12	0.9992	0.5988	0.3051
1	16	1.0000	0.4725	0.7740
1	30	0.7513	0.3606	0.7338
1	31	0.9999	0.0593	0.3581
1	32	0.9999	0.5387	0.3988
2	11	0.9973	0.5307	0.9002
2	12	0.9974	0.6816	0.6197
2	13	0.9991	1.0000	0.0271
2	14	0.9979	0.9572	0.6276
2	15	0.9985	0.6956	0.7383
2	16	0.9490	0.3682	0.3603
2	32	0.7011	0.0574	0.7761
3	4	0.9987	0.6349	0.2302
3	11	0.9997	0.9125	0.3210
3	31	0.9951	0.5132	0.0649
3	32	0.9978	0.3879	0.0566
4	5	0.9491	0.7017	0.5291
4	11	1.0000	0.7701	0.5422
4	31	0.9987	0.3632	0.6410
4	32	0.9979	0.4174	0.1843
5	6	0.9992	0.9275	0.2102
5	10	0.9488	0.5872	0.8636
5	11	0.6501	0.6398	0.5918
5	32	0.9466	0.8123	0.1085
6	7	0.9500	0.7729	0.2619
6	8	0.6503	0.6187	0.4139
6	9	0.5015	0.4663	0.5843
6	10	0.9499	0.6785	0.5081
6	11	0.5008	0.8085	0.3214
6	32	0.7994	0.5243	0.0986
7	8	0.9988	0.6674	0.3853
7	9	0.9496	0.5442	0.7376
7	10	0.8497	0.2333	0.7701
7	21	0.9998	0.4464	0.8126
8	9	0.9985	0.3874	0.2309
9	21	0.9501	0.8799	0.8630
11	12	0.9992	0.9326	0.2302
11	32	0.9997	0.7460	0.2637
12	14	0.9990	0.9998	0.8950
12	15	0.9977	0.7303	0.8528
13	14	0.9993	0.5995	0.4342
13	15	0.9493	0.1889	0.2119
13	16	1.0000	0.3891	0.6723
13	17	1.0000	0.3667	0.5305
13	24	0.7988	0.6084	0.3863
13	25	0.9983	0.6950	0.2807
13	29	0.9490	0.8056	0.7013
13	30	0.9957	0.6989	0.0041
14	15	1.0000	0.8840	0.5474
14	16	0.9998	0.0950	0.2273
14	17	0.9990	0.1219	0.5309
14	30	0.9503	0.0139	0.0084
15	16	0.9982	0.8400	0.0168
16	17	0.9994	0.9653	0.2459
16	29	0.9499	0.8509	0.9378
16	30	0.9997	0.6677	0.5388
16	31	0.9982	0.9992	0.7850
16	32	0.9996	0.5007	0.7992
17	18	0.9973	0.8362	0.0810
17	24	0.9989	0.7120	0.5589
17	25	0.9999	0.5183	0.4884
17	29	0.8487	0.5006	0.7808
17	30	0.9981	0.3803	0.5274
17	31	0.8993	0.1217	0.5561
17	32	0.6007	0.2712	0.2356
18	19	0.9977	0.8501	0.6035
18	20	0.6937	0.4940	0.3511
18	21	0.9977	0.5828	0.2627
18	22	0.6995	0.7680	0.6440
18	23	0.9997	0.6727	0.5468
18	24	0.9977	0.6361	0.3527
18	25	0.6003	0.3498	0.4328
18	26	0.9995	0.6032	0.5703
19	20	0.9987	0.8254	0.2476
19	23	0.9994	0.4956	0.5972
20	21	0.9996	0.9140	0.3996
20	22	0.9491	0.2065	0.5872
20	23	0.9999	0.5047	0.4711
20	24	0.7498	0.4704	0.5416
20	26	0.9994	0.7037	0.6491
21	22	0.9998	0.8893	0.2374
21	23	0.9491	0.4337	0.1724
22	23	0.9479	0.7948	0.1381
23	26	0.9995	0.1957	0.4478
24	25	0.9497	0.5023	0.4427
24	26	0.5502	0.3692	0.7252
25	26	0.9989	0.7225	0.6661
25	28	0.7502	0.6564	0.7655
25	29	0.7508	0.5546	0.5163
25	31	0.8483	0.9045	0.3599
26	27	0.9957	0.9181	0.1835
26	28	0.9961	0.6992	0.0787
26	29	0.6696	0.5960	0.1127
27	28	0.5131	0.6428	0.1577
29	30	0.9995	0.8710	0.5527
29	32	0.7999	0.2435	0.7171
30	31	0.9951	0.9907	0.5900
30	32	0.9976	0.7087	0.5828
31	32	0.9976	0.7400	0.1040
