0	1	0.9987	0.6462	0.4455
0	2	0.9990	0.5226	0.4663
0	3	0.7504	0.6674	0.6695
0	4	0.5511	0.5173	0.3387
0	5	0.9992	0.4594	0.7246
0	6	0.5000	0.5540	0.3702
1	2	0.9965	0.8282	0.2852
1	5	0.6510	0.5539	0.6633
1	6	0.9969	0.8397	0.5691
1	11	0.5008	0.5255	0.5434
2	3	0.9991	0.7261	0.5343
2	4	0.9980	0.4566	0.5570
2	5	0.9995	0.2100	0.6115
2	6	0.9996	0.4899	0.5045
2	7	0.9980	0.4502	0.3841
2	8	0.8986	0.3794	0.5601
2	10	0.5996	0.3031	0.3100
2	11	0.8487	0.5864	0.5486
3	4	0.9996	0.6733	0.6853
3	5	0.8000	0.5826	0.3250
4	5	0.6501	0.7710	0.1236
5	6	0.9994	0.8782	0.2350
5	8	0.6000	0.5340	0.2239
5	12	0.6507	0.8014	0.3815
5	14	0.5007	0.6174	0.6554
5	15	0.7002	0.7360	0.2709
5	18	1.0000	0.7673	0.6513
5	19	0.7503	0.6291	0.6627
5	21	0.6996	0.4905	0.3531
6	7	0.9988	0.9490	0.4076
6	8	0.9993	0.5372	0.5272
6	9	0.9495	0.6950	0.4425
6	10	0.9980	0.6823	0.6995
6	11	0.8989	0.6561	0.4998
6	18	0.5992	0.5371	0.4327
7	8	0.9999	0.6456	0.5624
7	9	0.9000	0.4443	0.7436
7	10	0.9982	0.5861	0.6386
8	9	0.9990	0.8379	0.5806
8	10	0.9979	0.6026	0.5872
8	11	0.9972	0.9797	0.5353
9	10	0.9983	0.6511	0.5449
9	11	0.9498	0.4896	0.5368
9	12	0.7996	0.3570	0.4840
10	11	0.9484	0.8424	0.4699
10	12	0.8493	0.6331	0.4649
10	14	0.6022	0.5778	0.4291
10	15	0.5005	0.2789	0.3740
11	12	0.9996	0.4532	0.5923
11	14	0.9500	0.5404	0.5779
12	13	0.7505	0.9647	0.3140
12	14	0.9997	0.5459	0.5734
12	15	0.9979	0.5798	0.4494
12	17	0.9988	0.9854	0.6359
12	18	0.9994	0.6543	0.5373
12	19	0.5007	0.6469	0.5425
13	14	0.9492	0.3144	0.1987
13	15	0.9498	0.2713	0.9659
13	17	0.9975	0.4610	0.2975
13	18	0.7499	0.1685	0.7288
13	19	0.5505	0.4653	0.5042
14	15	0.9991	0.6613	0.1856
14	16	0.5021	0.0532	0.3437
14	17	0.9494	0.3284	0.7187
14	18	0.9990	0.6524	0.1807
14	19	0.9497	0.5404	0.7819
15	16	0.8998	0.9584	0.2498
15	17	0.9980	0.7300	0.6763
15	18	0.9974	0.5017	0.5286
15	19	0.9994	0.5520	0.5233
15	20	0.7999	0.9900	0.0005
16	17	0.9982	0.4279	0.0408
16	20	0.6002	0.4838	0.5968
17	18	0.9991	0.7732	0.3720
17	19	0.9997	0.7481	0.8398
18	19	0.9989	0.5360	0.4742
18	20	0.5512	0.8558	0.0108
18	22	0.5010	0.3573	0.1983
19	20	0.8499	0.4529	0.1675
19	21	0.9994	0.5596	0.6733
20	21	0.9981	0.4059	0.0761
20	29	0.6504	0.5114	0.3658
21	22	0.9983	0.9771	0.2404
21	23	0.9998	0.8158	0.5922
21	24	0.9998	0.8926	0.2484
21	30	0.6999	0.7583	0.0999
22	23	0.9982	0.8843	0.4147
22	24	0.9989	0.6060	0.5863
22	25	0.9948	0.9938	0.8586
22	26	0.9991	0.7216	0.5428
22	27	0.6994	0.6122	0.7675
22	28	0.9999	0.7930	0.5332
22	29	0.8496	0.4487	0.7536
22	30	0.9989	0.6603	0.7654
22	31	0.7492	0.4985	0.5714
23	24	0.9997	0.5340	0.5701
23	25	0.7998	0.2361	0.6863
23	26	0.7509	0.4903	0.4862
23	28	0.6501	0.2189	0.5451
23	30	0.6003	0.5446	0.2878
24	25	0.8493	0.9209	0.7928
24	26	0.9986	0.5818	0.5320
24	28	0.9994	0.7214	0.5561
24	29	0.8000	0.3255	0.5731
24	30	0.9987	0.6332	0.6183
25	26	0.9972	0.8039	0.4016
25	28	0.9965	0.8293	0.2689
25	30	0.9990	0.6377	0.9578
26	27	0.9474	0.8479	0.6105
26	28	0.9984	0.5235	0.5710
26	29	0.9991	0.6417	0.5229
26	30	0.8992	0.6078	0.4850
26	31	0.9490	0.6215	0.7235
27	28	0.9974	0.8668	0.3556
27	30	0.8504	0.7564	0.8655
27	31	0.5496	0.8627	0.5528
28	29	0.9987	0.8737	0.3289
28	30	0.9996	0.6469	0.5729
28	31	0.8997	0.4434	0.7125
29	30	0.9993	0.6494	0.3032
30	31	0.9979	0.9007	0.7304
