0	1	0.9474	0.3470	0.0002
0	3	0.9482	0.6759	0.2340
0	6	0.9972	0.2967	0.1053
0	7	0.9005	0.1772	0.9417
0	8	0.9976	0.3310	0.0141
0	10	0.9998	0.1632	0.0007
0	13	0.9992	0.2823	0.0011
0	15	0.9970	0.7446	0.0201
0	17	0.9945	0.6153	0.0008
1	2	0.9967	0.8702	0.7391
1	3	0.9989	0.7101	0.3773
1	4	0.9989	0.9872	0.1644
1	5	0.9984	0.9918	0.5907
1	6	0.9981	0.3540	0.1819
1	15	0.9977	0.1672	0.7308
1	16	0.7510	0.0144	0.1081
1	17	0.9987	0.3937	0.7517
1	18	0.9978	0.9570	0.0009
2	3	1.0000	0.6359	0.1922
2	5	1.0000	0.3185	0.7539
2	6	0.7029	0.7008	0.0000
2	18	0.9950	0.4136	0.0791
3	4	0.9994	0.9927	0.0564
3	5	0.9984	0.8338	0.5849
3	6	1.0000	0.5417	0.4021
3	7	0.9998	0.9887	0.8505
3	8	0.9997	0.6894	0.4348
3	10	0.8984	0.5910	0.5454
3	13	0.9981	0.8903	0.5841
3	15	0.9478	0.5205	0.7999
3	17	0.9952	0.5678	0.7187
4	5	0.9991	0.3921	0.3674
4	6	0.9995	0.0047	0.6033
4	8	0.7035	0.0022	0.8380
4	18	0.9981	0.8757	0.0101
5	6	0.9999	0.5144	0.2878
5	7	1.0000	0.3033	0.7955
6	7	0.9970	0.9351	0.7061
6	8	0.9983	0.7321	0.4151
6	10	0.9980	0.7771	0.4660
6	13	0.9991	0.8257	0.5168
6	15	0.9976	0.4352	0.6192
6	17	0.9984	0.4517	0.6689
7	8	1.0000	0.6098	0.3412
7	9	0.9987	0.2522	0.8413
7	10	0.9472	0.6515	0.0063
8	9	0.9969	0.8768	0.5696
8	10	0.9997	0.4723	0.5421
8	12	0.9991	0.9975	0.5409
8	13	0.9997	0.4892	0.5612
8	15	0.9998	0.3580	0.6985
8	17	0.9987	0.5191	0.8944
9	10	1.0000	0.6001	0.3131
9	12	0.9993	0.2622	0.8522
9	13	0.9964	0.7289	0.0252
10	11	1.0000	0.9997	0.0844
10	12	0.9969	0.7580	0.5762
10	13	0.9992	0.5832	0.5672
10	14	0.9986	0.9950	0.5266
10	15	0.9997	0.5365	0.5133
10	17	0.9980	0.6196	0.6952
11	12	0.9972	0.3777	0.0804
11	13	0.8516	0.0415	0.9981
11	14	0.9987	0.1962	0.0758
12	13	0.9999	0.5511	0.4609
12	14	0.9993	0.2793	0.8410
12	15	0.9957	0.7054	0.0093
13	14	0.9981	0.8721	0.4541
13	15	0.9989	0.5383	0.5263
13	17	0.9999	0.5921	0.5994
14	15	0.9996	0.5375	0.2543
14	16	0.9985	0.2131	0.7994
14	17	0.9969	0.3706	0.0340
15	16	1.0000	0.9038	0.3589
15	17	1.0000	0.6129	0.4187
16	17	1.0000	0.3299	0.3791
17	18	0.9996	0.9993	0.0142
18	19	0.9978	0.7021	0.3268
20	21	1.0000	0.8915	0.1421
