0	1	0.9998	0.7109	0.4643
0	2	1.0000	0.3591	0.7253
0	3	0.9469	0.2287	0.2294
0	16	0.9973	0.9973	0.3816
0	17	0.9997	0.7792	0.8518
1	2	0.9998	0.5828	0.5214
1	3	0.9993	0.2302	0.5906
1	11	0.9993	0.7371	0.1877
1	15	0.9988	0.2970	0.4097
1	16	0.9996	0.4358	0.4748
1	17	0.9968	0.6506	0.6345
2	3	0.9990	0.9136	0.4054
2	11	0.9997	0.2086	0.0683
2	16	0.9995	0.4082	0.3494
2	17	0.9989	0.1772	0.8545
3	11	0.9949	0.7231	0.0427
3	15	0.9978	0.8781	0.1130
3	16	0.9998	0.8419	0.6496
4	8	1.0000	0.4726	0.5795
4	9	1.0000	0.5957	0.5012
4	10	1.0000	0.4630	0.7507
4	11	1.0000	0.4333	0.8438
4	12	0.9998	0.5712	0.5974
4	14	0.9988	0.1765	0.4861
4	15	0.9970	0.1766	0.4057
4	16	0.9992	0.1633	0.6205
4	17	0.6514	0.0284	0.2978
5	6	0.8500	0.9297	0.9815
5	7	0.9500	0.9823	0.2945
5	8	0.9989	0.6738	0.4779
5	9	0.9985	0.5272	0.5490
5	10	0.9000	0.1454	0.9588
6	7	0.9492	0.9219	0.1638
6	8	0.9991	0.9968	0.8337
6	9	0.8498	0.9194	0.2608
7	8	0.9992	0.3978	0.6317
7	9	0.8999	0.1236	0.0061
7	12	0.8491	0.6672	0.5471
7	17	0.7005	0.9714	0.1816
8	9	1.0000	0.5214	0.2867
8	12	1.0000	0.4507	0.6845
8	14	0.9999	0.7863	0.5049
9	10	0.9991	0.8322	0.6694
9	11	0.6516	0.7757	0.7403
10	11	0.9979	0.7959	0.4698
10	14	0.9989	0.8846	0.2084
11	12	0.9964	0.9674	0.4875
11	14	0.9996	0.8571	0.3970
11	15	0.9986	0.6588	0.4316
11	16	0.9997	0.5439	0.4136
12	13	0.9996	0.9959	0.4436
12	14	1.0000	0.8144	0.1293
12	15	0.9997	0.9140	0.5391
13	14	0.9950	0.5871	0.0042
13	15	0.9994	0.7272	0.6971
13	16	0.9989	0.8284	0.6073
13	17	0.9977	0.6835	0.3474
14	15	0.9986	0.3798	0.4506
14	16	1.0000	0.3330	0.4606
14	17	0.9979	0.4375	0.1928
15	16	0.9994	0.4814	0.4807
15	17	0.9989	0.3576	0.3183
16	17	0.9996	0.4836	0.4427
