0	1	0.9996	0.4578	0.4848
0	2	0.9998	0.5453	0.8078
1	2	0.9998	0.5099	0.5232
1	4	0.9495	0.4625	0.4803
1	27	0.8992	0.7477	0.3435
2	3	0.7500	0.6717	0.4634
2	4	0.8501	0.7829	0.3721
2	5	0.5503	0.5651	0.3240
2	23	0.7008	0.7350	0.4635
2	26	0.7503	0.4562	0.5275
2	27	0.9498	0.9128	0.4479
3	4	0.8979	0.7793	0.3896
3	5	0.6007	0.5093	0.6096
3	13	0.7002	0.5934	0.4079
3	23	0.7499	0.5780	0.4391
3	24	0.5004	0.7315	0.4619
3	26	0.8978	0.6489	0.5920
3	27	0.7501	0.5521	0.4278
4	5	0.9985	0.4223	0.2039
4	6	0.9485	0.5189	0.5015
4	7	0.9992	0.3897	0.5473
4	8	0.9996	0.4158	0.4681
4	9	0.9992	0.4624	0.4043
4	10	0.5012	0.4360	0.4118
4	11	0.6150	0.4590	0.5691
4	12	0.8503	0.4988	0.6231
4	13	0.9498	0.2890	0.5845
4	16	0.9499	0.3639	0.5111
4	23	0.9994	0.2661	0.4855
4	25	0.5994	0.2804	0.5250
4	26	0.9994	0.3533	0.5004
4	27	0.9999	0.3008	0.7590
5	6	0.9496	0.6860	0.6225
5	7	0.9996	0.5765	0.4305
5	8	0.8491	0.5659	0.2938
5	13	0.6505	0.5626	0.3617
6	7	0.8495	0.5996	0.3027
6	9	0.5006	0.3987	0.2717
7	8	0.9995	0.9241	0.2508
7	9	0.5001	0.6446	0.3903
7	10	0.6003	0.8004	0.6015
7	11	0.6006	0.6084	0.4759
7	12	0.9494	0.5859	0.6720
7	13	0.5995	0.3921	0.3127
8	9	0.9995	0.5179	0.5079
8	10	0.8505	0.4537	0.5611
8	11	0.9988	0.4340	0.5129
8	14	0.6004	0.3656	0.3042
9	10	0.9984	0.8127	0.3686
9	11	0.7988	0.6102	0.4901
9	13	0.5506	0.4089	0.5745
9	14	0.6994	0.5002	0.2399
9	16	0.6994	0.5612	0.3677
10	11	0.7995	0.8390	0.5304
10	12	0.5504	0.4535	0.4396
11	12	0.7999	0.7819	0.4079
11	13	0.6006	0.5070	0.6478
12	13	0.8498	0.5394	0.3581
13	14	0.8989	0.9256	0.1192
13	16	0.6998	0.8626	0.4802
13	19	0.7993	0.4611	0.3534
13	27	0.5644	0.8816	0.3987
14	15	0.9482	0.4831	0.2674
14	16	0.9500	0.5858	0.5821
14	17	0.7499	0.3583	0.4034
14	18	0.5513	0.3291	0.5460
14	19	0.9000	0.1781	0.6218
14	21	0.5014	0.3039	0.5562
14	23	1.0000	0.4042	0.8485
14	27	0.8011	0.6491	0.4940
15	16	0.7979	0.7122	0.5730
16	17	0.9495	0.7759	0.4886
16	18	0.8491	0.5885	0.5564
16	19	0.8498	0.6287	0.5178
16	21	0.5005	0.7863	0.3678
16	23	0.8998	0.5953	0.6387
17	18	0.9485	0.4470	0.5102
17	19	0.9979	0.4571	0.6763
17	21	0.8504	0.4791	0.6111
17	22	0.7501	0.4518	0.3326
17	23	0.5008	0.5792	0.5098
18	19	0.9489	0.5122	0.5494
18	21	0.8999	0.7739	0.6031
18	22	0.7205	0.5288	0.2697
19	20	0.9495	0.7223	0.4959
19	21	0.8497	0.5096	0.6046
19	22	0.8496	0.4477	0.4283
19	23	0.6001	0.5915	0.2923
19	26	0.6007	0.6908	0.3167
20	21	0.8500	0.7817	0.5912
20	22	0.8498	0.6620	0.1816
20	23	0.8256	0.4641	0.5371
20	26	0.5503	0.4252	0.1613
21	22	0.9490	0.7213	0.3288
23	24	0.8999	0.6505	0.5280
23	25	0.7495	0.8062	0.4270
23	26	1.0000	0.6220	0.5036
23	27	0.9993	0.8056	0.4764
24	25	0.6004	0.4873	0.2769
24	26	0.9994	0.4469	0.3582
25	26	0.5006	0.8076	0.3425
25	27	0.5001	0.6677	0.4415
26	27	1.0000	0.6088	0.4451
