0	1	0.9500	0.6062	0.4330
0	2	0.5503	0.5506	0.4797
0	3	0.6004	0.7481	0.5230
0	6	0.7002	0.4975	0.3156
0	7	0.8990	0.8033	0.1723
0	8	0.8499	0.8526	0.8720
1	2	0.9997	0.6150	0.4695
1	3	0.9993	0.6177	0.5901
1	4	0.5007	0.3944	0.2814
1	6	0.9987	0.5257	0.5035
1	7	0.9992	0.6787	0.1796
1	8	0.9998	0.5464	0.6211
2	3	0.9998	0.5568	0.5142
2	4	0.7503	0.4556	0.4970
2	5	0.9492	0.7788	0.6430
2	6	0.9992	0.7089	0.4907
2	7	0.9994	0.7013	0.5370
2	8	0.9998	0.5690	0.5049
3	4	0.9490	0.9165	0.4814
3	5	0.8492	0.6382	0.5909
3	6	0.9984	0.4496	0.4393
3	7	0.9983	0.3679	0.2709
3	8	0.9481	0.5176	0.6970
4	5	0.9978	0.9823	0.1888
4	6	0.9980	0.7751	0.1045
4	7	0.9988	0.5720	0.2778
4	8	0.9996	0.8792	0.9486
5	6	0.9966	0.8340	0.1697
5	7	0.9973	0.8676	0.4155
5	8	0.7995	0.4589	0.7336
6	7	0.9997	0.6381	0.4395
6	8	0.9988	0.5118	0.6139
7	8	0.9997	0.5085	0.4681
9	10	0.9985	0.8275	0.3830
9	13	0.9481	0.7936	0.1922
9	14	0.5498	0.7364	0.5121
9	15	0.8999	0.9669	0.5431
9	16	0.9976	0.8056	0.5024
9	17	0.9960	0.9790	0.2756
10	11	0.9992	0.5373	0.4858
10	12	0.9170	0.4385	0.4238
10	13	0.5175	0.5229	0.4833
10	14	0.8471	0.4086	0.3806
10	15	0.9491	0.3146	0.7140
10	16	0.9991	0.5000	0.6875
10	17	0.9996	0.3894	0.4170
11	12	0.9994	0.7821	0.3752
11	13	0.9992	0.7562	0.4373
11	14	0.9989	0.7401	0.7216
11	15	0.9995	0.6718	0.5693
11	16	0.9999	0.7057	0.5306
11	17	1.0000	0.8069	0.4345
12	13	0.9985	0.3685	0.3095
12	14	0.9994	0.3464	0.7008
12	15	0.7996	0.2760	0.5562
12	16	0.9989	0.3838	0.4955
12	17	0.9486	0.4136	0.3815
13	14	0.9996	0.5373	0.5625
13	15	0.9989	0.3287	0.5236
13	16	0.9996	0.5031	0.5243
13	17	0.9986	0.3301	0.4602
14	15	0.9984	0.7998	0.4173
14	16	0.9994	0.6363	0.5070
14	17	0.9996	0.5791	0.5449
15	16	0.9998	0.5922	0.3557
15	17	0.9999	0.6759	0.2961
16	17	1.0000	0.5646	0.3984
