0	1	0.9973	0.9631	0.2953
0	16	0.9984	0.3468	0.7717
0	17	0.9997	0.5876	0.9440
1	16	1.0000	0.6045	0.7708
1	17	0.7002	0.5865	0.5586
2	3	0.9999	0.7842	0.4047
2	4	0.9998	0.4981	0.5343
2	5	0.9480	0.8887	0.5306
2	6	0.9997	0.5537	0.5751
2	7	1.0000	0.5727	0.5309
2	8	0.9999	0.6037	0.5701
3	4	0.9999	0.6095	0.3008
3	6	1.0000	0.4270	0.7778
3	7	1.0000	0.6573	0.4465
3	8	1.0000	0.6435	0.9721
3	11	0.6001	0.4484	0.7819
3	16	0.9972	0.4901	0.2386
4	5	0.9971	0.9731	0.4886
4	6	0.9993	0.6425	0.5613
4	7	0.9994	0.6409	0.5795
4	8	0.7010	0.6745	0.4884
5	6	0.9496	0.1999	0.7785
5	7	0.9493	0.4954	0.4222
6	7	1.0000	0.6225	0.5196
6	8	0.9983	0.5265	0.5329
6	9	0.5495	0.7038	0.4089
6	11	0.9986	0.5124	0.5684
6	12	0.7985	0.9046	0.2352
6	16	0.9983	0.8709	0.1729
7	8	0.9995	0.8553	0.3150
7	9	0.8504	0.4672	0.5090
7	11	0.9497	0.6550	0.2328
7	15	0.8505	0.5336	0.3179
7	17	0.7501	0.4864	0.6457
8	9	0.9995	0.9894	0.2539
8	11	1.0000	0.6775	0.4046
8	15	0.5507	0.5651	0.3367
8	16	0.9976	0.9349	0.5319
8	20	0.9496	0.4328	0.1543
9	11	0.9994	0.2453	0.9598
9	14	0.6500	0.5665	0.9022
9	15	0.7997	0.6071	0.5338
9	16	0.5503	0.5505	0.1718
11	12	0.8994	0.9226	0.2723
11	15	0.9504	0.5751	0.4054
11	16	0.9983	0.8550	0.2107
11	19	0.8990	0.7826	0.7901
11	20	0.9986	0.4634	0.3266
12	16	0.7004	0.3869	0.2284
13	14	0.6006	0.4067	0.5697
13	15	0.7501	0.2669	0.5949
13	16	0.6155	0.3641	0.5429
14	15	0.6999	0.9116	0.3903
15	16	0.9500	0.7770	0.3544
15	17	0.5504	0.7735	0.5187
15	18	0.8815	0.4269	0.4426
15	19	0.9995	0.2281	0.5448
16	17	1.0000	0.7194	0.8104
16	18	0.9974	0.3854	0.2171
16	19	0.9489	0.1325	0.6694
16	20	0.5997	0.5093	0.2017
17	18	0.9962	0.9826	0.1357
18	19	0.9985	0.8583	0.8735
18	20	0.9982	0.5855	0.1994
19	20	0.9969	0.8155	0.0498
