0	1	0.9995	0.6027	0.5935
0	2	0.8986	0.4274	0.4761
0	4	0.5104	0.5709	0.5382
1	2	0.9993	0.7446	0.4487
1	3	0.6507	0.7372	0.5285
1	4	0.9996	0.7412	0.4516
2	3	0.9992	0.5380	0.5681
2	4	0.8990	0.4057	0.2759
2	5	0.5997	0.5439	0.1401
2	6	0.9484	0.4442	0.6341
3	4	0.9995	0.6914	0.3528
3	7	0.6003	0.5462	0.1734
4	5	0.8991	0.6886	0.4094
4	6	0.9989	0.5305	0.7220
4	7	0.7502	0.5342	0.4156
4	8	0.5003	0.5248	0.4579
5	6	0.8500	0.5780	0.3494
5	7	0.7500	0.4112	0.0838
6	7	0.9990	0.8098	0.2138
6	8	0.5510	0.7790	0.6785
7	8	0.9990	0.5191	0.5198
7	9	0.8992	0.6835	0.7126
7	10	0.9978	0.4077	0.5085
7	11	0.5009	0.3743	0.4508
8	9	0.9994	0.7371	0.6072
8	10	0.9501	0.6844	0.4946
8	11	0.9998	0.6542	0.4313
8	12	0.7994	0.6725	0.3195
8	14	0.9499	0.6748	0.5248
8	18	0.5012	0.5855	0.4266
8	19	0.5508	0.6254	0.5005
9	10	1.0000	0.7482	0.5706
9	11	0.9506	0.7164	0.5861
9	12	0.6999	0.7573	0.5260
9	19	0.5004	0.8011	0.6528
10	11	0.9998	0.5798	0.5700
10	12	0.9500	0.4476	0.6947
10	14	0.7278	0.4218	0.4253
11	12	0.9983	0.9715	0.8029
11	13	0.5002	0.5945	0.4293
11	16	0.6997	0.4957	0.3988
11	18	0.5665	0.6136	0.2268
11	19	0.9483	0.5293	0.5109
12	13	0.9486	0.6352	0.3791
12	14	0.9989	0.4396	0.5405
12	15	0.7268	0.5360	0.6080
12	16	0.8998	0.5760	0.6719
12	17	0.7999	0.5563	0.4347
12	18	0.8508	0.6030	0.4416
12	19	0.8002	0.5346	0.4719
12	20	0.6509	0.5734	0.6672
13	14	0.7998	0.3372	0.4684
13	15	0.6506	0.3776	0.3519
13	16	0.8004	0.4284	0.4394
14	15	0.9497	0.5045	0.5020
14	16	0.9991	0.6431	0.3969
14	19	0.9490	0.5281	0.4482
15	16	0.9991	0.8090	0.5748
15	17	0.6000	0.4504	0.6255
15	18	0.5956	0.3395	0.4653
15	19	0.9482	0.5644	0.5515
15	20	0.5022	0.6284	0.5581
16	17	0.9992	0.6968	0.4697
16	18	0.7007	0.5145	0.5845
16	19	0.9991	0.6190	0.6027
16	20	0.9991	0.5022	0.5314
17	18	0.9489	0.6730	0.5080
17	19	0.9994	0.5981	0.5326
17	20	0.9001	0.6672	0.5244
18	19	0.9491	0.3808	0.5912
18	20	0.9991	0.3604	0.6318
19	20	0.9492	0.6388	0.6263
20	21	0.7999	0.7693	0.5444
