0	1	0.9999	0.9871	0.3458
0	2	0.9979	0.8958	0.8147
0	3	0.9998	0.5825	0.3929
0	8	0.7497	0.6062	0.4552
0	16	0.9979	0.6232	0.6809
0	17	0.7493	0.6235	0.6753
0	18	0.9983	0.5868	0.7016
0	19	0.8499	0.8053	0.4786
0	20	0.9998	0.4949	0.5924
1	2	0.9972	0.5529	0.1483
1	3	0.8497	0.2895	0.8904
1	4	0.8002	0.6924	0.5261
1	20	0.8500	0.6566	0.3019
2	3	1.0000	0.8349	0.1895
2	4	0.9503	0.2688	0.7007
2	5	0.9479	0.7535	0.1905
2	18	0.6503	0.6627	0.7933
2	19	0.5500	0.6142	0.4561
2	20	0.9501	0.8198	0.4467
3	4	0.9500	0.8793	0.5029
3	5	0.9998	0.7409	0.5288
3	20	0.5508	0.1942	0.4544
4	5	1.0000	0.5848	0.5103
4	6	0.9994	0.6432	0.5446
4	7	0.9992	0.5705	0.3705
5	6	0.8499	0.9098	0.2663
5	7	0.7502	0.6288	0.4303
5	8	0.5500	0.6659	0.1979
6	7	0.9987	0.6019	0.6093
8	9	0.9988	0.7813	0.2467
8	10	0.9994	0.6309	0.4663
8	11	0.9999	0.5676	0.5551
8	12	0.8492	0.6051	0.1872
8	13	0.9006	0.5792	0.2912
8	14	0.5502	0.5055	0.4977
8	16	0.9987	0.7332	0.4552
8	18	0.6002	0.7138	0.6080
9	10	0.9988	0.4625	0.4170
9	11	0.9997	0.5265	0.4806
9	13	0.8994	0.4375	0.2996
9	14	0.6000	0.6758	0.5451
10	11	0.9997	0.5681	0.4474
10	12	0.9493	0.5782	0.5104
10	14	0.7504	0.7262	0.3695
11	12	0.9993	0.5360	0.2742
11	13	1.0000	0.6296	0.4551
11	14	0.9002	0.3313	0.6528
11	15	0.7997	0.7874	0.5219
11	16	1.0000	0.4769	0.6092
11	18	0.5008	0.3726	0.4116
12	13	0.9981	0.4180	0.5359
12	14	0.9995	0.6448	0.4169
12	15	0.5012	0.3123	0.3518
12	16	0.6976	0.4002	0.4585
13	14	0.9003	0.8287	0.4049
13	15	0.7498	0.5337	0.5686
13	16	0.9494	0.5631	0.4707
13	17	0.5008	0.7728	0.3122
14	15	0.9994	0.9414	0.2236
14	16	0.9999	0.5595	0.3743
14	17	0.9997	0.4078	0.6405
15	16	0.9971	0.9517	0.0331
15	17	0.9988	0.5532	0.9532
16	17	0.9993	0.8680	0.3889
16	18	1.0000	0.6949	0.3907
16	20	0.6019	0.5852	0.3538
17	18	0.9991	0.6180	0.1664
18	19	0.8512	0.7477	0.5309
18	20	0.9996	0.8503	0.4374
19	20	0.9995	0.7737	0.3388
