0	1	0.9998	0.9496	0.7673
0	2	0.9996	0.9325	0.4623
0	3	0.9500	0.4048	0.8088
0	4	1.0000	0.5766	0.4524
0	5	0.9988	0.8797	0.6636
0	6	0.9999	0.6165	0.5606
0	8	0.9987	0.5626	0.5068
0	11	0.9987	0.4639	0.5191
0	18	0.9994	0.2670	0.8515
0	19	0.9998	0.3886	0.5035
0	21	0.7499	0.6293	0.8413
0	22	0.9997	0.1588	0.6382
1	2	0.7994	0.7564	0.1186
1	4	0.9996	0.8260	0.9027
1	5	0.9479	0.7263	0.0760
1	19	0.5499	0.9417	0.5054
2	3	0.9998	0.7290	0.2302
2	4	0.9986	0.3599	0.5153
2	5	0.9984	0.5003	0.2783
2	19	0.5013	0.3278	0.3822
2	22	0.9490	0.9068	0.3999
3	4	0.7504	0.5625	0.1163
3	5	0.9993	0.6189	0.7644
3	19	0.6002	0.6626	0.3053
3	22	1.0000	0.7859	0.7281
4	5	0.9999	0.6798	0.8115
4	6	0.9991	0.5348	0.5223
4	8	0.9977	0.5602	0.5567
4	11	0.9976	0.4880	0.6182
4	18	0.9985	0.3141	0.8986
4	19	0.9992	0.1402	0.3769
4	22	0.6502	0.0920	0.5505
5	6	0.9999	0.8787	0.2238
5	7	1.0000	0.1311	0.9652
5	8	0.6997	0.5021	0.3195
5	19	0.5530	0.6736	0.4218
5	21	0.8505	0.3246	0.8944
5	22	0.7003	0.7881	0.7361
6	7	0.9971	0.9590	0.8105
6	8	0.9998	0.6461	0.5082
6	11	0.9983	0.7017	0.5766
6	18	0.7984	0.7987	0.8351
6	19	0.9468	0.6794	0.3549
7	8	0.9995	0.7785	0.4730
7	9	0.9742	0.2868	0.4569
7	10	1.0000	0.5601	0.4480
7	11	0.8995	0.8263	0.0972
8	10	0.9993	0.4153	0.5656
8	11	0.9999	0.5040	0.4486
8	14	0.9488	0.5187	0.5437
9	10	0.9986	0.1619	0.0554
9	12	0.9498	0.2773	0.7962
9	13	0.9495	0.0311	0.6591
10	11	0.9994	0.7660	0.0571
10	13	1.0000	0.2072	0.8699
11	12	0.8493	0.9993	0.3062
11	13	0.9987	0.8501	0.6563
11	14	0.9982	0.4647	0.5164
11	15	0.9958	0.9970	0.0361
11	18	0.9983	0.6043	0.4544
11	19	0.5997	0.8673	0.3815
11	22	0.7996	0.7574	0.5770
12	13	0.9963	0.6574	0.0933
12	15	0.5505	0.7563	0.5353
13	14	0.9998	0.8273	0.3464
13	15	1.0000	0.1283	0.7712
13	17	0.9999	0.4793	0.7477
14	15	0.9995	0.9995	0.2201
14	17	0.8997	0.5791	0.9384
14	18	0.9000	0.7150	0.2231
15	16	0.9951	0.9826	0.5057
15	17	0.9994	0.7901	0.4294
15	18	0.6006	0.2886	0.9247
15	22	0.9000	0.4224	0.3326
15	23	0.6499	0.4662	0.8465
15	24	0.6986	0.8075	0.5194
16	17	0.9976	0.7419	0.1262
16	19	0.5489	0.4867	0.9547
17	18	0.9982	0.9465	0.1576
17	19	0.6500	0.4684	0.7563
17	22	0.6004	0.5798	0.5014
17	23	0.9995	0.6614	0.4868
17	24	0.9997	0.3425	0.7327
18	19	0.9982	0.9471	0.3653
18	22	0.9983	0.7036	0.6096
19	20	0.6491	0.9029	0.4719
19	21	0.8504	0.7425	0.7847
19	22	0.9996	0.3896	0.3741
20	21	0.9991	0.4627	0.5684
21	22	0.9493	0.7809	0.3124
22	23	0.9493	0.4757	0.3902
22	24	0.8995	0.4595	0.5642
22	25	0.9496	0.5248	0.3066
22	26	0.5497	0.3402	0.1137
23	24	0.9999	0.5895	0.5803
23	25	0.9994	0.6882	0.5715
23	26	0.9992	0.5579	0.7524
23	27	0.8014	0.6765	0.4287
24	25	0.9999	0.6165	0.5370
24	26	0.9993	0.5752	0.3656
24	27	0.6514	0.5123	0.5266
25	26	1.0000	0.6042	0.4030
25	27	0.9485	0.5768	0.5714
26	27	1.0000	0.7241	0.5971
