0	1	1.0000	0.6215	0.4313
0	2	0.9995	0.4518	0.5740
0	3	0.9991	0.7952	0.6116
0	4	0.9992	0.4835	0.5584
0	5	0.5497	0.7605	0.4919
0	6	0.9985	0.5650	0.6162
0	8	0.9977	0.5977	0.7453
0	14	0.9992	0.2479	0.3399
1	2	1.0000	0.5640	0.4180
1	3	1.0000	0.3150	0.8204
1	4	0.9995	0.5376	0.4488
1	14	0.9978	0.4545	0.1813
1	17	0.7047	0.3387	0.2751
2	3	0.9986	0.8617	0.5624
2	4	0.9993	0.5707	0.5089
2	6	0.6002	0.4351	0.3918
2	14	0.9500	0.2352	0.1854
3	4	0.9998	0.6434	0.5550
3	5	0.9004	0.2389	0.7289
3	6	0.8986	0.4181	0.2545
3	14	0.7503	0.6022	0.2979
3	16	0.9498	0.5992	0.6710
3	17	0.7000	0.5633	0.4260
4	5	0.9992	0.7155	0.6863
4	6	1.0000	0.6015	0.3941
4	8	0.9995	0.6187	0.4465
4	14	0.9990	0.5196	0.3633
5	6	0.9994	0.6322	0.1897
5	7	0.9998	0.2423	0.8120
5	8	0.6514	0.4706	0.0147
6	7	0.9980	0.8877	0.5367
6	8	0.8997	0.5396	0.5298
6	9	0.9491	0.9961	0.4504
6	13	0.7999	0.5864	0.4610
6	14	0.9983	0.8060	0.3051
7	8	0.9978	0.5150	0.2303
7	9	0.6504	0.2848	0.5516
7	12	0.9993	0.3807	0.6126
8	9	0.8994	0.8992	0.4209
8	13	0.9988	0.5907	0.5539
8	14	0.9993	0.8981	0.2256
9	10	0.5008	0.5001	0.4541
9	11	0.9996	0.5237	0.6085
9	12	0.7999	0.3449	0.4155
10	11	0.9497	0.4393	0.5193
11	12	0.8503	0.6806	0.1902
12	13	0.9987	0.6380	0.1736
13	14	1.0000	0.7726	0.3738
14	15	0.6992	0.8864	0.3068
14	16	0.9999	0.5360	0.5809
14	17	1.0000	0.5472	0.3653
16	17	0.9987	0.5981	0.2507
