0	1	0.7464	0.7191	0.0682
0	13	0.5005	0.7049	0.5270
0	17	0.7977	0.8852	0.3742
0	19	0.5500	0.2273	0.1206
1	2	0.9970	0.5683	0.2641
1	3	0.9999	0.7271	0.9501
1	14	0.9994	0.1400	0.4154
2	3	1.0000	0.8295	0.1858
2	4	0.9997	0.4701	0.4457
2	8	0.9988	0.3822	0.8648
3	4	0.9998	0.5255	0.5009
3	6	0.8016	0.0078	0.5256
3	7	0.9971	0.2841	0.7686
3	8	0.9963	0.7080	0.6720
4	5	1.0000	0.8777	0.3781
4	6	0.9993	0.9623	0.3532
4	7	1.0000	0.6273	0.5308
4	8	0.9997	0.3911	0.5264
5	6	0.9991	0.8227	0.5219
5	7	0.9999	0.5267	0.5745
5	8	1.0000	0.4963	0.5636
5	9	1.0000	0.5836	0.3934
5	10	0.9991	0.9781	0.2894
5	11	0.9999	0.5842	0.4693
5	19	0.9998	0.3475	0.7297
6	7	0.9989	0.7190	0.4898
6	9	1.0000	0.5218	0.8682
6	11	0.6509	0.4536	0.9800
6	19	0.9992	0.7998	0.4508
7	8	0.9964	0.8294	0.6677
7	9	0.9994	0.5988	0.2396
8	9	0.9992	0.6617	0.0505
8	10	0.9996	0.1803	0.6373
8	14	0.6514	0.0969	0.8201
8	15	0.7002	0.1813	0.5478
9	10	1.0000	0.8246	0.2825
9	11	0.9990	0.4057	0.5448
9	16	0.6507	0.6487	0.5016
9	19	1.0000	0.4622	0.6513
10	11	1.0000	0.4942	0.6353
10	14	0.8506	0.0284	0.9328
10	15	0.9999	0.6772	0.7108
10	16	0.9971	0.5116	0.2488
10	17	1.0000	0.3911	0.8638
11	15	0.9978	0.8719	0.7768
11	16	0.9999	0.7694	0.4281
11	17	0.9973	0.9954	0.5415
11	18	0.6506	0.7766	0.4690
11	19	1.0000	0.4707	0.5816
12	13	0.9983	0.8197	0.0849
12	14	0.9994	0.4401	0.7769
13	14	0.9998	0.6250	0.3517
14	15	0.9983	0.9698	0.1429
15	16	0.9970	0.7884	0.2576
15	17	0.9998	0.8174	0.8823
16	17	1.0000	0.8114	0.5198
16	18	0.9993	0.4937	0.5367
16	19	0.9997	0.3356	0.4784
17	18	0.9998	0.6263	0.3006
18	19	0.9996	0.7287	0.4136
