0	1	0.9997	0.9136	0.3424
0	2	1.0000	0.4732	0.4548
0	3	0.9997	0.7874	0.4957
0	4	0.9999	0.5989	0.4867
0	5	0.8992	0.8380	0.5419
0	6	1.0000	0.8113	0.3720
0	19	0.9989	0.7112	0.5320
0	20	0.5003	0.2274	0.9656
1	2	1.0000	0.6735	0.4694
1	4	0.9997	0.5051	0.7012
1	6	0.5004	0.4320	0.6634
1	18	0.9500	0.1035	0.6061
1	19	0.9998	0.4388	0.2444
2	3	0.9984	0.7628	0.7149
2	4	0.9990	0.6366	0.5771
2	19	0.9984	0.3368	0.6926
3	4	0.9999	0.6866	0.5751
3	5	0.9999	0.5434	0.6953
3	6	0.5502	0.4576	0.2310
4	5	0.9983	0.7531	0.6207
4	6	0.9997	0.6488	0.4521
4	19	0.9995	0.5222	0.4811
4	20	0.5512	0.5696	0.5474
5	6	1.0000	0.6057	0.4608
5	7	0.9989	0.4467	0.2735
5	20	0.7991	0.9213	0.5908
6	7	0.9998	0.6539	0.4266
6	19	1.0000	0.6151	0.3185
6	20	0.8490	0.4144	0.7412
7	19	0.9002	0.6531	0.3061
7	20	0.7503	0.4862	0.5970
8	9	0.9977	0.6739	0.2649
8	10	0.9995	0.4238	0.5051
8	13	0.8983	0.7382	0.2464
8	15	0.9991	0.8211	0.6717
8	17	0.9993	0.5577	0.6615
8	23	0.5997	0.7141	0.2516
8	24	0.5502	0.5322	0.7050
8	25	0.7497	0.5074	0.3483
9	10	1.0000	0.7455	0.3713
9	11	0.9999	0.5780	0.4970
9	12	0.9985	0.8146	0.5331
9	13	0.9998	0.5733	0.5709
9	15	0.9493	0.5388	0.4867
10	11	0.9987	0.6632	0.3409
10	13	0.9999	0.4117	0.7530
10	15	0.9498	0.3520	0.7008
10	17	0.7000	0.2093	0.1576
11	12	0.9997	0.9782	0.6609
11	14	0.6002	0.7808	0.4314
12	13	0.9996	0.6220	0.4462
12	14	0.9999	0.4239	0.7079
12	15	0.9966	0.6232	0.0687
13	14	0.8500	0.6518	0.6765
13	15	0.9997	0.4977	0.4806
13	17	0.6525	0.5350	0.1845
14	15	0.9997	0.6434	0.3763
14	17	0.9488	0.4227	0.0191
15	16	0.9978	0.9328	0.6486
15	17	0.9998	0.5938	0.2582
16	17	0.9486	0.4033	0.1629
16	23	0.7003	0.4483	0.2059
17	19	0.7999	0.6194	0.2853
17	23	0.9993	0.5071	0.4269
17	24	0.9978	0.5092	0.6659
17	25	0.7998	0.5450	0.4542
18	19	0.9957	0.4568	0.1118
18	21	0.7995	0.0891	0.4475
18	22	0.5998	0.1214	0.1924
19	20	0.9987	0.8910	0.5893
19	21	0.9993	0.3960	0.2847
19	22	0.9989	0.4580	0.4274
20	22	0.9006	0.8377	0.7921
21	22	0.7497	0.7656	0.5413
23	24	0.9992	0.5164	0.4383
23	25	0.9989	0.4891	0.3180
24	25	1.0000	0.7770	0.4143
24	28	0.5503	0.4699	0.3641
26	27	0.9491	0.7621	0.2641
26	28	1.0000	0.6728	0.4895
26	29	1.0000	0.6335	0.4294
26	49	0.6002	0.6133	0.4130
26	50	0.8497	0.6445	0.6372
27	28	0.9971	0.8453	0.1964
27	29	0.9991	0.2694	0.9589
28	29	0.9997	0.5221	0.3969
28	30	0.7003	0.2321	0.8330
28	48	0.9201	0.4465	0.7943
28	49	0.9500	0.8968	0.5869
28	50	0.8504	0.8375	0.7292
29	30	0.6034	0.8754	0.1574
29	49	0.6006	0.2244	0.2615
30	31	0.9984	0.8933	0.5000
30	32	0.8494	0.4829	0.4672
30	33	0.9499	0.4310	0.6669
30	34	0.8999	0.8383	0.5083
30	48	0.8489	0.4942	0.8197
30	49	0.9973	0.5913	0.2423
31	32	0.9001	0.2702	0.1201
31	33	0.8995	0.4626	0.5546
31	34	0.6010	0.5625	0.6001
32	33	0.9983	0.5157	0.6253
32	34	0.9985	0.3331	0.4032
33	34	0.9975	0.9372	0.3881
33	48	0.5008	0.5002	0.3727
34	35	0.9990	0.6568	0.3751
34	48	0.8994	0.6199	0.7625
35	36	1.0000	0.9947	0.0115
35	42	0.9991	0.3827	0.2240
35	48	0.9992	0.6907	0.7647
35	49	0.9982	0.1239	0.3576
35	50	0.9995	0.0161	0.7887
36	40	0.9994	0.9458	0.7430
36	41	0.9998	0.5739	0.5317
36	42	0.9969	0.4899	0.1138
36	43	0.8493	0.9329	0.5513
36	44	0.9987	0.9698	0.6144
36	45	0.7003	0.7813	0.4119
36	46	0.9986	0.9470	0.5712
36	47	0.9990	0.4169	0.5952
36	48	1.0000	0.0221	0.2306
37	38	1.0000	0.6346	0.4791
37	39	1.0000	0.6445	0.4773
38	39	0.9998	0.6583	0.2794
40	41	1.0000	0.7612	0.5150
40	43	0.8501	0.5574	0.7687
41	42	0.9991	0.8885	0.3187
41	43	0.5048	0.4620	0.7245
41	46	0.7501	0.6403	0.3886
41	47	0.7013	0.2857	0.5296
42	43	0.9998	0.6163	0.3744
42	44	0.9998	0.5419	0.5389
42	45	0.8506	0.4445	0.5187
42	46	0.9990	0.4124	0.2177
42	47	0.8994	0.3471	0.3044
42	48	1.0000	0.1023	0.4640
43	44	0.9494	0.7429	0.5265
43	45	0.9993	0.7534	0.5516
43	46	0.9986	0.6463	0.2175
43	47	0.6003	0.6201	0.4202
44	45	0.9504	0.6195	0.5637
44	46	0.5495	0.5854	0.4190
44	47	0.9012	0.7177	0.3619
45	46	0.9997	0.6941	0.2912
45	47	0.8498	0.6312	0.4360
45	48	0.5007	0.2036	0.2264
46	47	0.9988	0.6301	0.2009
46	48	0.9984	0.8129	0.2174
47	48	0.9995	0.4898	0.3413
48	49	0.9999	0.9882	0.2143
48	50	0.9997	0.9519	0.3276
49	50	1.0000	0.8380	0.3207
