0	1	0.8499	0.7881	0.6643
0	2	0.5127	0.6653	0.3738
0	5	0.9995	0.6474	0.9916
0	6	0.9989	0.7153	0.4432
0	17	0.5503	0.6048	0.9023
0	19	0.5006	0.5053	0.7347
1	2	0.9985	0.8931	0.0325
1	4	0.5002	0.8478	0.0918
1	6	0.9981	0.3466	0.3362
1	14	0.9500	0.4837	0.9206
1	17	0.9499	0.7071	0.9877
1	18	0.9004	0.5017	0.9271
1	19	0.9496	0.7215	0.8110
2	3	1.0000	0.9530	0.2158
2	4	0.9996	0.6816	0.5811
2	9	1.0000	0.7765	0.7281
2	12	0.9997	0.7269	0.6373
2	14	0.8506	0.1437	0.7515
2	16	1.0000	0.7196	0.7505
2	17	0.9995	0.3818	0.7059
2	19	0.7504	0.2726	0.5917
2	20	1.0000	0.7447	0.4382
3	4	1.0000	0.8069	0.2374
3	5	0.9991	0.4432	0.4045
3	7	0.9989	0.3888	0.6310
3	8	0.9973	0.9537	0.6786
3	9	0.9998	0.5116	0.3935
3	10	0.9639	0.9882	0.1529
3	11	0.9979	0.8242	0.8940
3	12	0.9995	0.5689	0.3316
3	20	0.9991	0.8026	0.8774
4	5	0.9997	0.4078	0.2477
4	6	1.0000	0.3466	0.9165
4	7	0.9973	0.4638	0.0509
4	9	0.9998	0.2246	0.8556
5	6	0.9998	0.9335	0.3465
5	7	0.9995	0.5254	0.5827
5	8	0.9962	0.9468	0.5862
5	9	0.9985	0.3393	0.2430
6	7	1.0000	0.4463	0.6655
7	8	0.7965	0.9975	0.4861
8	9	0.9994	0.5998	0.1066
8	11	0.9996	0.1466	0.8872
9	10	0.9983	0.9992	0.0603
9	11	1.0000	0.1775	0.8761
9	12	0.9999	0.5094	0.4601
9	15	0.9964	0.9327	0.0609
9	16	0.6504	0.6285	0.1783
9	17	0.7996	0.9802	0.2395
9	20	0.9994	0.7964	0.5940
10	11	0.9986	0.0416	0.4216
10	12	0.9999	0.0190	0.9127
10	13	0.6984	0.7467	0.0492
10	14	0.9961	0.9297	0.6132
10	15	0.9984	0.4240	0.4813
10	16	0.6512	0.1619	0.5629
10	19	0.5001	0.6693	0.8726
10	20	0.9981	0.3076	0.1781
11	12	1.0000	0.9003	0.0899
11	14	0.8504	0.1604	0.9780
11	15	1.0000	0.5534	0.8026
11	16	0.9985	0.9404	0.0055
11	20	0.9994	0.8869	0.7039
12	13	0.9989	0.9978	0.0922
12	14	0.9989	0.9682	0.7094
12	15	1.0000	0.8129	0.2718
12	16	1.0000	0.6218	0.3652
12	17	0.9985	0.9921	0.0586
12	19	0.9500	0.9755	0.9668
12	20	1.0000	0.5310	0.5125
13	14	0.9986	0.5751	0.2629
13	17	0.7504	0.0831	0.7738
13	19	0.9993	0.4005	0.5132
13	20	0.9984	0.4694	0.0079
14	15	0.8984	0.9230	0.5245
14	17	0.6998	0.5954	0.5932
14	19	0.9996	0.5776	0.5426
14	20	0.9977	0.8088	0.0546
15	16	0.9999	0.3068	0.5503
15	17	0.5504	0.1412	0.3017
15	20	0.9999	0.4636	0.3683
16	17	0.9997	0.9846	0.0945
16	19	0.7998	0.8056	0.8647
16	20	0.9996	0.4854	0.4649
17	18	0.9974	0.9927	0.1430
17	19	1.0000	0.5143	0.7534
17	20	1.0000	0.1503	0.1262
18	19	0.9980	0.4346	0.1069
19	20	0.9971	0.9679	0.0204
