0	2	0.7503	0.7401	0.6922
0	3	0.9990	0.8322	0.4374
0	17	0.6993	0.7084	0.6295
0	18	0.5002	0.7056	0.4223
0	19	0.9991	0.6946	0.3893
1	2	0.9986	0.4138	0.3315
1	3	0.6999	0.4256	0.4440
1	4	0.6020	0.3350	0.2728
2	3	0.9990	0.5857	0.4636
2	4	0.5018	0.5284	0.4241
2	8	0.5503	0.4869	0.3702
3	4	0.8994	0.5861	0.4285
3	7	0.9495	0.6650	0.7721
3	8	0.9491	0.5207	0.5380
3	14	0.8995	0.4878	0.6367
3	15	0.9985	0.5232	0.6015
3	17	0.9981	0.4102	0.5573
3	18	0.8482	0.5339	0.5651
3	19	0.9988	0.5067	0.5556
3	20	0.5501	0.1695	0.2415
3	21	0.8496	0.2536	0.7064
4	7	0.5016	0.7342	0.3837
4	16	0.5502	0.7754	0.4251
5	7	0.5007	0.4133	0.5339
5	15	0.5001	0.4389	0.5381
5	16	0.5999	0.3708	0.5379
5	17	0.6503	0.2912	0.5172
5	18	0.7497	0.5106	0.6137
5	19	0.9486	0.6393	0.5541
6	7	0.6002	0.5147	0.5665
6	14	0.5210	0.5561	0.5643
7	8	0.9981	0.8161	0.4354
7	15	0.8988	0.7268	0.6431
7	19	0.6999	0.5243	0.4095
8	9	0.8486	0.9135	0.5314
8	14	0.5504	0.8588	0.4676
8	15	0.8005	0.6066	0.5024
8	19	0.6261	0.5336	0.4141
9	10	0.6503	0.7347	0.5364
9	15	0.5002	0.5219	0.4887
10	11	0.8996	0.6806	0.3926
10	12	0.9500	0.6706	0.5663
10	13	0.7503	0.6747	0.5423
10	14	0.7503	0.6175	0.5310
11	12	0.6503	0.3831	0.5341
11	13	0.7017	0.3194	0.6646
12	13	0.8004	0.7518	0.4727
12	14	0.5005	0.4988	0.3733
13	14	0.8501	0.6389	0.2913
13	15	0.5020	0.4878	0.1175
14	15	0.9984	0.6239	0.1861
14	17	0.9496	0.7215	0.6383
14	18	0.9996	0.5159	0.5775
14	19	0.9995	0.5889	0.4878
14	20	0.6501	0.6544	0.6792
14	21	0.6023	0.4756	0.3304
14	22	0.6021	0.4505	0.5671
15	16	0.8491	0.8933	0.6665
15	17	0.9499	0.5257	0.4298
15	18	0.9991	0.5292	0.5440
15	19	0.9512	0.4894	0.5512
17	19	0.9988	0.5366	0.5977
17	20	0.8504	0.4415	0.4850
17	21	0.7501	0.6834	0.4774
17	22	0.7006	0.4458	0.4348
18	19	0.9994	0.4894	0.5914
18	20	0.7007	0.3476	0.5640
18	21	0.6522	0.5978	0.4983
18	22	0.7501	0.4881	0.5535
19	20	0.8994	0.8265	0.6996
19	21	0.8000	0.5963	0.4929
19	22	0.7002	0.5820	0.4850
20	21	0.7504	0.7206	0.5376
21	22	0.8010	0.4919	0.5355
