0	1	0.9998	0.6551	0.6292
0	2	1.0000	0.6773	0.5042
0	3	0.9994	0.5720	0.3143
0	4	1.0000	0.6883	0.3399
0	7	0.8005	0.4415	0.7838
1	2	1.0000	0.8511	0.2865
1	4	0.9987	0.7548	0.6274
1	5	0.9985	0.9766	0.8761
1	7	1.0000	0.7590	0.6085
2	3	0.9991	0.9638	0.2265
2	4	0.9992	0.4558	0.2613
2	11	0.5509	0.7653	0.5357
2	19	1.0000	0.8885	0.4961
3	4	0.9989	0.9365	0.1407
3	7	0.9984	0.7481	0.9302
3	19	0.9494	0.1847	0.1679
4	5	0.9975	0.9935	0.9967
4	6	0.9985	0.9607	0.1641
4	7	1.0000	0.5977	0.5627
4	8	0.9997	0.6294	0.4189
4	11	0.9481	0.3248	0.2482
5	6	0.9983	0.4246	0.6313
6	7	0.9933	0.4557	0.0270
7	8	0.9998	0.6739	0.3584
8	9	0.9980	0.9909	0.4492
8	10	0.9998	0.8560	0.7856
8	11	0.9996	0.2020	0.1503
8	14	0.9982	0.9983	0.6689
9	10	0.9967	0.6305	0.2216
10	11	0.9989	0.9809	0.0463
10	12	1.0000	0.7270	0.7713
10	13	0.7494	0.0803	0.2373
10	14	0.9004	0.0276	0.5477
10	15	0.9000	0.4473	0.3953
10	17	0.6002	0.2017	0.4236
10	18	0.5007	0.4687	0.3241
11	12	0.9977	0.5386	0.1973
11	18	0.7267	0.3475	0.6714
11	19	0.9985	0.7452	0.5109
12	13	0.9962	0.9960	0.3866
12	14	0.9968	0.9667	0.6665
12	15	1.0000	0.9467	0.3464
12	16	0.8996	0.9473	0.4501
12	17	0.9996	0.9043	0.5388
12	18	0.9999	0.4552	0.5182
12	19	0.9995	0.2915	0.7817
13	14	0.9987	0.2232	0.5224
13	17	0.9479	0.3892	0.1988
14	15	0.9990	0.4186	0.5179
14	16	0.5508	0.1549	0.6098
14	17	0.9976	0.4009	0.2621
14	18	0.7493	0.4782	0.1504
15	16	1.0000	0.8795	0.3350
15	17	1.0000	0.3033	0.5387
15	18	0.9999	0.1041	0.1309
16	17	0.9998	0.8628	0.2436
17	18	0.9959	0.6720	0.0224
18	19	1.0000	0.8613	0.4056
