0	1	0.9998	0.7169	0.9048
0	2	0.9983	0.4550	0.2317
0	3	1.0000	0.2553	0.9318
0	4	0.9996	0.2820	0.6525
0	16	0.9982	0.3748	0.5156
0	17	0.5529	0.2634	0.2920
0	19	0.9500	0.8999	0.9993
0	20	1.0000	0.7557	0.8094
0	22	0.9992	0.8188	0.6517
0	23	0.9998	0.7740	0.6942
0	25	1.0000	0.6931	0.5921
0	26	0.9995	0.7646	0.6781
1	2	0.9997	0.9999	0.1570
1	9	0.9979	0.7618	0.8505
1	19	0.9972	0.5450	0.7538
1	20	0.9999	0.9956	0.1522
1	22	0.9953	0.7150	0.7597
1	23	0.9993	0.5974	0.5623
1	25	0.9995	0.5477	0.4407
1	26	1.0000	0.7222	0.5007
2	3	0.9994	0.7813	0.4943
2	4	1.0000	0.7645	0.4393
2	5	0.9997	0.4952	0.3484
2	6	0.9995	0.5245	0.5162
2	7	0.9957	0.8840	0.0159
2	9	0.9995	0.5100	0.2050
2	20	0.9999	0.6860	0.6708
2	21	0.9985	0.6369	0.3793
2	22	0.9998	0.3238	0.4764
2	23	0.9994	0.3377	0.4980
2	25	0.9984	0.0988	0.6575
2	26	0.9979	0.1803	0.2017
3	4	0.9999	0.7932	0.0690
3	20	0.9498	0.9975	0.9444
4	5	0.9986	0.9527	0.2785
4	6	0.9999	0.4074	0.7821
4	9	0.9983	0.9921	0.1504
4	25	0.9996	0.9995	0.9810
4	26	0.9997	0.9876	0.2605
5	6	0.9999	0.8638	0.4450
5	7	0.9994	0.9520	0.6151
5	8	0.9999	0.7627	0.9124
5	9	0.9999	0.3999	0.5292
5	22	0.9983	0.2308	0.6636
5	23	0.9979	0.3011	0.7645
5	25	0.9474	0.2906	0.5752
5	26	0.9997	0.0515	0.2122
6	7	0.9988	0.5368	0.3514
6	9	0.9979	0.6741	0.3670
7	8	0.9997	0.7178	0.4961
7	9	0.9989	0.5438	0.4135
8	9	0.9986	0.9102	0.4415
9	12	0.6709	0.7733	0.5831
9	13	0.9986	0.9759	0.8556
9	14	0.9986	0.9797	0.8981
9	15	0.9997	0.9816	0.2428
9	18	0.9995	0.9891	0.9770
9	19	0.9990	0.9973	0.6815
9	20	0.9946	0.8849	0.5641
9	21	0.9989	0.0433	0.9842
9	22	0.9968	0.8385	0.8395
9	23	0.9991	0.8944	0.7343
9	25	0.9993	0.9900	0.6048
9	26	0.9999	0.7890	0.3921
10	11	0.9480	0.9959	0.0899
10	12	0.9970	0.8757	0.1095
10	18	0.5983	0.7189	0.4957
10	24	0.8499	0.6305	0.8238
11	12	0.9992	0.6071	0.2996
11	13	0.6999	0.4302	0.4553
11	15	0.9000	0.4192	0.8691
11	18	0.9987	0.5350	0.9152
11	22	0.5522	0.7389	0.9303
11	23	0.8495	0.7979	0.4476
11	24	0.9990	0.0193	0.9450
11	25	0.9987	0.4033	0.0826
12	13	0.8500	0.7857	0.3757
12	14	0.9991	0.8341	0.7415
12	15	0.9980	0.7923	0.6965
12	18	0.9987	0.8172	0.8530
12	19	0.9497	0.6964	0.5425
12	23	0.8486	0.5650	0.6979
12	24	0.9998	0.5502	0.5354
13	14	0.9988	0.6347	0.6657
13	15	0.9995	0.4960	0.3398
13	16	0.7996	0.0826	0.7915
13	17	0.6476	0.1847	0.5883
13	18	0.9989	0.5719	0.7300
13	23	0.5992	0.3883	0.4238
13	24	0.9493	0.1532	0.3325
13	25	0.9999	0.6808	0.5404
14	15	0.9997	0.6531	0.3560
14	17	0.8009	0.0244	0.8427
14	25	0.9987	0.5599	0.4309
15	16	0.9960	0.9927	0.5606
15	17	0.9993	0.8447	0.7704
15	18	1.0000	0.4441	0.8280
15	19	0.9479	0.4071	0.2686
15	22	0.9991	0.6781	0.8103
15	23	0.9983	0.4517	0.6101
15	24	0.9987	0.4453	0.4287
15	25	1.0000	0.4118	0.3574
15	26	0.9984	0.1671	0.5318
16	17	0.9997	0.8734	0.2636
16	18	0.8022	0.6249	0.3641
16	19	0.8046	0.6467	0.6331
16	25	0.9998	0.4931	0.6755
16	26	1.0000	0.8157	0.5343
17	18	0.9984	0.9644	0.0719
17	19	0.6503	0.6588	0.3158
17	25	1.0000	0.5475	0.8586
18	19	1.0000	0.8816	0.4534
18	22	0.9988	0.9630	0.9221
18	23	0.9991	0.9498	0.6973
18	24	0.9985	0.5475	0.5242
18	25	1.0000	0.8438	0.3161
18	26	0.9996	0.9933	0.7370
19	20	0.9493	0.9835	0.1399
19	22	0.9986	0.8144	0.8698
19	23	0.9987	0.6309	0.6095
19	25	0.9999	0.4224	0.4147
19	26	0.9999	0.5658	0.6842
20	22	0.8984	0.2066	0.4095
20	23	0.7501	0.0299	0.5677
20	26	0.9500	0.2841	0.7792
21	22	0.8995	0.9182	0.0155
22	23	0.9994	0.7280	0.5715
22	25	0.9492	0.6168	0.5221
22	26	0.9998	0.6763	0.4966
23	25	0.9993	0.5586	0.5196
23	26	1.0000	0.6052	0.5420
25	26	0.9999	0.5693	0.5063
