0	1	0.9995	0.7177	0.5613
0	5	0.9996	0.6361	0.6323
0	6	0.9996	0.6715	0.5702
0	7	0.7478	0.6841	0.4044
0	8	0.7506	0.5513	0.5039
0	9	0.9488	0.5908	0.0905
0	20	0.8999	0.6354	0.6415
0	21	0.5001	0.4574	0.4668
1	2	0.9493	0.8586	0.0827
1	3	0.8501	0.8046	0.6506
1	4	0.8491	0.9027	0.6023
1	5	0.9996	0.5489	0.4051
1	6	0.9999	0.6456	0.5381
1	7	0.7006	0.5598	0.5055
1	20	0.7005	0.5688	0.4496
2	3	0.9980	0.4740	0.5342
2	4	0.8502	0.1773	0.6625
3	4	0.9492	0.9149	0.2220
4	5	0.9985	0.8179	0.0923
5	6	0.9996	0.7272	0.4563
5	8	0.9995	0.6307	0.3641
5	16	0.6504	0.4033	0.2813
5	20	0.8999	0.7070	0.5119
5	21	0.7999	0.4179	0.8548
6	7	0.9988	0.7311	0.5201
6	8	0.6991	0.5071	0.4671
6	16	0.9001	0.6390	0.3907
6	20	0.9999	0.7669	0.6965
6	21	0.5004	0.4124	0.6970
7	8	0.7983	0.6323	0.4495
8	9	0.8995	0.8666	0.1276
8	11	0.6008	0.3574	0.3216
8	16	0.6016	0.3128	0.2307
9	10	1.0000	0.6715	0.2994
9	11	0.7999	0.3889	0.3537
9	13	0.9981	0.9016	0.2504
9	20	0.7000	0.2739	0.4994
10	11	0.9999	0.8551	0.2221
10	12	0.9988	0.8450	0.7143
10	13	0.9992	0.6433	0.6036
10	14	0.9981	0.9803	0.1252
10	15	0.6995	0.9082	0.1347
10	20	0.6500	0.6157	0.2227
11	13	0.9992	0.4228	0.6715
11	15	0.8003	0.6786	0.6335
11	20	0.5505	0.5097	0.4829
12	13	0.9984	0.6666	0.6968
12	14	0.5506	0.5811	0.4759
13	14	0.9991	0.8188	0.4082
13	15	0.8485	0.5817	0.1024
13	20	0.5496	0.3935	0.1980
14	15	0.9986	0.9746	0.2353
14	17	0.8486	0.9010	0.5777
15	16	0.9496	0.7793	0.6805
15	17	0.9996	0.5305	0.6110
15	18	0.8502	0.4609	0.6649
16	17	0.9992	0.8049	0.6044
16	18	0.6006	0.4797	0.3242
17	18	0.9987	0.8402	0.5158
18	19	0.9984	0.8631	0.4177
18	20	0.8004	0.8399	0.2618
19	20	0.8491	0.7109	0.1760
20	21	0.5009	0.7147	0.6902
