0	1	0.9997	0.8501	0.3645
0	2	0.9990	0.3792	0.4504
0	3	0.5982	0.3786	0.3925
0	4	0.9990	0.5630	0.6195
0	8	0.9986	0.4757	0.6784
1	2	1.0000	0.5655	0.3356
1	3	0.9998	0.5666	0.3811
1	4	0.9490	0.3659	0.5016
1	7	0.9998	0.2451	0.8224
1	8	1.0000	0.5575	0.6101
1	11	0.8502	0.3556	0.1936
1	15	0.9000	0.5560	0.6577
2	3	0.8969	0.4683	0.4664
2	4	0.9984	0.5581	0.5771
2	8	0.8001	0.4913	0.5383
2	14	0.6498	0.4885	0.5527
2	15	0.6997	0.8153	0.5596
3	4	0.9990	0.4507	0.5716
3	8	0.8494	0.3948	0.5252
4	5	0.9000	0.8845	0.4163
4	6	0.9495	0.9177	0.6397
4	7	0.7997	0.5351	0.6472
4	8	0.9994	0.5259	0.4704
5	6	0.9991	0.3927	0.6961
5	7	0.9492	0.4049	0.5775
5	8	0.9991	0.4162	0.3414
6	7	0.9997	0.8890	0.6497
6	8	0.9973	0.9919	0.3833
7	8	0.9987	0.8008	0.2560
7	9	0.5006	0.3542	0.6365
8	9	0.9998	0.5984	0.3972
8	10	0.9490	0.5473	0.9309
8	11	0.9994	0.6371	0.4947
9	10	0.9983	0.7516	0.5690
9	11	0.9992	0.8812	0.3871
9	12	0.6005	0.6391	0.3422
9	13	0.9998	0.7984	0.4473
9	14	0.8000	0.6683	0.3575
10	11	0.9996	0.5302	0.3235
11	12	0.9479	0.8636	0.5125
11	13	0.9991	0.7162	0.6525
11	14	0.8997	0.8287	0.4534
11	15	0.8506	0.7414	0.4274
12	13	0.9494	0.7039	0.5523
12	14	0.5511	0.7518	0.5183
13	14	0.9999	0.7807	0.5721
13	15	0.6508	0.4945	0.4408
14	15	0.9498	0.8217	0.4516
