0	1	0.7503	0.6251	0.1867
1	2	0.9997	0.9334	0.4454
1	3	1.0000	0.6700	0.4318
1	4	1.0000	0.6893	0.4242
1	6	0.7507	0.4974	0.6535
1	7	0.8003	0.5637	0.4198
2	3	0.9494	0.8017	0.3470
2	4	0.9998	0.4748	0.5773
2	5	0.6997	0.6863	0.7330
2	6	0.9490	0.7239	0.5624
2	7	0.8985	0.6108	0.2533
3	4	0.9977	0.5894	0.1419
3	6	0.7993	0.3814	0.2992
3	7	0.7002	0.5316	0.1185
4	5	0.9977	0.9844	0.5631
4	6	0.9997	0.7954	0.6478
4	7	0.9996	0.8869	0.5093
5	6	0.9990	0.8073	0.1819
5	7	0.9994	0.7783	0.3892
5	8	0.6518	0.6855	0.4897
5	10	0.5011	0.4886	0.2056
6	7	0.9999	0.6021	0.4999
6	8	0.5015	0.5252	0.3607
7	8	0.9502	0.6685	0.4247
7	10	0.8500	0.7641	0.5235
8	9	0.9993	0.9271	0.6854
8	10	0.9999	0.7754	0.3916
9	10	0.9984	0.7814	0.1136
9	11	0.5005	0.4260	0.5056
9	12	0.6007	0.7729	0.3126
9	14	0.7991	0.6977	0.1394
10	11	0.9968	0.8333	0.3887
11	12	0.8498	0.7525	0.2273
12	13	0.9999	0.7680	0.4498
12	14	0.8001	0.3073	0.4705
12	15	0.9997	0.6956	0.6365
12	16	0.9993	0.9311	0.5210
13	14	0.9984	0.8460	0.4110
13	15	0.9500	0.6502	0.6276
13	16	0.5022	0.6683	0.5438
14	15	0.9982	0.6537	0.1958
15	16	0.9999	0.8957	0.4063
