0	1	1.0000	0.6548	0.5940
0	2	1.0000	0.6715	0.4193
0	14	0.6003	0.5450	0.3473
1	2	0.9998	0.7729	0.4565
1	3	0.9993	0.6880	0.2657
2	3	0.9998	0.6281	0.4986
2	4	0.9999	0.7312	0.4734
3	4	1.0000	0.6134	0.5505
3	5	0.7998	0.6040	0.5364
4	5	0.9998	0.7323	0.3344
4	6	0.9501	0.6657	0.4629
5	6	0.9999	0.7233	0.2840
5	7	0.9996	0.5693	0.4312
5	8	1.0000	0.6726	0.3566
6	7	1.0000	0.6166	0.5336
6	8	0.9999	0.5509	0.5649
6	9	0.9504	0.7647	0.4461
7	8	0.9999	0.7360	0.4845
7	9	0.9999	0.7015	0.5139
7	11	0.9494	0.5975	0.4659
8	9	1.0000	0.5316	0.6036
8	10	0.9995	0.4485	0.4936
8	11	0.9999	0.4526	0.5355
8	13	0.6499	0.3025	0.4524
9	10	0.9994	0.8147	0.5705
9	14	0.8001	0.5908	0.3493
10	11	1.0000	0.6744	0.5891
10	13	0.9992	0.7406	0.2952
10	14	0.9498	0.5833	0.5539
11	12	0.9983	0.7995	0.8164
11	13	0.9492	0.7387	0.5006
11	14	0.9998	0.7648	0.4913
12	13	0.9481	0.9725	0.1663
12	14	0.9986	0.6113	0.7393
13	14	0.9988	0.6486	0.3294
