0	2	0.9980	0.9750	0.2941
0	7	0.9495	0.9344	0.9890
0	9	0.8988	0.8561	0.3660
0	11	1.0000	0.9850	0.4278
1	2	0.9973	0.5520	0.0771
1	7	0.9985	0.8825	0.9998
1	11	1.0000	0.3968	0.6135
1	14	0.8512	0.4395	0.9851
2	3	0.9992	0.5111	0.2008
2	6	0.9994	0.4716	0.4216
2	7	1.0000	0.4159	0.4776
2	9	1.0000	0.4936	0.3302
2	11	0.9999	0.3930	0.2338
3	4	0.9999	0.5000	0.4645
3	5	0.9996	0.1026	0.0036
3	6	0.9999	0.4758	0.3298
3	7	0.9992	0.3398	0.4481
3	8	0.9998	0.8532	0.9666
3	9	1.0000	0.4708	0.4652
3	10	0.9499	0.5752	0.9980
3	11	1.0000	0.3694	0.1074
4	5	0.9996	0.7312	0.4777
4	6	0.9999	0.6826	0.1514
4	7	0.9962	0.6494	0.6358
4	9	0.9995	0.4941	0.2815
5	6	0.9981	0.8510	0.0160
6	7	1.0000	0.4270	0.5772
6	8	0.9994	0.0000	0.9996
6	9	1.0000	0.0064	0.1773
7	8	0.9996	1.0000	1.0000
7	9	1.0000	0.7925	0.2780
7	11	0.9997	0.9987	0.6002
8	9	1.0000	0.9764	0.1221
8	11	0.9999	0.6600	0.9696
9	10	1.0000	0.8692	0.9040
9	11	0.9997	0.1227	0.2281
11	14	1.0000	0.9288	0.9557
12	14	1.0000	0.4627	0.5586
12	15	0.9994	0.8202	0.6118
12	17	1.0000	0.5352	0.5098
12	21	1.0000	0.7443	0.3057
13	14	0.9960	0.5480	0.0393
13	20	0.9998	0.9510	0.2754
13	21	0.5021	0.6447	0.0573
13	22	0.9493	0.9688	0.6055
14	15	0.9999	0.5615	0.4541
14	16	0.5501	0.2827	0.4790
14	17	0.9999	0.5597	0.5938
14	18	0.6986	0.3512	0.4514
14	19	0.9991	0.1970	0.6460
14	20	0.9992	0.1066	0.5500
14	21	0.9999	0.4848	0.4409
14	22	0.9997	0.0088	0.6797
15	16	0.9997	0.7683	0.4122
15	17	1.0000	0.5969	0.4888
15	18	0.9993	0.9478	0.8548
15	19	0.9998	0.8485	0.5175
15	20	0.9986	0.9899	0.5305
15	21	1.0000	0.5964	0.3583
15	22	0.7977	0.9977	0.0320
16	17	0.9789	0.7068	0.3210
17	18	0.9986	0.3451	0.9134
17	19	0.8999	0.5765	0.4392
17	20	0.9996	0.8059	0.8820
17	22	0.5495	0.3916	0.1029
18	21	1.0000	0.9983	0.1725
19	20	1.0000	0.7789	0.7302
19	21	0.9990	0.5030	0.1229
19	22	0.7999	0.4879	0.5208
20	21	1.0000	0.8620	0.1151
20	22	0.9991	0.7879	0.6668
21	22	0.9995	0.1422	0.0962
21	23	0.9000	0.1357	0.1307
22	23	0.7997	0.6186	0.2916
