0	1	0.7493	0.5916	0.1299
0	3	0.7504	0.7946	0.1573
1	2	1.0000	0.8271	0.1895
1	3	0.9989	0.5133	0.2546
1	5	0.9996	0.2622	0.4980
1	7	0.9000	0.8841	0.3816
1	8	0.9993	0.8597	0.0414
1	13	0.9998	0.7350	0.2490
1	14	0.6003	0.4883	0.1359
1	15	0.5503	0.5794	0.4847
1	16	0.5018	0.4250	0.4266
1	18	0.9992	0.6575	0.1958
2	3	0.7501	0.8436	0.1199
2	6	0.5013	0.5074	0.4191
2	7	0.6512	0.1177	0.8075
2	8	0.9498	0.6201	0.5221
2	9	0.9972	0.9874	0.3797
2	10	0.8502	0.8166	0.2675
2	13	0.9991	0.6775	0.6630
2	16	0.5505	0.5560	0.5462
2	17	0.5011	0.3506	0.7391
3	4	0.9995	0.8764	0.4443
3	5	0.8988	0.6668	0.4676
3	6	0.9492	0.6318	0.3762
3	7	0.6999	0.4118	0.5422
3	8	0.7999	0.1133	0.5983
3	13	0.9995	0.1699	0.8719
3	14	0.5502	0.4386	0.4803
4	5	0.6503	0.6140	0.5452
4	6	0.9988	0.8296	0.5866
5	6	0.9992	0.7675	0.2240
5	10	0.7985	0.6410	0.2547
6	7	0.9989	0.9742	0.2979
6	8	0.7003	0.5657	0.2624
6	13	0.9498	0.6592	0.5254
7	8	0.7996	0.8635	0.0568
7	10	0.5502	0.3812	0.7226
7	13	0.8490	0.8124	0.3242
8	9	0.9972	0.9888	0.4119
8	10	0.9992	0.5369	0.4282
8	13	0.9998	0.4578	0.5377
9	10	0.9960	0.7375	0.0283
9	13	0.9990	0.6337	0.4407
9	16	0.5012	0.4434	0.1292
10	11	0.9985	0.4001	0.2210
10	13	1.0000	0.6710	0.4614
11	12	0.9997	0.5199	0.4439
11	13	0.9989	0.4314	0.3722
12	13	0.8500	0.6087	0.2884
13	14	0.6506	0.7781	0.2718
13	17	0.8996	0.6979	0.5516
14	15	0.9997	0.5434	0.4415
14	16	0.9001	0.6148	0.4228
14	17	0.7204	0.3943	0.5945
14	18	0.8497	0.2801	0.8375
15	16	0.9996	0.6334	0.4049
15	17	0.8004	0.6957	0.3633
15	18	0.9995	0.6518	0.8468
16	17	0.9995	0.7887	0.3877
16	18	0.9002	0.5242	0.7071
17	18	0.9983	0.8164	0.1678
19	20	0.9989	0.7677	0.1779
19	21	0.9997	0.3904	0.9935
19	23	0.9991	0.3362	0.3771
20	21	0.9994	0.7351	0.8718
20	22	0.9493	0.2136	0.6824
20	23	0.8614	0.5719	0.6825
20	24	0.9987	0.7829	0.7702
20	25	0.6994	0.5697	0.7944
21	22	1.0000	0.9956	0.1613
21	23	0.9995	0.9592	0.9705
21	24	0.9989	0.4627	0.5224
21	25	0.7492	0.7997	0.6026
22	23	0.9985	0.3979	0.2002
22	24	0.7509	0.0754	0.9139
23	24	0.9984	0.9262	0.5777
23	25	0.9492	0.8707	0.3873
23	26	0.5991	0.7315	0.2285
24	25	0.9965	0.9681	0.4747
25	26	0.9982	0.6704	0.1567
