0	1	0.9964	0.8228	0.5640
0	2	1.0000	0.5660	0.4556
0	9	0.5300	0.2379	0.4188
0	10	0.9998	0.0065	0.3591
0	11	0.9997	0.9988	0.1471
0	12	0.9997	0.8598	0.2634
0	13	0.9997	0.1337	1.0000
0	14	0.9996	0.8295	0.2786
0	16	0.9995	0.9951	0.4843
0	30	0.9999	0.6844	0.5918
0	31	0.9987	0.6372	0.1803
0	33	1.0000	0.4149	0.9145
1	2	1.0000	0.7052	0.2915
1	3	0.9999	0.0321	0.1726
1	5	1.0000	0.4540	0.7942
1	9	0.9998	0.5821	0.4762
1	10	0.9978	0.7774	0.0400
1	14	0.9999	0.4363	0.6846
1	31	0.9491	0.4298	0.5221
1	32	0.9502	0.0459	0.0955
1	33	0.9997	0.3904	0.4109
2	3	0.5042	0.9313	0.0400
2	9	0.9996	0.6283	0.7681
2	10	0.9986	0.4364	0.5610
2	11	0.9993	1.0000	0.0725
2	12	0.9981	0.9942	0.7123
2	13	0.9975	0.7005	0.9825
3	5	0.9988	0.3436	0.6775
3	9	0.9979	0.3331	0.1171
3	33	0.9999	0.0712	0.0403
4	5	0.9994	0.3410	0.3705
4	7	0.6501	0.6464	0.6498
4	8	1.0000	0.5289	0.9641
4	9	0.7006	0.2467	0.1777
4	33	0.9966	0.4378	0.0789
5	6	0.9966	0.9357	0.1258
5	7	0.6003	0.5586	0.4086
5	8	0.9967	0.9545	0.6385
5	9	1.0000	0.9147	0.2447
5	33	0.9974	0.5081	0.0200
5	36	0.5005	0.7130	0.5686
6	7	0.9987	0.4931	0.2441
6	8	0.7006	0.4392	0.7279
6	33	1.0000	0.1289	0.2379
6	35	0.5536	0.2588	0.3930
7	8	0.9988	0.4858	0.5101
7	22	0.5002	0.6124	0.4232
7	33	0.9985	0.9228	0.0650
7	34	0.8992	0.5242	0.7149
7	37	0.8498	0.6921	0.3620
8	9	0.8483	0.7689	0.0597
8	33	0.9975	0.6243	0.1156
9	10	0.9990	0.8864	0.0359
9	33	1.0000	0.0993	0.0879
10	11	0.9993	1.0000	0.0144
10	12	0.9972	0.9981	0.9270
10	13	0.9990	0.9052	0.8965
11	12	0.9999	0.5611	0.5492
11	13	0.9971	0.2194	0.5525
11	14	0.9987	0.5070	0.2849
11	16	0.7994	0.3936	0.6011
11	29	0.8984	0.8408	0.6582
11	30	0.9990	0.6120	0.9459
11	31	0.9991	0.5877	0.2053
12	13	0.9990	0.5657	0.5831
12	14	0.9002	0.0799	0.1031
12	16	0.8004	0.0111	0.3546
12	30	0.7499	0.1063	0.6727
12	31	1.0000	0.0584	0.0871
13	14	0.9994	1.0000	0.0016
13	16	0.5505	0.8806	0.2421
14	16	0.9982	0.9428	0.7214
14	28	0.8003	0.8660	0.8269
14	29	0.9981	0.9707	0.5476
14	30	0.9990	0.3770	0.6967
14	31	0.9979	0.3881	0.5559
14	32	0.9994	0.9998	0.3683
14	33	0.9492	0.3245	0.6950
15	16	0.9988	0.9259	0.3605
16	17	0.9966	0.9027	0.1679
16	28	0.9999	0.2833	0.9948
16	29	0.9986	0.7514	0.5862
16	30	0.9970	0.8313	0.3322
16	31	0.9994	0.6564	0.5788
16	32	0.9997	0.6447	0.7118
16	37	0.8494	0.7226	0.4413
17	28	0.8495	0.8290	0.9211
17	29	0.9961	0.8311	0.8412
17	30	0.6998	0.2676	0.4764
17	32	0.9977	0.9107	0.9171
17	40	0.5471	0.9344	0.4708
18	19	0.9981	0.8895	0.4386
18	20	0.9988	0.9227	0.7623
18	21	0.9978	0.7132	0.7658
18	22	0.9991	0.4988	0.4285
18	23	0.9985	0.7434	0.8411
18	25	0.8004	0.9830	0.1314
18	26	0.9991	0.8268	0.6346
18	27	0.9486	0.3835	0.7227
18	28	0.9995	0.1057	0.1172
19	20	0.9980	0.8821	0.4497
19	21	0.9993	0.7098	0.3891
19	22	1.0000	0.5628	0.7504
19	23	0.9984	0.7545	0.3935
19	25	0.8501	0.6608	0.4116
19	26	0.9988	0.4521	0.6129
20	21	0.9987	0.6810	0.6174
20	22	0.9987	0.7801	0.7633
20	23	0.9988	0.5330	0.5799
20	24	0.5504	0.2614	0.2990
20	26	0.9991	0.3114	0.4746
21	22	0.9999	0.7253	0.5356
21	23	0.9996	0.6135	0.6498
21	25	0.9978	0.6886	0.1705
21	26	0.9999	0.5920	0.5281
22	23	1.0000	0.5595	0.8220
22	25	0.8999	0.3147	0.6138
22	26	0.8504	0.4246	0.5137
22	34	0.7500	0.7647	0.5792
22	37	0.9998	0.8765	0.6597
23	24	0.7989	0.9214	0.4459
23	25	0.8499	0.9543	0.2231
23	26	0.9993	0.9427	0.5723
23	27	0.6997	0.7086	0.4224
23	28	0.9989	0.9663	0.0918
24	25	0.9479	0.6375	0.5259
24	26	0.9995	0.5238	0.3490
25	26	0.8493	0.4732	0.2372
26	28	0.5535	0.8959	0.0078
27	28	0.9995	0.9075	0.2001
28	29	0.8994	0.9935	0.2437
28	32	0.9498	0.9938	0.6765
29	30	0.5485	0.2324	0.5933
29	31	0.9503	0.1905	0.9847
29	32	0.9993	0.3396	0.9549
30	31	0.9991	0.7148	0.6571
30	32	0.8991	0.7360	0.6784
30	33	0.5998	0.2380	0.6257
31	32	0.9989	0.9889	0.3305
31	33	0.9982	0.4889	0.9291
32	33	0.9477	0.5443	0.1157
32	36	0.7498	0.6897	0.5292
32	37	0.9496	0.8788	0.6175
32	40	0.5984	0.7445	0.3195
33	35	0.6507	0.2038	0.5625
33	36	0.8002	0.3652	0.6993
34	35	0.9999	0.4079	0.6666
34	36	0.9497	0.3475	0.5610
34	37	1.0000	0.5197	0.6270
34	38	0.8502	0.1900	0.2835
34	39	0.9488	0.6185	0.2305
34	40	0.9491	0.4901	0.3589
35	36	0.9992	0.6591	0.5770
35	37	1.0000	0.8010	0.4922
35	38	0.8489	0.5408	0.3077
35	39	0.5501	0.5274	0.2503
35	40	0.8995	0.7011	0.5063
36	37	1.0000	0.6017	0.6879
36	39	0.7502	0.2983	0.5688
36	40	0.8494	0.4623	0.5184
37	38	0.9970	0.9506	0.7597
37	39	0.9996	0.8309	0.4665
37	40	1.0000	0.7156	0.5102
38	40	0.9977	0.5838	0.7772
39	40	0.9996	0.5712	0.5293
