0	1	0.9991	0.6755	0.5187
0	2	0.9999	0.6257	0.4566
0	12	0.9989	0.4812	0.5609
0	13	1.0000	0.9997	0.1112
0	14	0.9999	0.8290	0.3571
0	15	1.0000	0.2343	0.8693
0	16	1.0000	0.5609	0.4761
0	17	0.7003	0.9309	0.1573
0	30	1.0000	0.8191	0.5503
0	32	0.9999	0.1703	0.9723
1	2	0.9990	0.5380	0.1992
1	3	0.9995	0.0684	0.4704
1	4	1.0000	0.5280	0.5332
1	5	0.8997	0.2481	0.8463
1	6	0.9999	0.5757	0.5656
1	11	1.0000	0.5399	0.5544
1	12	0.9998	0.6403	0.2700
1	16	1.0000	0.4480	0.7337
1	30	0.6002	0.3466	0.8563
1	31	0.9999	0.0442	0.3014
1	32	0.9998	0.5439	0.3872
2	11	0.9974	0.5804	0.8761
2	12	0.9964	0.7042	0.6897
2	13	0.9999	1.0000	0.0203
2	14	0.9976	0.9632	0.7056
2	15	0.9993	0.7047	0.6270
2	16	0.9982	0.3591	0.3430
3	4	0.9988	0.6396	0.2364
3	11	0.9983	0.6803	0.1770
3	31	0.9463	0.7574	0.0560
3	32	0.9480	0.3562	0.0907
4	5	0.7979	0.5416	0.2587
4	11	1.0000	0.7791	0.4074
4	12	0.5495	0.8796	0.0910
4	31	0.9991	0.2081	0.8545
4	32	0.9981	0.3373	0.1948
5	6	0.9983	0.9549	0.2312
5	10	0.8491	0.4992	0.7935
5	32	0.9972	0.6200	0.1470
6	7	0.8003	0.7844	0.3317
6	10	0.8003	0.6806	0.5719
6	32	0.6002	0.4485	0.0421
7	8	0.9479	0.6674	0.1576
7	9	0.8997	0.5384	0.7934
7	19	0.8993	0.8447	0.7415
7	20	0.5999	0.7248	0.8961
7	21	1.0000	0.3221	0.8830
8	9	0.9992	0.3875	0.3478
8	10	0.5004	0.0853	0.3113
9	10	0.8502	0.5705	0.5248
9	21	0.6506	0.5289	0.6176
10	11	0.7007	0.9958	0.2471
11	12	0.9991	0.8799	0.0867
11	32	0.9996	0.6552	0.2058
12	14	0.9988	0.9995	0.8613
12	15	0.9986	0.7043	0.7381
13	14	1.0000	0.6033	0.4166
13	15	0.9001	0.1106	0.0874
13	16	1.0000	0.3800	0.6167
13	17	0.9996	0.4242	0.4709
13	24	0.9483	0.7190	0.4529
13	25	0.9991	0.8180	0.1216
13	30	0.9961	0.7796	0.0016
14	15	0.9999	0.9463	0.4983
14	16	0.9999	0.0693	0.1929
14	17	0.9997	0.0566	0.4601
14	24	0.6000	0.2003	0.5701
14	25	0.5012	0.1895	0.1866
14	30	0.9502	0.0127	0.0071
15	16	0.9971	0.8122	0.0070
16	17	1.0000	0.9928	0.1641
16	24	0.5096	0.6864	0.4406
16	25	0.7506	0.6329	0.3315
16	29	0.6522	0.7359	0.8281
16	30	0.9998	0.5984	0.5205
16	31	0.9976	0.9996	0.8269
16	32	0.9992	0.4313	0.7778
17	18	0.8470	0.8659	0.1317
17	24	0.9997	0.7559	0.5035
17	25	1.0000	0.6187	0.4895
17	29	0.8492	0.5281	0.7348
17	30	0.9981	0.2869	0.6033
17	31	0.9480	0.2581	0.1932
18	19	0.9988	0.8310	0.6237
18	20	0.9998	0.5687	0.4810
18	21	0.7987	0.5972	0.2912
18	22	0.9987	0.8583	0.8324
18	23	1.0000	0.5700	0.5718
18	24	0.9479	0.6730	0.2432
18	25	0.6510	0.4102	0.3795
18	26	0.9994	0.5466	0.4039
19	20	0.9991	0.8083	0.4318
19	21	0.6504	0.4272	0.7066
19	23	0.9985	0.5538	0.4562
20	21	0.9992	0.9837	0.3409
20	22	0.9993	0.6593	0.5970
20	23	1.0000	0.6293	0.4301
20	26	0.5496	0.7475	0.5226
21	22	0.9988	0.8698	0.1367
21	23	0.6184	0.2614	0.0297
22	23	0.9969	0.7999	0.0700
23	24	0.7996	0.6753	0.0668
23	26	0.9991	0.1388	0.3925
24	25	0.9989	0.3978	0.5306
24	26	0.6004	0.2489	0.6714
25	26	0.7004	0.6534	0.6873
25	29	0.5042	0.6220	0.7077
25	30	0.5013	0.4820	0.1376
26	27	0.9958	0.9653	0.1403
26	28	0.9975	0.5530	0.2053
26	29	0.8486	0.6411	0.0232
27	28	0.5999	0.5644	0.2719
29	30	0.9990	0.9661	0.8540
29	31	0.7494	0.2267	0.3704
29	32	0.9975	0.5420	0.4535
30	31	0.9965	0.9924	0.5527
30	32	0.9972	0.6732	0.5984
31	32	0.9959	0.7029	0.0871
