0	1	1.0000	0.8419	0.2648
0	2	0.9500	0.8427	0.4685
0	3	0.9999	0.8523	0.5407
0	33	0.5003	0.6757	0.4426
0	34	0.6505	0.7120	0.6215
0	35	0.7005	0.6586	0.2466
0	58	0.5537	0.4641	0.6133
0	59	0.9986	0.8603	0.2014
1	2	0.9995	0.4576	0.5405
1	3	0.9989	0.3656	0.6138
1	4	0.9992	0.4557	0.2887
1	5	0.9985	0.6138	0.7031
1	6	0.9986	0.4035	0.5737
1	24	0.5509	0.6171	0.3915
1	28	0.9489	0.3768	0.6901
1	29	0.5046	0.4621	0.5359
1	33	0.7499	0.6479	0.8156
1	34	0.9995	0.7284	0.9576
2	3	1.0000	0.5231	0.4782
2	4	0.9991	0.4701	0.4641
2	5	0.9984	0.4899	0.6339
2	6	0.8497	0.2720	0.5377
3	4	1.0000	0.6274	0.3803
3	5	0.9991	0.5763	0.6532
3	6	0.9489	0.3385	0.4890
3	8	0.5504	0.4502	0.4269
4	5	1.0000	0.6326	0.5262
4	6	0.9997	0.6612	0.5324
4	7	1.0000	0.6509	0.4664
4	8	0.7008	0.7479	0.5028
5	6	0.9998	0.5645	0.5502
5	7	0.9998	0.5577	0.4244
5	8	0.9997	0.4893	0.5239
5	11	0.6999	0.3457	0.5767
6	7	1.0000	0.6028	0.4347
6	8	0.9996	0.6412	0.6979
6	10	0.8508	0.6563	0.2932
6	11	0.8002	0.5488	0.4010
7	8	0.9999	0.4914	0.4904
7	9	0.7995	0.2799	0.5023
7	10	0.9997	0.4938	0.4100
7	11	0.9999	0.4648	0.5143
7	12	0.9985	0.4660	0.5138
7	13	0.5510	0.1489	0.3231
8	9	0.9475	0.9797	0.2917
8	10	0.9994	0.5215	0.5353
8	11	1.0000	0.6357	0.5036
8	12	0.9992	0.5637	0.4884
8	13	0.5507	0.6347	0.3863
9	10	0.7991	0.7547	0.2394
9	12	0.6513	0.1520	0.6342
10	11	1.0000	0.5170	0.4374
10	12	0.9997	0.6315	0.5229
10	13	0.6002	0.3998	0.5761
10	14	0.7503	0.5310	0.3760
11	12	0.9992	0.4338	0.5645
11	13	0.9991	0.3303	0.5749
11	14	0.8995	0.3764	0.5011
11	15	0.8496	0.3093	0.4762
11	16	0.9491	0.3828	0.5795
11	17	0.8996	0.4348	0.2791
12	13	0.9997	0.6212	0.4138
12	14	0.9999	0.6123	0.4657
12	15	0.9996	0.7107	0.3241
12	16	0.9991	0.6163	0.5890
12	17	0.9992	0.6690	0.3297
13	14	0.8504	0.5296	0.4277
13	15	0.7002	0.4518	0.4059
13	16	0.9998	0.4878	0.4088
13	17	0.5006	0.4807	0.4919
14	15	0.9997	0.5493	0.3807
14	16	0.9987	0.4899	0.6131
14	17	0.9497	0.4829	0.4785
15	16	1.0000	0.4783	0.5341
15	17	0.6984	0.3181	0.3397
15	18	0.8001	0.4950	0.3344
15	19	0.7494	0.5282	0.6161
15	20	0.9497	0.6642	0.4552
15	21	0.6505	0.4200	0.4614
16	17	0.9993	0.8316	0.4256
16	18	0.9991	0.6552	0.3509
16	19	0.5692	0.4218	0.5683
16	20	0.9995	0.5831	0.4613
16	21	0.8999	0.5565	0.5365
17	18	0.9500	0.6200	0.6189
19	20	0.9498	0.7358	0.5099
19	21	0.9997	0.7188	0.5289
19	22	0.8998	0.4820	0.4799
19	23	0.9001	0.7847	0.4103
19	24	0.9499	0.8603	0.6669
19	25	0.7998	0.7864	0.4433
20	21	0.9997	0.5762	0.5602
20	22	0.8496	0.4134	0.2885
20	23	0.9997	0.5539	0.4149
20	24	0.9495	0.8484	0.5376
20	25	0.9013	0.6714	0.5107
20	26	0.6510	0.6223	0.4629
21	22	0.9990	0.5202	0.3506
21	23	0.9996	0.4840	0.3214
21	24	0.8998	0.7229	0.4940
21	25	0.9489	0.5508	0.4652
21	26	0.5003	0.5128	0.5027
22	23	0.7997	0.3657	0.2444
22	24	0.7504	0.4452	0.4495
22	25	0.7494	0.4547	0.1634
23	24	0.9995	0.5520	0.4713
23	25	0.9996	0.6052	0.4311
23	26	0.9993	0.6469	0.5643
24	25	1.0000	0.5716	0.4153
24	26	0.9983	0.6446	0.7444
24	27	0.7510	0.6149	0.4266
24	28	0.9985	0.5922	0.5530
25	26	1.0000	0.6435	0.5215
25	27	0.9993	0.4634	0.4183
25	28	0.9997	0.4645	0.4018
25	29	0.9977	0.2976	0.4667
25	30	0.5092	0.3217	0.3284
25	31	0.7005	0.3342	0.3536
25	32	0.8988	0.3469	0.4943
26	27	0.9991	0.8508	0.6001
26	28	0.9992	0.5795	0.5333
26	29	0.8490	0.6072	0.6330
26	31	0.6501	0.4288	0.4888
27	28	0.9992	0.5173	0.4377
27	29	0.7500	0.3564	0.5347
27	32	0.6008	0.5825	0.3730
27	33	0.5434	0.5221	0.4938
28	29	0.9989	0.4592	0.4041
28	30	0.9490	0.4661	0.4595
28	31	0.8495	0.4473	0.4595
28	32	0.8987	0.4908	0.5617
28	33	0.8485	0.5338	0.6022
29	30	0.9985	0.4220	0.4368
29	31	0.9996	0.4896	0.4245
29	32	0.9988	0.5291	0.5163
29	33	0.6998	0.4760	0.4760
30	31	0.8494	0.5025	0.4402
30	32	0.9988	0.5571	0.4934
30	33	0.9990	0.5369	0.5226
30	34	0.6501	0.4684	0.4130
30	35	0.7504	0.5991	0.1919
31	32	0.7498	0.4918	0.3810
31	33	0.9861	0.5821	0.4300
31	34	0.6007	0.5303	0.4604
31	35	0.7495	0.4045	0.3726
32	33	0.9994	0.6267	0.5344
32	34	0.7474	0.6005	0.5125
32	35	0.8498	0.4699	0.3330
33	34	0.9988	0.5362	0.4898
33	35	0.9990	0.4856	0.2178
33	36	0.8496	0.6042	0.3242
34	35	0.9981	0.4194	0.3473
34	36	0.7504	0.5653	0.4750
34	37	0.9481	0.5731	0.8985
35	36	0.9999	0.7953	0.3795
35	37	0.9989	0.6814	0.8568
35	38	0.9977	0.5696	0.5901
35	39	0.5003	0.5459	0.4651
35	40	0.6499	0.6277	0.5595
35	42	0.5500	0.7467	0.5550
36	37	0.9993	0.5805	0.8347
36	38	0.9995	0.4675	0.6728
36	39	0.9499	0.5470	0.4911
36	40	0.9999	0.5521	0.4994
36	41	0.9495	0.4969	0.5219
36	42	0.9993	0.5453	0.5518
36	43	0.8490	0.3810	0.5215
37	38	0.9987	0.8350	0.6625
37	39	0.9996	0.7858	0.5734
37	40	0.9996	0.7267	0.5453
37	41	0.7999	0.6063	0.5638
37	42	0.6502	0.5859	0.4375
38	39	0.9999	0.7167	0.4738
38	40	0.9493	0.6735	0.5706
38	41	0.9997	0.7600	0.4443
38	42	0.9997	0.7627	0.5122
38	43	0.5500	0.6172	0.6345
39	40	0.9997	0.5831	0.5837
39	41	0.9996	0.5201	0.5054
39	42	0.9988	0.5612	0.6397
39	43	0.9994	0.5218	0.6094
39	44	0.9993	0.5332	0.6496
39	45	0.7503	0.5784	0.4878
40	41	0.9999	0.5381	0.5230
40	42	0.9993	0.5260	0.6152
40	43	0.9985	0.5802	0.5980
40	44	0.9982	0.5182	0.6617
40	45	0.6922	0.4335	0.3838
41	42	0.9989	0.4937	0.5643
41	43	0.9997	0.4758	0.5397
41	44	0.9999	0.6926	0.5875
41	45	0.9991	0.6181	0.3849
41	47	0.5511	0.4872	0.4074
41	48	0.7491	0.7658	0.4891
42	43	0.9992	0.6142	0.5818
42	44	0.9990	0.8206	0.5949
42	45	0.9497	0.8280	0.3780
42	47	0.5506	0.7162	0.3027
43	44	0.9998	0.7152	0.5299
43	45	0.9999	0.6838	0.4297
43	46	0.9004	0.7234	0.4584
43	47	0.8500	0.5211	0.4046
43	48	0.9992	0.8870	0.2781
43	49	0.9477	0.8245	0.2868
44	45	0.9992	0.6197	0.5235
44	46	0.9997	0.5309	0.6081
44	47	0.9984	0.4687	0.6143
44	49	0.9491	0.4215	0.4876
44	50	0.9986	0.5848	0.3039
45	46	0.9991	0.5257	0.6019
45	47	0.9991	0.5202	0.5856
45	48	0.9996	0.5482	0.5115
45	49	0.7489	0.4737	0.4836
45	50	0.8492	0.4987	0.3656
46	47	0.9991	0.6274	0.6349
46	48	0.9997	0.6878	0.4462
46	49	0.9997	0.6521	0.3993
46	51	0.8999	0.5900	0.4765
47	48	0.9998	0.7282	0.3845
47	49	0.9999	0.6362	0.4588
47	50	0.8999	0.6503	0.4006
47	51	0.6506	0.6377	0.4681
48	49	0.9994	0.5418	0.5260
48	50	0.9995	0.5005	0.3538
48	51	0.9987	0.5709	0.5865
48	53	0.7492	0.3927	0.3581
48	55	0.6005	0.5534	0.3328
49	50	0.9989	0.4565	0.3792
49	51	0.9486	0.4827	0.5278
49	52	0.6004	0.2839	0.3271
49	53	0.5999	0.3475	0.3878
50	51	0.9997	0.6626	0.4518
50	52	0.8498	0.5672	0.5295
50	53	0.5001	0.3869	0.5018
50	55	0.5501	0.4851	0.3172
51	52	0.9489	0.5766	0.5787
51	53	0.9976	0.4784	0.5723
51	55	0.9501	0.6670	0.5843
51	58	0.8496	0.2796	0.2857
52	53	0.9987	0.5029	0.5525
52	54	0.5509	0.6078	0.4257
52	55	0.9997	0.6093	0.5315
52	56	0.8978	0.4103	0.6501
52	57	0.5014	0.4679	0.4955
52	58	0.9002	0.4568	0.3667
53	54	0.9985	0.7811	0.7131
53	55	0.9999	0.6590	0.4363
53	56	0.9464	0.3749	0.7109
53	57	0.5214	0.3690	0.5223
53	58	0.8997	0.4720	0.3070
54	55	0.9977	0.7346	0.3532
55	56	0.9990	0.8046	0.6744
55	57	0.9493	0.6249	0.6352
55	58	0.9998	0.7474	0.4744
55	59	0.9989	0.7904	0.6524
56	57	0.9996	0.6742	0.4860
56	58	0.9996	0.5227	0.4403
56	59	0.9985	0.4982	0.4931
57	58	0.9982	0.3551	0.5093
57	59	0.6004	0.3747	0.5297
58	59	0.9987	0.4323	0.4728
60	61	0.9997	0.8139	0.2079
60	62	0.9996	0.7387	0.6054
60	63	0.9998	0.6924	0.4329
60	64	0.9996	0.8808	0.3528
61	62	0.7479	0.5123	0.3996
61	63	0.6200	0.6436	0.3808
62	63	0.9995	0.5496	0.3561
62	64	0.6008	0.7662	0.4163
