0	1	0.9996	0.5267	0.5394
0	2	0.9987	0.5027	0.5810
0	6	0.7498	0.6092	0.5804
0	7	0.6001	0.4790	0.4721
0	8	0.5007	0.3291	0.5847
0	9	0.9991	0.5947	0.6087
0	10	0.8985	0.6550	0.6890
1	2	0.9995	0.5529	0.5703
1	4	0.7991	0.3778	0.5028
1	5	0.5504	0.6381	0.3138
1	6	0.6506	0.4993	0.3834
1	7	0.5001	0.5178	0.7265
1	9	0.9493	0.5513	0.5433
1	10	0.8487	0.4752	0.6014
2	3	0.9000	0.7600	0.5679
2	4	0.7501	0.8249	0.5982
2	5	0.7000	0.4699	0.7500
2	6	0.9992	0.6666	0.5347
2	7	0.6010	0.4539	0.5476
2	8	0.9989	0.5891	0.4822
2	9	0.9493	0.5459	0.4908
2	10	0.9497	0.5883	0.4942
2	18	0.6002	0.4996	0.4349
3	9	0.6996	0.4147	0.5571
4	5	0.9485	0.7881	0.5948
4	6	0.8134	0.5513	0.4503
5	6	0.5008	0.5712	0.3817
6	7	0.6999	0.4946	0.3579
6	8	0.8499	0.5434	0.5442
6	9	0.9996	0.5326	0.4642
7	8	0.8493	0.5634	0.2995
8	9	0.8994	0.5452	0.2376
8	10	0.7495	0.3960	0.5800
9	10	0.9996	0.6356	0.5213
9	11	0.5510	0.8110	0.3960
9	13	0.5006	0.3640	0.3490
10	11	0.7515	0.6590	0.4840
10	13	0.6008	0.4185	0.4278
11	12	0.9492	0.5749	0.4590
11	13	0.9492	0.5181	0.5847
11	15	0.9495	0.5534	0.5758
11	17	0.7994	0.4126	0.4612
11	18	0.8495	0.4412	0.6220
12	13	0.9987	0.5935	0.5537
12	14	0.6013	0.4011	0.6008
12	15	0.9489	0.4985	0.5061
12	16	0.9530	0.5804	0.5709
12	17	0.9494	0.7437	0.5005
12	18	0.8999	0.6945	0.5182
12	19	0.9995	0.7628	0.5211
13	14	0.9474	0.8965	0.5709
13	15	0.9997	0.6264	0.4309
13	16	0.6000	0.7732	0.6242
13	17	0.9491	0.5502	0.5324
13	18	0.8492	0.6134	0.3318
13	19	0.8476	0.4325	0.4173
14	15	0.7002	0.5695	0.3278
14	17	0.7003	0.5643	0.6158
14	19	0.6496	0.5998	0.5119
15	16	0.8497	0.5143	0.4256
15	17	0.9997	0.6371	0.4549
15	18	0.7501	0.6459	0.6743
15	19	0.8995	0.5511	0.4635
16	17	0.9996	0.6694	0.4964
16	18	0.9495	0.6055	0.5648
16	19	0.9496	0.6705	0.5727
16	20	0.7003	0.5228	0.6295
17	18	0.9987	0.5043	0.5866
17	19	0.9990	0.5135	0.5575
17	20	0.8994	0.5399	0.5236
17	21	0.8181	0.4767	0.5987
18	19	0.9999	0.6645	0.5069
18	21	0.8989	0.3677	0.7291
19	20	0.9973	0.8584	0.5359
19	21	0.9996	0.6070	0.2978
19	22	0.8496	0.4848	0.4700
20	21	0.8483	0.4115	0.6631
20	22	0.5998	0.3400	0.4737
21	22	0.6986	0.5230	0.4892
