0	1	0.9999	0.7059	0.5941
0	2	1.0000	0.6936	0.4414
0	3	0.6004	0.6740	0.3964
0	5	0.8004	0.6662	0.6609
1	2	0.9004	0.6729	0.4338
1	3	0.9989	0.6090	0.5833
1	5	0.8504	0.4843	0.5500
2	3	0.9987	0.7269	0.5709
2	4	0.6475	0.6596	0.4898
2	5	0.8498	0.6416	0.4780
3	4	0.9489	0.5276	0.5195
3	5	0.6012	0.5313	0.5556
3	6	0.5502	0.5173	0.4559
4	5	0.9987	0.7357	0.3134
4	6	0.8996	0.5430	0.5579
4	7	0.9486	0.3771	0.5670
4	8	0.9492	0.4721	0.3992
5	6	0.9998	0.6915	0.5222
5	8	0.7998	0.6004	0.6467
5	9	0.5010	0.7520	0.6112
6	7	0.9976	0.8287	0.5518
6	8	0.9003	0.6438	0.5217
6	9	0.8998	0.6438	0.4786
7	8	0.9490	0.5481	0.1469
8	9	0.9990	0.8186	0.4684
