0	8	0.7998	0.5863	0.2608
1	2	0.7500	0.9619	0.4391
1	7	0.9498	0.3386	0.7579
1	8	0.9999	0.7214	0.4630
1	17	0.6514	0.4661	0.2738
1	27	0.9994	0.6546	0.8031
2	3	0.9987	0.6373	0.1052
2	6	0.7993	0.4282	0.8349
2	8	0.9994	0.5548	0.9522
2	9	0.6502	0.4458	0.2208
3	4	0.7504	0.6616	0.4332
3	5	0.6500	0.2498	0.5014
3	6	0.9997	0.7991	0.6893
3	11	0.5009	0.5826	0.4388
3	28	0.5507	0.7506	0.2864
4	5	0.9997	0.8181	0.5728
4	6	0.9994	0.6931	0.5106
4	9	0.9996	0.5984	0.7541
4	11	0.5012	0.3921	0.4014
5	6	0.8989	0.7936	0.0798
6	9	1.0000	0.6264	0.8607
6	10	0.9990	0.3825	0.4772
6	11	0.8503	0.4757	0.4997
6	15	0.6497	0.6250	0.2835
6	21	0.8493	0.4064	0.5432
6	28	0.6005	0.6192	0.4346
7	8	0.9994	0.8251	0.1959
7	27	0.9997	0.5474	0.8673
8	9	0.8001	0.7289	0.3353
8	17	0.5492	0.5235	0.4801
8	27	0.9495	0.4019	0.5776
9	10	0.9001	0.9387	0.5306
9	11	0.9999	0.8093	0.3583
9	15	0.5038	0.7130	0.4900
9	16	0.5507	0.7396	0.3478
10	11	0.9004	0.4625	0.5268
11	12	0.8995	0.4383	0.1462
11	14	0.8001	0.5914	0.4109
11	15	0.9494	0.4449	0.3821
11	16	0.7001	0.4891	0.3375
11	17	0.9983	0.5179	0.1353
11	20	1.0000	0.5122	0.6868
11	21	0.5502	0.4263	0.5165
11	28	0.8502	0.5213	0.3796
12	13	1.0000	0.8176	0.5061
12	14	1.0000	0.6616	0.5148
12	15	0.8499	0.4233	0.6707
12	16	0.9992	0.2863	0.6165
12	17	0.9988	0.5848	0.6922
12	18	0.9998	0.9890	0.4192
12	19	0.9976	0.9763	0.4276
12	20	0.9996	0.4811	0.4769
13	14	0.9990	0.4990	0.7284
13	16	0.8495	0.4431	0.6368
13	17	0.9975	0.3499	0.8741
13	18	0.6004	0.3165	0.4742
13	19	0.8994	0.3933	0.4317
13	20	0.9994	0.3981	0.4711
14	15	0.9993	0.8195	0.7336
14	16	0.9989	0.6279	0.6194
14	17	0.9984	0.4226	0.7216
14	18	0.7000	0.7341	0.4906
14	19	0.9988	0.7900	0.6007
14	20	0.9989	0.3882	0.6059
15	16	0.9999	0.7355	0.4142
15	17	0.9994	0.7109	0.7635
15	20	0.9005	0.7135	0.8987
16	17	0.9985	0.6868	0.3473
16	19	0.7996	0.6629	0.7388
16	20	0.9999	0.5602	0.8287
16	28	0.5003	0.3494	0.4258
17	18	0.6003	0.9250	0.3860
17	19	0.9982	0.9066	0.6530
17	20	0.9496	0.5239	0.4177
18	19	0.7501	0.4848	0.3234
18	20	0.9974	0.1681	0.5677
19	20	0.9986	0.8185	0.1153
20	21	0.8480	0.9226	0.4113
20	22	0.9499	0.9610	0.4580
20	23	0.6500	0.5708	0.6391
20	24	0.9500	0.6358	0.4611
22	23	0.7494	0.9102	0.5530
22	24	0.9489	0.5979	0.5030
22	25	0.9997	0.2562	0.6069
22	26	0.7995	0.4542	0.4577
23	24	0.9995	0.5981	0.1843
23	25	0.9985	0.6627	0.8860
23	26	0.7501	0.8131	0.4265
24	25	0.9974	0.9520	0.4851
24	26	0.9997	0.5750	0.5059
24	27	0.5998	0.6369	0.3671
25	26	0.9997	0.5775	0.5425
26	27	0.9997	0.9527	0.2950
27	28	0.9500	0.7521	0.4549
28	29	1.0000	0.7500	0.5755
