0	1	0.9975	0.7334	0.4989
0	2	0.9999	0.4859	0.4453
0	3	1.0000	0.6631	0.5080
0	4	0.9984	0.7795	0.6163
0	5	0.9998	0.6595	0.4699
0	6	0.9951	0.9857	0.7442
0	9	0.9975	0.9591	0.7452
0	16	0.7009	0.2389	0.9515
1	2	1.0000	0.6566	0.2063
1	5	1.0000	0.5418	0.7253
1	10	0.9999	0.1546	0.9681
1	11	0.7509	0.0649	0.6082
1	13	0.7013	0.1423	0.9963
1	14	0.9993	0.1098	0.8081
1	15	0.9984	0.2720	0.2570
1	16	1.0000	0.5659	0.4008
2	3	1.0000	0.5751	0.4314
2	4	0.9991	0.7443	0.6791
2	5	0.8991	0.3687	0.2808
2	6	0.9987	0.9770	0.8673
2	9	0.8488	0.5505	0.6827
2	16	0.6031	0.0555	0.9493
3	4	0.9998	0.6932	0.5718
3	6	0.7506	0.6298	0.8710
4	5	0.7502	0.6608	0.5180
4	6	1.0000	0.5018	0.9126
4	9	0.6496	0.5290	0.6880
5	6	0.9973	0.9878	0.6751
5	9	0.9995	0.7989	0.7056
5	10	1.0000	0.6866	0.4323
5	12	0.8997	0.9906	0.2821
5	13	0.5499	0.7064	0.6727
5	16	0.9528	0.4098	0.9781
6	7	0.9989	0.2465	0.4823
6	8	1.0000	0.1644	0.8534
6	9	1.0000	0.7678	0.4863
6	10	0.9478	0.4825	0.5234
6	11	0.6034	0.0945	0.5365
6	12	0.9997	0.3214	0.5835
7	8	0.9979	0.9917	0.3667
7	9	0.9975	0.4505	0.2482
8	9	0.9487	0.9679	0.0572
8	11	0.7004	0.4869	0.3300
8	12	0.8983	0.7215	0.2106
9	10	0.9994	0.7930	0.2224
9	11	0.7500	0.2044	0.7910
9	12	0.9499	0.4489	0.7144
9	13	0.9973	0.8894	0.1202
10	11	0.9992	0.9908	0.5730
10	12	0.9996	0.7019	0.4879
10	13	0.9992	0.4799	0.5777
10	14	0.7146	0.9546	0.0951
10	16	0.9996	0.6690	0.9618
10	17	0.8007	0.0577	0.3160
11	12	0.9992	0.6369	0.2057
11	13	0.9999	0.5800	0.9354
12	13	1.0000	0.7235	0.3485
13	14	0.9986	0.9974	0.0078
13	16	0.9991	0.9466	0.8249
13	17	0.9493	0.3809	0.1645
14	15	0.6503	0.8973	0.2742
14	16	0.9987	0.4622	0.3280
15	16	0.7500	0.3137	0.1352
16	17	0.9999	0.9906	0.1410
