0	1	0.9995	0.6308	0.5654
0	2	0.9489	0.5502	0.3323
0	3	0.9992	0.6669	0.7488
0	6	0.8000	0.7010	0.6005
0	7	0.9994	0.7045	0.4611
1	2	1.0000	0.5958	0.4218
1	3	0.9996	0.6740	0.6381
1	4	0.9497	0.6991	0.5672
1	5	0.9994	0.3595	0.2827
1	6	0.9486	0.4232	0.4704
1	7	0.9987	0.4101	0.5152
2	3	0.9999	0.5346	0.5128
2	4	0.9994	0.6564	0.6009
2	5	0.9997	0.3692	0.2966
2	6	0.9989	0.3523	0.5727
2	7	0.9992	0.2740	0.4477
3	4	0.9994	0.7159	0.6128
3	5	0.9490	0.4925	0.4590
3	6	0.9488	0.6032	0.6251
3	7	0.9999	0.7054	0.5407
3	8	0.9992	0.7886	0.2629
3	9	0.6505	0.6952	0.3103
4	5	0.8000	0.6076	0.3387
4	6	0.6500	0.5539	0.4981
4	7	0.9990	0.6694	0.6501
4	8	0.7496	0.6974	0.3667
5	6	0.9498	0.6411	0.3695
5	7	0.9986	0.5615	0.6808
5	8	0.9992	0.7903	0.2154
5	9	0.7006	0.6342	0.5008
6	7	0.9998	0.5363	0.5054
6	8	0.9997	0.5899	0.4642
6	9	0.9480	0.4301	0.6011
6	11	0.6998	0.3349	0.4612
7	8	0.9997	0.4905	0.4218
7	9	0.8990	0.3931	0.4696
7	10	0.5509	0.3985	0.3629
8	9	0.9990	0.7565	0.5480
8	10	0.8994	0.5989	0.3729
8	11	0.9993	0.7192	0.5812
8	12	0.9984	0.8413	0.7513
8	13	0.7985	0.6023	0.5658
9	10	0.9988	0.4946	0.5359
9	11	0.9992	0.6973	0.4825
9	12	0.8997	0.6219	0.4395
10	11	0.8498	0.5874	0.4946
10	12	0.9481	0.7887	0.4722
11	12	0.9999	0.5987	0.4955
11	13	0.7002	0.6373	0.1699
11	15	0.8006	0.3785	0.5980
11	16	0.6377	0.4694	0.4585
12	13	0.9950	0.9971	0.1209
12	15	0.9991	0.6850	0.5604
13	14	0.9968	0.9891	0.3080
14	17	0.5008	0.4336	0.4418
15	16	0.9498	0.6585	0.4126
15	17	0.9001	0.7498	0.4927
15	18	0.9994	0.5506	0.6750
16	17	0.9988	0.5897	0.5785
16	18	0.9991	0.5616	0.6032
16	19	0.9988	0.5867	0.5855
16	20	0.9496	0.3028	0.2820
16	21	0.9990	0.5258	0.4407
16	22	0.8488	0.5618	0.6533
16	23	0.8998	0.4496	0.5979
17	18	0.9998	0.5333	0.5841
17	19	0.8058	0.5194	0.4482
17	20	0.8996	0.5301	0.4964
17	21	0.9994	0.5533	0.5643
17	22	0.9491	0.6076	0.6258
17	23	0.9500	0.5961	0.5433
18	19	0.9991	0.6209	0.6288
18	20	0.9991	0.7346	0.5442
18	21	0.9997	0.7263	0.4961
18	22	0.7995	0.5541	0.5462
18	23	0.9495	0.6463	0.5440
19	20	0.7506	0.6235	0.3902
19	21	0.9991	0.5187	0.3508
19	22	0.9991	0.5853	0.6528
19	23	0.8002	0.4643	0.5764
20	21	0.9493	0.4816	0.4275
20	22	0.8001	0.4833	0.4379
20	23	0.6500	0.5316	0.4176
21	22	0.9996	0.6374	0.5446
21	23	0.8499	0.5160	0.3688
22	23	0.9500	0.6661	0.5612
