0	1	0.9996	0.6778	0.2848
0	5	0.6502	0.4092	0.5460
0	6	0.9477	0.8410	0.0832
0	7	0.8004	0.6344	0.7509
0	16	0.9994	0.7745	0.1051
0	33	0.8995	0.6222	0.1538
1	4	0.5506	0.7700	0.3569
1	6	0.8611	0.5088	0.4420
1	7	0.7682	0.5965	0.5504
1	13	0.6999	0.5358	0.5615
1	14	0.7003	0.8563	0.3609
1	15	0.9995	0.6221	0.7110
1	16	0.9999	0.5113	0.5076
1	28	0.5504	0.4931	0.2663
1	31	0.6011	0.6307	0.4750
1	32	0.8998	0.5468	0.7252
1	33	0.9989	0.4065	0.3616
1	34	0.5502	0.7143	0.2186
2	3	0.9997	0.7517	0.3103
2	4	0.6999	0.6251	0.1878
2	7	0.9482	0.5657	0.2530
2	14	0.6004	0.5851	0.5454
2	16	0.5007	0.3933	0.6927
3	4	0.9491	0.6608	0.5156
3	9	0.6507	0.5414	0.5520
4	5	1.0000	0.9211	0.5368
4	6	0.7470	0.5195	0.3271
4	7	0.9999	0.6859	0.6430
4	8	0.9000	0.6664	0.5921
4	9	0.8501	0.6077	0.4785
4	13	0.5006	0.5850	0.5414
4	14	0.5502	0.3704	0.4441
5	6	0.6997	0.6684	0.0857
5	7	0.9501	0.8058	0.8171
5	8	0.5505	0.6241	0.5323
5	9	0.6010	0.5990	0.3707
6	7	0.9987	0.6343	0.6022
6	14	0.7498	0.7059	0.1947
6	15	0.8996	0.2538	0.5480
6	16	0.5508	0.5147	0.4194
7	8	0.8984	0.8208	0.2767
7	9	0.9991	0.6076	0.7150
7	12	0.9995	0.7977	0.7592
7	13	0.9994	0.6692	0.6046
7	14	0.9977	0.6472	0.2286
7	15	0.6010	0.6017	0.4594
7	16	0.5979	0.5284	0.5156
8	9	0.8501	0.6593	0.4880
9	10	0.9989	0.7414	0.4898
9	11	0.9996	0.6376	0.3389
9	12	0.8510	0.6570	0.4358
9	13	0.9987	0.7751	0.5332
9	14	0.9997	0.7262	0.4736
9	15	0.5006	0.6315	0.3067
10	11	0.9984	0.7945	0.4721
10	13	0.6002	0.6028	0.6906
11	12	0.9991	0.6218	0.3497
11	15	0.5503	0.6337	0.2781
12	13	0.9499	0.9158	0.3609
12	14	0.9500	0.7682	0.5536
12	15	0.9001	0.7379	0.5917
13	14	1.0000	0.8261	0.4710
13	15	0.9987	0.6900	0.5302
14	15	0.7998	0.4732	0.2850
14	16	0.8002	0.3707	0.8299
15	16	0.9996	0.7212	0.4612
15	17	0.5005	0.2171	0.5579
15	33	0.8998	0.7471	0.3127
16	17	0.6008	0.8265	0.3612
16	20	0.7001	0.6920	0.5675
16	33	0.8989	0.5074	0.4988
17	18	0.9501	0.7580	0.1544
17	19	0.7500	0.3620	0.7125
17	20	0.8498	0.5833	0.3933
17	23	0.5530	0.5819	0.6734
18	19	0.9487	0.6104	0.6104
18	20	1.0000	0.6526	0.5251
18	23	0.8999	0.6721	0.6172
18	24	0.5498	0.5131	0.5330
18	28	0.6503	0.6253	0.5861
18	31	0.5499	0.5346	0.2713
18	33	0.7502	0.5405	0.4917
19	20	0.9983	0.7933	0.5439
19	22	0.6995	0.3650	0.6218
19	23	0.9993	0.6301	0.3311
19	24	0.7009	0.7014	0.3558
20	21	0.9984	0.7619	0.5086
20	22	0.7989	0.6300	0.8008
20	23	0.9499	0.5694	0.7745
20	24	0.6999	0.4485	0.6592
21	22	0.7996	0.5216	0.6344
22	23	0.8985	0.7983	0.3942
23	24	0.9999	0.9326	0.2985
23	26	0.6503	0.6904	0.5431
23	31	0.5473	0.4330	0.4799
24	25	0.9983	0.9271	0.5448
24	26	0.8002	0.6114	0.6823
24	28	0.8497	0.5194	0.4758
24	30	0.6156	0.4035	0.4616
24	31	0.7396	0.3815	0.7207
24	32	0.5005	0.4792	0.3418
25	26	0.8004	0.5498	0.7576
26	28	0.7504	0.6464	0.4011
27	28	0.7991	0.6247	0.2156
28	29	0.9998	0.6803	0.5308
28	30	0.9995	0.6389	0.5109
28	31	0.9498	0.5182	0.5470
28	32	0.5509	0.2757	0.5093
28	34	0.5507	0.4898	0.3542
28	35	0.6260	0.2941	0.5528
29	30	0.7978	0.5126	0.4907
29	31	0.9974	0.5789	0.6966
29	32	0.7502	0.5901	0.5531
29	33	0.6997	0.4340	0.6601
30	31	0.9498	0.5742	0.5672
30	32	0.6005	0.3685	0.4245
31	32	0.9237	0.7591	0.6257
32	33	0.7000	0.8648	0.2641
32	34	0.5499	0.6020	0.5654
33	34	0.9992	0.7290	0.2642
33	35	0.9001	0.4464	0.4685
34	35	0.7988	0.7366	0.2667
