0	2	0.9990	0.5490	0.6380
0	3	0.9989	0.6951	0.4238
0	7	0.9988	0.5932	0.0882
0	9	0.9970	0.5587	0.5843
0	10	0.9996	0.1944	0.6556
0	11	0.9983	0.8440	0.0009
1	2	0.9954	0.6778	0.0015
1	7	0.9994	1.0000	1.0000
1	11	1.0000	0.4713	0.6829
1	13	0.9501	0.5550	0.9995
2	3	0.9999	0.4748	0.4619
2	4	0.5495	0.1161	0.4867
2	6	0.9957	0.1840	0.4722
2	7	0.9987	0.3336	0.4809
2	9	0.9990	0.4462	0.4478
2	11	0.9977	0.1647	0.2692
3	4	0.9993	0.4847	0.4832
3	5	0.9488	0.1940	0.4861
3	6	0.9998	0.4159	0.4310
3	7	0.9999	0.4460	0.3904
3	8	0.9999	0.8859	0.8595
3	9	0.9994	0.5495	0.4888
3	10	0.9999	0.6163	1.0000
3	11	0.9993	0.5659	0.0142
4	5	0.9971	0.6546	0.5723
4	6	0.9978	0.8467	0.4415
4	7	0.9979	0.7345	0.4682
4	8	0.9992	0.0726	0.7053
4	9	0.9988	0.4561	0.4472
5	6	1.0000	0.7396	0.2591
5	7	1.0000	1.0000	0.6964
6	7	0.9995	0.4642	0.4875
6	8	0.9508	0.0002	0.9991
6	9	1.0000	0.0000	0.2830
7	8	1.0000	0.9999	1.0000
7	9	0.9996	0.6385	0.3729
7	11	0.9987	0.9946	0.6564
8	9	1.0000	0.9559	0.2162
8	11	1.0000	0.5849	0.8901
9	10	0.9984	0.7779	0.7285
9	11	0.9984	0.1475	0.2661
11	13	1.0000	0.8312	1.0000
11	16	0.5522	0.8766	0.8106
11	17	0.9985	0.6513	0.0882
12	13	0.9999	0.4931	0.5318
12	14	0.9999	0.9996	0.9813
12	17	0.9989	0.9713	0.5541
12	18	0.9999	0.3830	0.4419
12	19	0.9996	0.4757	0.6988
13	14	0.9999	0.3968	0.8293
13	16	0.9993	0.9700	0.4764
13	17	0.9991	0.5590	0.4224
13	18	0.9993	0.6371	0.6224
13	19	0.9990	0.4137	0.8601
14	15	0.9997	0.7745	0.5019
14	17	0.9984	0.7735	0.5879
14	18	1.0000	0.6451	0.4514
14	19	0.9998	0.9262	0.6938
15	17	0.9995	0.4888	0.5969
16	17	0.9977	0.4833	0.1471
17	18	0.9999	0.7385	0.1197
18	19	0.9993	0.4009	0.4641
