0	1	0.9998	0.9037	0.9386
0	2	0.9996	0.6230	0.2921
0	3	0.9999	0.4372	0.8899
0	4	0.9997	0.4896	0.8648
0	5	0.9979	0.5567	0.4611
0	16	1.0000	0.9060	0.9418
0	17	0.9967	0.4666	0.0949
0	19	0.9993	0.9935	0.9903
0	20	1.0000	0.9429	0.6893
0	22	0.9984	0.8601	0.2712
0	23	0.9985	0.7741	0.6537
0	25	1.0000	0.8678	0.9259
0	26	0.9995	0.8035	0.3224
1	2	0.9987	0.9931	0.0571
1	10	0.9990	0.6243	0.5758
1	16	0.9991	0.2152	0.8750
1	19	0.9982	0.7135	0.4418
1	20	0.9002	0.9666	0.1395
1	22	0.9991	0.9176	0.8447
1	23	1.0000	0.7070	0.5650
1	25	0.9990	0.6028	0.5980
1	26	0.9992	0.5865	0.5967
2	3	1.0000	0.6305	0.6200
2	4	0.9984	0.8006	0.5775
2	5	0.9997	0.7878	0.5116
2	6	0.9996	0.3924	0.4818
2	7	1.0000	0.4996	0.8471
2	8	0.9953	0.7163	0.0506
2	10	0.9992	0.2883	0.1622
2	19	0.7008	0.0627	0.9561
2	20	0.9996	0.6431	0.6873
2	21	0.9466	0.5953	0.4128
2	22	0.9991	0.1451	0.5252
2	23	1.0000	0.1339	0.6880
2	25	1.0000	0.0267	0.8762
2	26	0.9992	0.0301	0.5557
3	4	0.9998	0.7038	0.5262
3	5	0.9995	0.8440	0.1069
3	20	0.9998	0.9850	0.8744
4	5	0.9984	0.6608	0.1060
4	7	0.8509	0.2582	0.8904
5	6	0.9992	0.9431	0.3646
5	7	0.9998	0.3171	0.9337
5	8	0.7007	0.7790	0.4051
5	25	0.9997	0.9830	0.9970
5	26	0.8028	0.9645	0.1272
6	7	1.0000	0.7696	0.4029
6	8	1.0000	0.7085	0.6048
6	9	1.0000	0.6498	0.9391
6	10	0.9994	0.4033	0.5043
6	23	0.9989	0.0606	0.5792
7	8	0.9987	0.6653	0.3429
7	10	0.9486	0.5027	0.3375
8	9	0.9990	0.5788	0.8197
8	10	0.9988	0.6022	0.4128
9	10	0.9965	0.9726	0.3158
9	22	0.5848	0.9135	0.4910
10	13	0.9999	0.9972	0.5705
10	14	0.9980	0.9650	0.9895
10	15	0.9999	0.9609	0.1723
10	18	0.9999	0.9552	0.9302
10	19	0.9985	0.8998	0.3333
10	21	0.9003	0.0025	0.9870
10	22	0.9977	0.7349	0.8444
10	23	0.9999	0.5231	0.6387
10	25	0.9999	0.8447	0.4794
10	26	0.9992	0.5840	0.6872
11	12	0.9493	0.9949	0.0454
11	13	0.9484	0.9459	0.0991
12	13	0.9983	0.9065	0.0255
12	15	0.8003	0.8420	0.8208
12	18	0.9985	0.8589	0.9520
12	24	0.9999	0.4068	0.7517
12	25	0.7109	0.8365	0.0000
12	26	0.8019	0.8286	0.9976
13	14	0.9998	0.8739	0.5172
13	15	0.9993	0.8668	0.6333
13	16	0.9994	0.9018	0.4729
13	17	0.9996	0.9952	0.9868
13	18	1.0000	0.5537	0.7218
13	19	0.9852	0.1463	0.0063
13	22	0.9999	0.4404	0.9799
13	23	0.8484	0.2518	0.9344
13	24	1.0000	0.3654	0.6065
14	15	0.9998	0.9050	0.3662
14	16	0.9977	0.2061	0.4249
14	17	0.9994	0.1211	0.9277
14	18	0.9985	0.8518	0.9719
14	24	0.9997	0.5336	0.9429
14	25	1.0000	0.9778	0.3243
14	26	0.5510	0.6871	0.7633
15	16	0.9997	0.8805	0.3572
15	17	0.9999	0.5842	0.8236
15	18	1.0000	0.5844	0.9540
15	19	0.9980	0.2827	0.0766
15	22	0.9999	0.2681	0.9622
15	23	0.6022	0.0189	0.6503
15	24	0.9999	0.8758	0.8734
15	25	0.9989	0.1094	0.3972
15	26	0.9993	0.0054	0.7960
16	17	0.9989	0.9573	0.5754
16	25	0.9985	0.3899	0.4499
16	26	0.9996	0.4377	0.8682
17	18	0.9993	0.9899	0.1109
17	25	1.0000	0.7081	0.9390
17	26	0.9957	0.6140	0.0499
18	19	0.9979	0.9893	0.0006
18	22	1.0000	0.9989	0.9816
18	24	0.9989	0.8344	0.7467
18	25	0.9998	0.9922	0.0299
18	26	0.9993	0.9953	0.9972
19	20	0.9990	1.0000	0.0941
19	21	0.9995	0.9872	1.0000
19	22	0.9998	0.4338	0.9234
19	23	0.9990	0.4164	0.5230
19	25	0.9999	0.1506	0.2026
19	26	0.9999	0.1548	0.9613
20	21	1.0000	0.8503	0.7501
20	22	0.9982	0.1304	0.3956
20	23	0.9999	0.1406	0.8912
21	22	0.9974	0.9997	0.0505
21	23	0.9980	0.9941	0.5085
22	23	1.0000	0.7393	0.5335
22	25	0.9999	0.7184	0.5388
22	26	0.9496	0.6064	0.6286
23	25	0.9999	0.5688	0.5839
23	26	0.9985	0.4788	0.6918
25	26	0.9997	0.4907	0.4796
