0	1	0.7999	0.3940	0.4724
0	2	0.5522	0.6324	0.7547
1	2	0.8999	0.4027	0.4126
1	3	0.6999	0.4747	0.4442
1	5	0.6999	0.6225	0.3164
1	8	0.5500	0.4882	0.2420
2	3	0.9997	0.6087	0.5001
2	4	0.6002	0.3237	0.6586
2	5	0.7494	0.5129	0.3532
2	6	0.7401	0.4728	0.4204
2	8	0.6506	0.7399	0.5458
2	9	0.9500	0.6870	0.4998
3	4	0.9999	0.9715	0.3066
3	6	0.8994	0.6176	0.5501
3	7	0.5001	0.8029	0.6124
3	8	0.9989	0.6066	0.5827
3	9	0.9984	0.4119	0.4386
3	10	0.6497	0.7066	0.2485
4	5	0.9976	0.9524	0.1698
4	6	0.9491	0.4427	0.1467
4	8	0.6005	0.3362	0.3938
4	9	0.8493	0.5826	0.4172
5	6	0.9485	0.8060	0.2675
5	7	0.6998	0.6596	0.8243
5	8	0.9492	0.4377	0.4813
5	9	0.6654	0.5807	0.4435
6	7	0.9492	0.6736	0.6624
6	8	0.9985	0.4076	0.4489
6	9	0.9497	0.5316	0.4367
6	10	0.7489	0.5851	0.5748
6	13	0.7002	0.4312	0.3172
7	8	0.8000	0.5881	0.4878
7	9	0.9992	0.5776	0.4943
7	10	0.6005	0.4885	0.5394
7	13	0.8998	0.5450	0.6124
8	9	0.9989	0.4975	0.3090
8	10	0.6501	0.5342	0.4540
8	13	0.6507	0.4950	0.3931
9	10	0.9987	0.8168	0.2363
9	13	0.9493	0.6046	0.4038
10	11	0.7999	0.9599	0.1998
10	12	0.5004	0.7547	0.6803
10	13	0.8996	0.7779	0.6354
10	14	0.6005	0.7195	0.5573
12	13	0.9986	0.7242	0.4008
13	14	0.7496	0.7526	0.1708
