0	1	0.9975	0.7207	0.1043
1	2	0.9986	0.9685	0.7128
1	4	0.5502	0.6647	0.2490
1	5	0.5503	0.7344	0.7721
1	7	0.8503	0.6520	0.3367
1	8	0.9496	0.8124	0.5112
2	3	0.7497	0.8362	0.2340
2	5	0.9496	0.7410	0.9238
2	7	0.9991	0.5676	0.6431
2	8	0.9000	0.8214	0.6794
3	4	0.9976	0.7358	0.3139
3	5	0.9977	0.7812	0.7399
3	6	0.7499	0.3865	0.7896
3	7	0.8499	0.4310	0.1773
4	5	0.9990	0.6189	0.5732
4	7	0.8992	0.4141	0.1071
5	6	0.5005	0.7501	0.7418
5	7	0.8006	0.7935	0.1587
6	7	0.9977	0.7063	0.0712
7	8	0.9987	0.7129	0.2354
