0	1	0.9992	0.8363	0.3234
0	6	0.7004	0.5438	0.3223
0	7	0.6008	0.5671	0.6208
0	10	0.6003	0.5613	0.4868
1	2	0.9996	0.4408	0.4907
2	3	0.9999	0.9519	0.4221
2	5	0.9982	0.6952	0.7302
2	6	0.7004	0.5444	0.4976
2	7	0.8002	0.6993	0.4601
3	4	0.9998	0.9190	0.4161
3	5	0.6004	0.7278	0.3537
3	6	0.8003	0.4571	0.3486
3	7	0.7005	0.4041	0.5943
3	9	0.5007	0.4643	0.3852
4	5	0.9953	0.9577	0.2901
5	6	0.9980	0.5831	0.0298
5	7	0.5004	0.3833	0.3590
6	7	0.9999	0.6168	0.4612
6	9	0.6005	0.3141	0.6278
7	8	0.9991	0.9458	0.4734
7	9	0.5506	0.8285	0.4807
7	10	0.9000	0.8803	0.5037
8	9	0.9980	0.8810	0.3519
8	10	0.6007	0.7968	0.3863
9	10	0.7006	0.9436	0.2164
