0	1	0.9994	0.8717	0.4108
0	2	0.9986	0.6163	0.3038
0	15	0.7004	0.2700	0.5728
1	2	0.9958	0.6558	0.3402
1	3	0.5003	0.3835	0.2261
2	3	0.9970	0.7451	0.0835
3	4	0.9968	0.9391	0.1415
3	5	0.9996	0.5751	0.8409
3	6	0.7004	0.8093	0.2571
3	7	0.5015	0.6398	0.6686
3	8	0.7503	0.7542	0.2699
3	9	0.8989	0.7635	0.4119
4	5	0.9983	0.6636	0.6243
4	6	0.8489	0.8109	0.4627
4	7	0.9493	0.8058	0.8314
4	9	0.8005	0.6131	0.5503
4	10	0.9994	0.7550	0.2758
4	13	0.6933	0.6549	0.4295
4	14	0.6003	0.4518	0.1654
4	15	0.6676	0.3205	0.8198
5	6	0.9999	0.5353	0.5553
5	7	0.9997	0.1278	0.7522
5	8	0.9993	0.6887	0.6361
5	9	0.9988	0.3776	0.7170
5	10	0.9995	0.4300	0.3246
5	13	0.5726	0.3641	0.4620
6	7	0.9964	0.9861	0.6951
6	8	0.9349	0.8440	0.5253
6	9	0.8993	0.4625	0.6711
6	10	0.8003	0.3468	0.3738
7	8	0.7002	0.7215	0.4291
7	9	0.8005	0.5625	0.4327
7	10	0.6991	0.6407	0.7051
7	11	0.6194	0.4499	0.6824
8	10	0.5999	0.6025	0.3137
9	10	0.9993	0.7815	0.2331
10	11	0.9975	0.9615	0.5294
10	12	0.9991	0.5104	0.9619
10	13	0.9997	0.5292	0.5135
10	14	0.9961	0.7891	0.0290
10	15	0.9994	0.6219	0.7891
10	16	0.5007	0.3381	0.3569
11	12	0.9978	0.8614	0.4237
11	13	0.9970	0.4545	0.0775
12	13	0.7002	0.6890	0.2540
13	14	0.9978	0.9875	0.0622
13	15	0.9000	0.7055	0.6598
13	16	0.9999	0.7524	0.5269
14	15	1.0000	0.6147	0.4780
14	16	0.8999	0.1704	0.3063
15	16	0.9999	0.7890	0.2564
