0	1	0.9986	0.9836	0.2459
0	6	0.9999	0.9936	0.2242
0	11	0.9978	0.6108	0.5962
0	12	0.9989	0.5153	0.4145
1	2	1.0000	0.9240	0.0755
1	6	0.9999	0.4327	0.8940
1	7	1.0000	0.6907	0.4225
1	8	0.9987	0.8981	0.5514
1	9	1.0000	0.6824	0.6360
1	10	0.9964	0.5839	0.1754
1	11	1.0000	0.3603	0.8563
1	12	0.8494	0.3630	0.0821
1	14	0.9494	0.9556	0.4814
2	3	0.9958	0.9816	0.4082
2	4	0.9965	0.4933	0.1206
2	5	0.9999	0.5276	0.8415
2	6	0.9499	0.6500	0.7043
2	7	0.8007	0.0472	0.1459
2	8	0.9997	0.0935	0.0667
2	9	0.9985	0.2225	0.4080
2	13	0.9993	0.2674	0.4756
2	14	1.0000	0.0820	0.8837
2	15	1.0000	0.1721	0.8570
2	16	0.9052	0.3011	0.3128
4	5	0.9998	0.5506	0.4479
4	13	1.0000	0.5939	0.3892
4	14	0.9990	0.9980	0.9586
4	15	0.9988	0.8660	0.4821
4	16	0.9996	0.4416	0.3781
5	10	0.8003	0.7676	0.4421
5	13	0.9993	0.4184	0.4395
5	14	0.9998	0.0436	0.8349
5	15	0.9971	0.1586	0.4429
5	16	0.9490	0.3268	0.3078
6	9	0.9999	0.8150	0.3915
6	10	0.9999	0.1623	0.6976
6	11	1.0000	0.2417	0.8915
6	12	0.7505	0.3327	0.0997
7	8	1.0000	0.3827	0.8958
8	9	0.9980	0.5848	0.2299
9	10	0.9994	0.8659	0.1140
9	11	1.0000	0.3513	0.8170
9	13	0.9001	0.6920	0.6410
9	14	0.9994	0.9798	0.7505
10	11	0.9996	0.5649	0.5673
10	12	0.9999	0.8202	0.5539
10	13	0.9991	0.4170	0.2739
11	12	1.0000	0.5898	0.4122
11	13	0.8504	0.3304	0.2637
13	14	0.9988	0.9920	0.8053
13	15	0.9996	0.8494	0.5124
13	16	0.7002	0.4810	0.4799
14	15	0.9998	0.9283	0.2852
14	16	0.5002	0.9586	0.5293
15	16	0.9996	0.4605	0.5653
