0	1	0.7500	0.8280	0.4112
0	3	0.8003	0.3486	0.5681
0	4	0.6006	0.5300	0.7912
0	5	0.9996	0.6713	0.4767
0	6	0.8503	0.3808	0.5380
0	7	0.8003	0.5277	0.5539
1	2	0.8493	0.7602	0.3341
1	3	0.8991	0.4358	0.5420
1	4	0.7499	0.4052	0.7096
1	5	0.8489	0.5182	0.3895
1	6	0.8502	0.2903	0.5089
1	7	0.8501	0.4155	0.7423
2	3	0.8000	0.7415	0.4081
3	4	0.9999	0.8170	0.6675
3	5	0.9991	0.9113	0.2257
3	6	1.0000	0.7548	0.4192
3	7	0.9501	0.7711	0.4953
3	8	0.6625	0.6046	0.4479
3	9	0.6505	0.6184	0.3659
4	5	0.9976	0.9848	0.0940
4	6	0.8497	0.6997	0.6542
4	7	0.7002	0.6453	0.3907
4	8	0.7992	0.7726	0.4535
5	6	0.9998	0.5376	0.5005
5	7	0.9998	0.3418	0.6802
6	7	0.9499	0.6164	0.4923
6	8	0.6009	0.4903	0.3654
7	8	1.0000	0.6154	0.4951
8	9	0.8502	0.5415	0.4834
8	10	0.7501	0.5086	0.5425
9	10	0.5507	0.3114	0.4622
10	11	0.7040	0.8706	0.4369
11	12	0.7003	0.5658	0.2568
11	14	0.7002	0.5790	0.7277
12	13	0.9998	0.9941	0.2295
12	15	0.6004	0.3246	0.5969
12	16	0.9445	0.4195	0.4915
12	26	0.9993	0.4812	0.4236
13	14	0.9980	0.8485	0.6292
13	15	0.9496	0.6135	0.6208
13	16	0.9999	0.2653	0.9343
13	17	0.5518	0.4962	0.3272
13	26	0.9996	0.1662	0.8533
14	15	0.7003	0.8724	0.4405
14	16	0.6501	0.7777	0.5778
14	17	0.6993	0.6914	0.3318
15	16	0.7008	0.7816	0.3130
16	17	0.5506	0.8652	0.3822
16	26	0.5921	0.4112	0.3433
18	19	0.6006	0.7863	0.5624
18	20	0.5502	0.6529	0.7529
18	21	0.8995	0.3869	0.5093
19	21	0.9983	0.8928	0.6952
19	23	0.6998	0.5952	0.2350
20	21	0.9974	0.8694	0.6046
20	23	0.7998	0.7044	0.3935
20	25	0.5001	0.7983	0.6645
21	22	0.9991	0.4033	0.4781
21	23	0.9499	0.5320	0.6435
21	24	0.5005	0.5491	0.5318
22	23	0.9001	0.5266	0.3455
22	24	0.9001	0.5281	0.5894
23	24	0.9497	0.5700	0.4576
23	25	0.8001	0.4642	0.5011
24	25	0.9989	0.7567	0.2913
24	27	0.7002	0.6567	0.6554
24	30	0.8002	0.6358	0.5943
24	31	0.8493	0.5920	0.1556
24	32	0.5008	0.6255	0.3354
26	27	0.9001	0.4922	0.5903
26	28	0.8998	0.4045	0.6725
26	29	0.8001	0.4565	0.3123
26	30	0.8996	0.1133	0.6504
26	31	0.9992	0.4489	0.4026
26	32	0.9998	0.5636	0.4157
27	28	0.8004	0.8450	0.4474
27	31	0.8001	0.7111	0.3405
27	32	0.8500	0.5931	0.6992
28	29	0.9502	0.5714	0.6592
28	30	0.8502	0.4823	0.4267
28	32	0.7498	0.4753	0.6644
29	30	0.9998	0.7011	0.2779
29	31	0.8990	0.5669	0.3433
29	32	0.7504	0.5567	0.5835
30	31	0.9994	0.6287	0.1508
30	32	0.9996	0.6565	0.6190
31	32	0.9997	0.5090	0.4059
31	41	0.5516	0.2739	0.3511
32	34	0.8491	0.8156	0.3474
32	41	0.5004	0.6402	0.2446
33	34	0.9993	0.5947	0.4491
33	35	0.6993	0.3745	0.5957
33	37	0.6507	0.4924	0.5980
33	44	0.6503	0.2980	0.4956
34	35	0.9997	0.7823	0.4218
34	36	0.9496	0.4826	0.5704
34	37	0.9999	0.6670	0.4977
34	39	0.9485	0.8766	0.6900
34	40	0.9981	0.5313	0.1341
34	42	0.9984	0.6029	0.2412
34	44	0.7999	0.6026	0.2386
35	36	0.9995	0.6745	0.5131
35	37	0.9988	0.4620	0.5603
35	38	0.5507	0.8489	0.4450
35	39	0.6504	0.3181	0.6321
35	40	0.9990	0.5402	0.4756
35	41	0.9994	0.4855	0.6271
35	42	0.6504	0.4859	0.4450
35	43	0.7004	0.5561	0.4531
35	44	0.8494	0.4781	0.4905
36	37	0.9999	0.5508	0.5315
36	39	0.9998	0.8009	0.5266
36	40	0.6501	0.4288	0.6404
36	41	0.8998	0.4390	0.6043
36	42	0.7145	0.3963	0.4518
37	38	0.5488	0.9922	0.4503
37	39	0.8505	0.3839	0.7490
37	40	0.9997	0.5902	0.4923
37	41	0.9992	0.3800	0.6049
37	42	0.9997	0.5912	0.4598
37	43	0.9996	0.6412	0.5515
37	44	0.7993	0.4260	0.4102
39	40	0.5006	0.5179	0.0847
39	41	0.9499	0.4954	0.8284
40	41	0.9992	0.6180	0.4610
40	42	0.9491	0.5432	0.4525
40	43	0.7502	0.7246	0.3873
40	44	0.8995	0.5857	0.4699
41	42	0.9988	0.7767	0.4341
41	43	0.8998	0.5691	0.5185
41	44	0.7502	0.6766	0.3004
42	43	0.9998	0.6947	0.4743
42	44	0.9994	0.5368	0.5140
42	45	0.9484	0.5636	0.5610
43	44	0.9999	0.5917	0.5733
43	45	0.9999	0.5636	0.6291
43	46	0.8496	0.3056	0.6947
43	47	0.7001	0.6510	0.4492
43	48	0.8997	0.4102	0.4854
44	45	0.9980	0.5440	0.4860
44	48	0.6501	0.6246	0.5542
44	53	0.7999	0.5007	0.3681
45	46	0.8999	0.8303	0.5573
45	47	0.8975	0.5171	0.5123
45	48	0.9497	0.7276	0.4934
45	49	0.5497	0.4643	0.4223
45	53	0.7500	0.5487	0.4205
46	47	0.8994	0.4781	0.7425
46	48	0.9498	0.6975	0.4482
46	49	0.5013	0.4931	0.4834
46	53	0.6997	0.5458	0.4319
47	48	0.9995	0.6127	0.4680
47	49	0.8990	0.4823	0.5141
47	51	0.6007	0.5855	0.5914
47	52	0.9983	0.5130	0.5854
47	53	0.9992	0.5071	0.5652
47	54	0.6006	0.5446	0.6767
47	55	0.8994	0.4792	0.3962
48	49	0.8995	0.5931	0.5095
48	51	0.8505	0.6000	0.6213
48	52	0.5004	0.4134	0.3639
48	53	0.8012	0.4475	0.4814
49	50	0.5506	0.5051	0.5226
49	52	0.9975	0.5489	0.5769
49	53	0.9987	0.5029	0.5056
49	54	0.8500	0.7853	0.6272
49	55	0.8499	0.5116	0.5840
50	51	0.9992	0.6992	0.5970
50	52	0.8483	0.6340	0.5788
50	58	0.9993	0.8236	0.5488
51	52	0.9995	0.6658	0.5015
51	53	0.9491	0.5688	0.5865
51	58	0.6507	0.4143	0.7504
52	53	0.9988	0.5347	0.4744
52	54	0.8502	0.6672	0.5503
52	55	0.9991	0.3409	0.4761
52	58	0.9489	0.7649	0.5882
53	54	0.9489	0.7270	0.5644
53	55	0.9003	0.6052	0.4464
54	55	0.9998	0.7462	0.3385
54	58	0.9499	0.6437	0.5594
55	56	0.9999	0.8707	0.4462
55	57	0.9485	0.7015	0.2063
55	58	0.8502	0.4111	0.6660
55	60	0.6002	0.4944	0.3897
56	57	0.6505	0.4868	0.1537
56	58	0.8024	0.2640	0.8655
57	58	0.9985	0.9393	0.3637
57	59	0.8495	0.5688	0.5092
57	60	0.8003	0.7515	0.6063
58	59	0.9996	0.4997	0.7784
58	60	0.9996	0.3388	0.7155
58	61	0.5005	0.2100	0.1786
59	60	0.9979	0.6171	0.6230
59	62	0.6130	0.5992	0.4040
60	61	0.9501	0.7661	0.2600
60	62	0.7002	0.4920	0.3531
61	62	1.0000	0.7796	0.3476
61	63	0.9501	0.5889	0.4563
61	64	0.9488	0.5402	0.4537
61	65	0.5509	0.4627	0.3671
61	67	0.6997	0.8215	0.2958
61	70	0.6512	0.3887	0.6318
62	63	0.8998	0.5587	0.6681
62	64	0.9494	0.4377	0.4158
63	64	0.9999	0.5743	0.5409
63	65	0.9983	0.4680	0.4912
63	66	0.9494	0.5671	0.4835
63	67	0.9984	0.8457	0.4914
63	68	0.6528	0.4458	0.4660
63	69	0.9489	0.2519	0.6587
63	70	0.7508	0.0962	0.5358
63	71	0.5506	0.4766	0.3039
64	65	0.9987	0.6824	0.3581
65	66	0.9999	0.6018	0.4959
65	67	0.9991	0.5460	0.5399
65	68	0.9007	0.6372	0.4840
65	69	0.9991	0.6449	0.6061
65	71	0.6496	0.4516	0.4889
66	67	0.9985	0.8715	0.3740
66	68	0.9997	0.4914	0.5536
66	69	0.9996	0.4162	0.5905
66	70	0.9992	0.4856	0.5237
66	71	0.9994	0.4790	0.6073
67	68	0.9994	0.5102	0.4416
67	70	0.6511	0.5798	0.3933
67	71	0.9994	0.5346	0.5880
68	69	1.0000	0.5664	0.6043
68	70	0.9995	0.3640	0.4771
68	71	0.9998	0.5185	0.5065
69	70	0.9498	0.7547	0.4485
69	71	0.9997	0.6222	0.4812
70	71	1.0000	0.6521	0.4557
