0	1	0.8985	0.8378	0.4861
0	2	0.8998	0.6916	0.5661
0	3	0.8999	0.6320	0.3576
0	5	0.6006	0.6587	0.5117
2	3	0.8994	0.6381	0.3548
2	4	0.9977	0.6045	0.2993
3	4	0.9990	0.5260	0.2687
3	5	0.9995	0.8358	0.4649
3	8	0.5003	0.5974	0.2491
4	5	0.9988	0.8930	0.3565
4	6	0.9974	0.5502	0.6372
4	7	0.9988	0.4971	0.4703
4	8	0.8985	0.5962	0.6200
4	9	0.8996	0.5929	0.4609
4	16	0.8746	0.5174	0.3652
5	6	0.9991	0.5349	0.4225
5	7	0.9998	0.4646	0.8299
5	8	0.9999	0.3846	0.7999
5	9	0.9000	0.4245	0.6834
5	12	0.9005	0.2429	0.6774
5	18	0.9996	0.2510	0.3135
6	7	0.8497	0.6208	0.5317
6	8	0.9492	0.6612	0.4760
6	18	0.9435	0.6036	0.1994
6	19	0.5008	0.6278	0.4953
7	8	0.9483	0.4938	0.5485
7	9	0.7998	0.3124	0.4186
8	9	0.9494	0.6482	0.4777
8	10	0.5009	0.4234	0.4226
8	12	0.9984	0.6550	0.4385
8	13	0.7489	0.9175	0.4652
8	14	0.9990	0.4945	0.6518
8	15	0.8994	0.8645	0.6219
8	16	0.9497	0.9476	0.5510
9	12	0.8999	0.7112	0.5530
9	13	0.6510	0.3159	0.5688
9	14	0.8000	0.5736	0.5131
9	15	0.5003	0.4245	0.4738
9	16	0.9991	0.7024	0.7960
9	18	0.9987	0.6966	0.4221
9	19	0.6501	0.4551	0.4557
10	11	0.9491	0.9086	0.3238
10	12	0.9995	0.7008	0.5546
10	13	0.9490	0.8716	0.3602
10	14	0.5510	0.4481	0.5802
10	15	0.9987	0.7820	0.8037
10	16	0.9982	0.8937	0.2103
10	18	0.9982	0.3552	0.4222
10	19	0.9995	0.5705	0.3150
11	12	0.9991	0.5131	0.5003
11	15	0.9488	0.5298	0.6819
11	18	0.8495	0.5877	0.4007
12	13	0.9487	0.7750	0.6197
12	14	0.9497	0.4072	0.7213
12	15	0.9987	0.5413	0.7170
12	16	0.9964	0.9511	0.6287
12	18	0.9985	0.3947	0.4173
12	19	0.9990	0.4791	0.5008
13	14	0.9498	0.7212	0.4433
13	15	0.9499	0.7443	0.5292
13	16	0.8003	0.7010	0.3618
13	18	0.9993	0.3524	0.4104
13	19	0.8498	0.5121	0.4329
14	15	0.9486	0.7476	0.4334
14	16	0.8995	0.5730	0.6120
14	18	0.7991	0.8146	0.4441
14	19	0.8500	0.7679	0.4757
15	16	0.9984	0.7434	0.3730
16	18	0.9977	0.7169	0.4219
16	19	0.9477	0.8851	0.6063
17	18	0.9979	0.3592	0.0960
18	19	0.9998	0.4783	0.4435
18	20	0.5502	0.1369	0.2567
18	25	0.8497	0.5027	0.3729
18	26	0.5512	0.2640	0.4216
19	20	0.7500	0.7888	0.3596
19	24	0.8986	0.8807	0.6173
19	25	0.9997	0.6301	0.4643
19	26	0.6999	0.6659	0.4612
20	22	0.9997	0.7322	0.6798
20	24	0.7500	0.5421	0.6307
20	25	0.6007	0.5631	0.3886
20	33	0.6998	0.6682	0.7620
21	22	0.9994	0.7535	0.2782
21	24	0.6004	0.3409	0.3192
22	23	0.9987	0.6511	0.2690
22	24	0.8998	0.6226	0.5446
22	31	0.7005	0.5681	0.4660
22	32	0.6000	0.6812	0.7041
22	33	0.9995	0.6599	0.4066
23	24	0.9982	0.8246	0.1982
24	25	0.6994	0.6837	0.3949
24	26	0.6009	0.6414	0.6443
24	33	0.5998	0.8302	0.6123
25	26	0.9987	0.7936	0.4330
25	27	0.7005	0.2502	0.3350
25	28	0.6503	0.3670	0.7561
25	29	0.9992	0.2391	0.7413
25	30	0.7511	0.4623	0.5076
26	27	0.9001	0.6549	0.5353
26	28	0.6224	0.6101	0.5897
26	29	0.6007	0.7289	0.4902
27	28	0.9993	0.8579	0.4227
28	29	0.8503	0.7973	0.3458
28	30	0.6500	0.7746	0.2439
28	32	0.6996	0.9223	0.6566
29	30	0.8493	0.6636	0.3522
29	32	0.5997	0.5466	0.4291
30	31	0.9992	0.7217	0.4923
30	32	0.9504	0.7411	0.5235
30	33	0.9501	0.6058	0.4617
30	34	0.8999	0.3974	0.3803
31	32	0.9999	0.4859	0.5685
31	33	1.0000	0.4816	0.5698
31	34	0.9998	0.8063	0.5040
31	35	0.7003	0.6267	0.5091
32	33	0.9998	0.4897	0.4691
32	34	0.9977	0.2514	0.4984
33	34	1.0000	0.9309	0.1954
33	35	0.6506	0.3712	0.6371
34	35	0.8999	0.8393	0.5940
35	36	0.9985	0.8355	0.5561
36	37	0.9976	0.4873	0.6012
