0	1	0.9499	0.5480	0.5395
0	2	0.9995	0.5892	0.5604
0	5	0.9493	0.6703	0.3450
0	7	0.9499	0.4493	0.7532
0	8	0.9993	0.6293	0.6017
0	9	0.7999	0.8089	0.3172
0	10	0.6004	0.6809	0.3697
1	2	0.9999	0.6503	0.5219
1	3	0.9497	0.5397	0.5936
1	4	0.6002	0.5547	0.2977
1	5	0.9986	0.4600	0.3821
1	7	0.9995	0.7101	0.5763
1	8	0.9493	0.5461	0.5485
1	9	0.5005	0.2007	0.3432
1	10	0.8494	0.5694	0.2953
2	3	0.9315	0.6625	0.5600
2	4	0.6003	0.5713	0.5871
2	5	0.9987	0.5211	0.5937
2	7	0.9995	0.8817	0.5164
2	8	0.7506	0.6473	0.6319
2	10	0.8498	0.7881	0.4323
3	5	0.9985	0.8252	0.4015
3	7	0.9495	0.3886	0.4807
3	10	0.6502	0.6932	0.4659
4	5	0.9484	0.6590	0.2987
4	6	0.5769	0.3639	0.5545
4	9	0.6005	0.6113	0.2519
4	10	0.5499	0.5488	0.3384
5	7	0.8983	0.8698	0.5109
6	7	0.9955	0.9062	0.2348
6	10	0.8489	0.4770	0.3591
7	8	0.9499	0.9069	0.2681
7	10	1.0000	0.8779	0.5951
8	9	0.9990	0.6624	0.4520
8	10	0.9489	0.3015	0.5037
9	10	0.7003	0.8321	0.4857
