0	2	0.9988	0.5655	0.6880
0	3	0.9491	0.1543	0.0071
0	4	1.0000	0.8193	0.2882
0	8	0.9982	0.6700	0.0809
0	10	0.9969	0.6523	0.5797
0	11	1.0000	0.3351	0.5054
0	12	0.9998	0.9978	0.0000
1	2	0.9958	0.4651	0.0466
1	8	0.6525	0.7311	0.9937
1	12	1.0000	0.4922	0.6865
1	14	0.9014	0.5486	0.9923
2	3	0.9969	0.9115	0.0000
2	4	0.9996	0.4535	0.3210
2	7	0.9977	0.1967	0.5429
2	8	0.9999	0.3802	0.5080
2	10	0.9984	0.5276	0.4602
2	11	0.8992	0.9464	0.7490
2	12	1.0000	0.2485	0.2584
3	4	0.9966	0.0428	0.0028
3	5	0.9965	0.1580	0.9896
3	7	0.9970	0.0014	0.9334
3	8	1.0000	0.0000	0.0441
3	10	0.9971	0.6632	0.9979
4	5	0.9991	0.4811	0.4139
4	7	0.9995	0.3644	0.3876
4	8	0.9991	0.3098	0.3967
4	9	0.9997	0.7696	0.8337
4	10	0.9998	0.5162	0.4432
4	11	0.9994	0.7997	1.0000
4	12	1.0000	0.4774	0.0075
5	6	0.9962	0.6927	0.6544
5	7	0.9977	0.8350	0.4059
5	8	0.9984	0.6689	0.4980
5	9	0.9502	0.0335	0.7445
5	10	0.9979	0.3865	0.4128
5	11	0.9506	0.0326	0.9820
6	7	1.0000	0.6956	0.2620
6	8	0.9499	1.0000	0.6855
7	8	0.9998	0.4857	0.4771
7	9	0.9014	0.0004	0.9984
7	10	1.0000	0.0000	0.2039
8	9	1.0000	0.9500	0.9500
8	10	0.9999	0.6846	0.3503
8	12	0.9994	0.9998	0.5935
9	10	1.0000	0.9335	0.1392
9	12	1.0000	0.5601	0.9271
10	11	0.9989	0.7606	0.6087
10	12	0.9995	0.1568	0.2697
12	14	0.9998	0.7962	0.9924
13	14	0.9993	0.3749	0.3229
13	15	0.9995	0.7548	0.9025
13	16	0.8999	0.9432	0.4050
13	18	1.0000	0.8098	0.5284
13	20	1.0000	0.4083	0.5285
13	21	0.9993	0.6814	0.5967
14	15	0.9994	0.4831	0.6855
14	16	0.5484	0.3358	0.4515
14	18	0.9982	0.2279	0.5273
14	19	0.9993	0.1658	0.7670
14	20	0.9977	0.4841	0.6926
15	16	0.9973	0.9936	0.2875
15	17	0.9985	0.9158	0.8803
15	18	0.9993	0.6503	0.4767
15	19	0.8463	0.9982	0.4302
15	20	1.0000	0.4918	0.4584
15	21	0.9999	0.7215	0.6519
16	17	0.9998	0.6576	0.7756
16	18	0.9987	0.5138	0.5605
16	19	0.6489	0.7360	0.3873
16	20	0.9492	0.2359	0.2942
17	18	0.9996	0.8262	0.3843
17	20	0.9489	0.9484	0.3103
18	20	0.9996	0.6503	0.2641
18	21	0.9497	0.4200	0.4779
20	21	0.9999	0.4512	0.4093
