0	1	0.9980	0.6687	0.2826
0	2	0.8996	0.9028	0.3871
0	3	0.7997	0.4633	0.5377
0	4	0.6537	0.5149	0.4706
0	5	0.5495	0.5488	0.5729
0	25	0.9970	0.5063	0.9294
1	2	0.9981	0.9860	0.4580
1	3	0.9989	0.6573	0.5123
1	4	1.0000	0.4565	0.5264
1	5	0.9983	0.9261	0.4421
1	6	0.9999	0.6699	0.6396
1	7	0.7493	0.6326	0.4704
1	25	0.9496	0.2171	0.2556
2	4	0.9989	0.3401	0.9773
2	5	0.9995	0.9809	0.1743
2	7	0.8495	0.3749	0.0520
2	25	0.9480	0.9873	0.0149
3	4	1.0000	0.5950	0.3910
3	6	0.9978	0.8548	0.4649
3	23	0.9506	0.1899	0.8376
3	24	0.9992	0.4065	0.2947
3	25	1.0000	0.7785	0.2296
3	28	0.9956	0.9692	0.1799
4	5	0.9987	0.9186	0.4174
4	6	1.0000	0.6346	0.5138
4	7	0.7998	0.7858	0.2866
4	25	0.9995	0.0659	0.4685
5	6	1.0000	0.6203	0.7439
5	7	0.9500	0.5020	0.5002
6	7	0.9989	0.5412	0.5166
6	8	0.9500	0.7314	0.4455
6	10	0.8996	0.7059	0.5078
6	25	0.9992	0.5058	0.3968
6	26	0.7998	0.2744	0.9524
7	8	0.9987	0.6717	0.1562
7	9	0.9985	0.3300	0.6739
7	10	0.9994	0.6264	0.5131
7	26	0.7500	0.8466	0.5081
8	9	0.9982	0.8870	0.6664
8	10	0.9987	0.5758	0.5236
8	11	0.8488	0.9143	0.2466
8	25	0.9984	0.5374	0.3430
8	26	0.9997	0.0696	0.9596
8	28	0.5995	0.7671	0.2809
9	10	0.9996	0.6698	0.6803
9	11	0.9971	0.8178	0.1753
9	12	0.5504	0.5554	0.2506
9	13	0.7010	0.1592	0.6911
9	14	0.7495	0.4802	0.1274
9	26	0.6507	0.8156	0.9217
10	11	0.9995	0.8196	0.3913
10	13	0.9978	0.9010	0.5094
10	14	0.5995	0.3693	0.2880
10	16	0.7501	0.3719	0.2720
10	25	0.9997	0.7483	0.5883
10	26	0.9995	0.1931	0.9501
10	28	0.8985	0.9056	0.7509
11	12	0.9987	0.6533	0.1087
11	13	0.9999	0.1997	0.7247
11	14	0.9971	0.5170	0.0838
11	16	0.9996	0.4931	0.2858
11	18	0.9999	0.5316	0.6399
11	22	1.0000	0.3329	0.6408
11	29	0.9995	0.4340	0.4445
11	30	1.0000	0.3103	0.7632
11	31	0.9979	0.4943	0.1829
12	13	1.0000	0.6754	0.4203
12	14	0.9989	0.4880	0.5303
12	15	0.9983	0.8721	0.5448
12	16	0.9996	0.5086	0.5036
12	17	0.9997	0.9911	0.2315
12	18	0.9494	0.4945	0.5316
13	14	1.0000	0.4488	0.4318
13	16	0.8983	0.3310	0.4015
14	15	0.9983	0.9080	0.5299
14	16	0.9995	0.6988	0.4799
14	17	0.7000	0.9816	0.4066
15	16	1.0000	0.7764	0.3249
15	17	1.0000	0.3178	0.7689
15	18	0.9983	0.9053	0.1709
16	17	0.9974	0.9838	0.4947
16	18	0.9990	0.4639	0.5178
16	19	0.6003	0.9985	0.0466
16	22	0.9977	0.5062	0.2301
17	18	0.9999	0.6361	0.2844
17	19	0.8494	0.0265	0.8365
17	20	0.9998	0.2408	0.8225
17	21	0.9997	0.6518	0.7466
17	22	0.9970	0.3321	0.0164
18	19	0.9975	0.9986	0.1005
18	20	0.9989	0.7536	0.9314
18	21	0.9503	0.0421	0.9943
18	22	0.9997	0.6359	0.2914
18	29	0.9988	0.8459	0.9360
19	20	0.9976	0.6189	0.0868
19	22	1.0000	0.0172	0.9937
19	25	0.6004	0.2846	0.0117
20	21	0.9961	0.9790	0.0767
20	22	0.9986	0.6379	0.2725
20	30	0.9985	0.6263	0.0941
21	22	0.9976	0.6111	0.0215
21	30	0.9957	0.7339	0.5112
22	25	0.9998	0.9973	0.2960
22	29	0.9988	0.8424	0.7014
23	24	0.9973	0.9784	0.3761
23	25	0.9958	0.5489	0.0410
23	27	0.9994	0.1821	0.9913
23	28	0.9508	0.2174	0.0324
25	26	0.9998	0.9195	0.8909
25	27	1.0000	0.5348	0.6156
25	28	0.9982	0.3740	0.2953
25	29	0.9967	0.3905	0.1191
26	27	0.9983	0.8593	0.0299
26	28	0.9979	0.9838	0.9508
27	28	0.9994	0.6569	0.4681
29	30	0.9995	0.8698	0.6565
29	31	0.9975	0.6880	0.5163
30	31	0.9995	0.6772	0.5957
