0	1	1.0000	0.5595	0.5174
0	2	0.9993	0.5054	0.4386
0	3	0.9496	0.9083	0.4679
0	7	0.7499	0.4020	0.8727
0	8	1.0000	0.5973	0.4779
0	9	0.7001	0.8140	0.4227
0	10	0.9992	0.5557	0.6088
0	31	1.0000	0.1462	0.9027
1	2	1.0000	0.6853	0.2553
1	3	1.0000	0.2995	0.6591
1	8	1.0000	0.4752	0.5768
1	10	1.0000	0.4422	0.9178
1	13	1.0000	0.3386	0.9231
1	25	0.9994	0.1307	0.1395
1	27	0.7829	0.1511	0.1397
1	31	0.9990	0.7385	0.6007
2	3	0.9995	0.9168	0.4859
2	4	1.0000	0.7491	0.5409
2	7	0.9987	0.6675	0.7309
2	8	0.9998	0.5618	0.4652
2	9	0.9994	0.9570	0.4086
2	10	0.7501	0.4689	0.4709
2	31	0.9502	0.0037	0.9771
3	4	0.9999	0.7486	0.7356
3	8	0.8502	0.5614	0.9031
4	7	0.9982	0.5618	0.8712
5	6	0.9991	0.5190	0.3664
5	9	0.6014	0.4042	0.0532
5	25	0.8998	0.6037	0.1927
5	27	0.9493	0.7177	0.2214
6	7	0.7491	0.7438	0.0771
6	9	0.7993	0.6820	0.1333
7	8	0.9994	0.9130	0.2606
7	9	0.9999	0.5044	0.6722
8	9	0.9981	0.9576	0.6173
8	10	0.9996	0.5555	0.5597
8	11	0.9002	0.8517	0.4653
8	12	0.7000	0.5846	0.5016
8	13	0.9998	0.5978	0.4395
8	31	1.0000	0.0938	0.9033
9	10	0.9987	0.7244	0.4079
9	11	0.9997	0.4035	0.7970
9	12	0.9001	0.6808	0.5820
10	11	0.9987	0.8344	0.6924
10	12	0.9984	0.4498	0.6891
10	13	1.0000	0.6696	0.5254
10	15	0.9998	0.9295	0.1899
10	31	1.0000	0.4679	0.8799
11	12	0.9994	0.8574	0.4363
11	13	0.9977	0.5186	0.2349
12	13	0.9995	0.6635	0.2289
13	31	1.0000	0.4735	0.6772
14	15	0.5512	0.5180	0.5104
14	25	0.9976	0.3701	0.1637
14	27	0.9990	0.2552	0.1541
15	31	0.9979	0.5365	0.6747
16	17	0.9498	0.9685	0.1080
16	25	0.5008	0.6131	0.2780
16	27	0.5522	0.5687	0.4065
17	18	0.9993	0.9631	0.7639
17	19	0.9989	0.7413	0.4303
17	20	0.9998	0.6094	0.5145
17	21	0.6998	0.8175	0.3189
17	22	0.9993	0.5450	0.5786
17	23	1.0000	0.7158	0.7513
17	24	1.0000	0.6933	0.4677
17	25	0.9976	0.9462	0.6241
17	26	0.9492	0.8675	0.5247
17	29	0.7137	0.2316	0.7908
17	30	0.7507	0.0252	0.6221
18	19	0.9990	0.8315	0.1142
18	20	1.0000	0.6397	0.9569
18	21	0.9989	0.6647	0.1228
18	22	0.9996	0.7567	0.6293
18	25	0.9983	0.7490	0.0780
18	27	0.9973	0.4893	0.1082
18	29	0.9974	0.8636	0.0818
19	20	1.0000	0.5941	0.3322
19	21	0.9961	0.2929	0.5616
19	22	0.9998	0.5767	0.1659
19	24	1.0000	0.4468	0.6864
19	29	0.9991	0.5547	0.3166
20	21	0.9999	0.5493	0.4953
20	22	0.9992	0.5109	0.5295
20	23	0.9996	0.7328	0.5584
20	24	0.9996	0.5151	0.4326
20	29	0.8505	0.0094	0.7069
21	22	0.9998	0.5219	0.2936
21	24	0.7664	0.6055	0.7966
21	29	0.5008	0.7458	0.3714
22	23	0.9991	0.8698	0.5081
23	24	0.9986	0.8938	0.3472
23	25	1.0000	0.5714	0.5573
24	25	0.9998	0.6455	0.5680
24	26	0.9998	0.5002	0.4823
24	28	0.7010	0.5599	0.5087
24	29	0.9993	0.1639	0.7331
24	30	1.0000	0.0021	0.3263
25	26	1.0000	0.7347	0.4981
25	27	0.9907	0.3342	0.4388
25	30	0.9985	0.9535	0.5127
26	27	1.0000	0.7283	0.5045
26	28	1.0000	0.6129	0.5380
26	29	0.9998	0.3762	0.5973
26	30	0.9997	0.0047	0.5092
27	28	1.0000	0.5752	0.4330
27	30	0.9994	0.8461	0.3628
28	29	1.0000	0.4904	0.6329
28	30	0.9999	0.0252	0.4604
29	30	0.9998	0.9145	0.2910
30	31	0.9978	0.9568	0.0360
