0	1	0.9987	0.6006	0.3126
0	3	0.9485	0.3167	0.4471
0	4	0.7996	0.5495	0.3213
0	5	0.9999	0.5416	0.8525
0	6	0.6034	0.5312	0.3862
0	9	0.6995	0.2919	0.5944
1	2	0.6499	0.9808	0.2489
1	3	0.9996	0.8718	0.2740
1	4	0.9486	0.8125	0.2496
1	5	0.9502	0.6206	0.6902
1	6	0.9998	0.6187	0.5894
1	7	0.8504	0.7850	0.2943
1	8	0.8999	0.6107	0.4169
1	9	0.9985	0.8791	0.3247
2	3	0.9977	0.9414	0.2306
2	4	0.9977	0.9868	0.8678
2	5	0.9979	0.9127	0.5011
2	8	0.7500	0.3573	0.5585
2	9	0.9982	0.7197	0.5450
3	4	0.9999	0.5058	0.4122
3	5	0.9999	0.5172	0.4286
3	6	0.9488	0.6043	0.5920
3	7	0.6511	0.3760	0.4788
3	8	0.9989	0.4207	0.6988
3	9	1.0000	0.4946	0.5342
3	10	0.8502	0.4460	0.3226
3	16	0.5014	0.4103	0.3060
4	5	0.9982	0.3620	0.3023
4	6	0.9999	0.0482	0.6132
4	7	0.9974	0.7013	0.3691
4	8	0.9994	0.3084	0.4126
4	9	0.9980	0.2678	0.6081
4	10	0.7508	0.2037	0.1664
4	16	0.8498	0.4035	0.3652
5	6	0.9983	0.9549	0.6494
5	7	0.9997	0.7977	0.3159
5	8	0.9996	0.6356	0.5526
5	9	0.9995	0.5951	0.5601
5	10	0.6004	0.4898	0.4069
6	7	0.9992	0.8936	0.0732
6	8	0.9997	0.7264	0.4939
6	9	0.9994	0.4417	0.6477
7	8	0.9976	0.6556	0.2212
7	9	0.9999	0.4439	0.7720
7	12	0.6503	0.4051	0.5671
8	9	1.0000	0.5988	0.4913
8	10	1.0000	0.7400	0.4485
8	12	0.5039	0.3284	0.5283
9	10	0.9987	0.3639	0.4161
9	12	0.8520	0.3157	0.5669
10	13	0.7504	0.4992	0.5146
10	14	0.9989	0.5696	0.5385
10	15	0.9990	0.5128	0.2966
10	16	0.9992	0.5205	0.4666
11	12	0.7006	0.4726	0.5780
11	13	0.7991	0.6589	0.4879
12	13	0.7504	0.5667	0.5054
12	15	0.5996	0.6300	0.4973
13	14	0.8501	0.7918	0.1934
13	15	0.9995	0.6725	0.6326
13	16	1.0000	0.5688	0.7502
13	17	0.9991	0.6144	0.6819
14	15	1.0000	0.6033	0.4536
14	16	0.9989	0.4639	0.5210
14	17	0.6008	0.1759	0.1273
14	18	0.6010	0.1927	0.6279
14	20	0.9497	0.7525	0.5874
14	21	0.5006	0.4822	0.4708
15	16	0.9989	0.5007	0.4880
15	17	0.6509	0.0238	0.1109
15	18	0.6986	0.5685	0.6554
15	19	0.9972	0.2739	0.7479
15	20	0.6998	0.2476	0.4424
16	17	0.9975	0.9554	0.3147
16	18	0.9495	0.8279	0.6889
16	19	0.9020	0.6729	0.5523
16	20	0.8998	0.6277	0.5130
17	18	0.9968	0.9046	0.4605
17	20	0.5497	0.4491	0.2564
18	19	0.9489	0.8703	0.4084
18	20	0.9991	0.8707	0.3875
18	21	0.9500	0.7535	0.6817
19	20	0.9992	0.6104	0.5204
19	21	0.9995	0.5701	0.5650
20	21	0.9999	0.6158	0.5306
20	25	0.7502	0.6110	0.5170
21	22	0.9982	0.8319	0.6510
21	23	0.9499	0.7162	0.4937
21	24	0.8006	0.6381	0.5866
21	25	0.9998	0.6747	0.5397
21	26	0.9993	0.5825	0.5059
21	27	0.5478	0.3742	0.4952
22	23	0.9979	0.8201	0.4695
22	24	0.9000	0.8365	0.6536
22	25	0.8991	0.6986	0.3793
22	26	0.8000	0.7874	0.5357
22	27	0.5515	0.6326	0.3889
23	24	0.9996	0.5910	0.5529
23	25	0.7612	0.5694	0.4310
23	26	0.9989	0.3736	0.4630
23	27	0.9996	0.5008	0.7743
24	25	0.9988	0.8003	0.1589
24	26	0.9999	0.6706	0.6013
24	27	1.0000	0.6104	0.5639
24	31	0.9973	0.8130	0.0807
24	32	0.5501	0.5303	0.5063
25	26	0.9998	0.5095	0.4987
25	27	0.9984	0.5548	0.6769
25	31	0.8004	0.5401	0.4048
26	27	0.9997	0.4911	0.5285
26	31	1.0000	0.4805	0.4897
26	32	0.8027	0.5720	0.5246
26	33	0.5502	0.5272	0.5348
27	28	0.5501	0.8344	0.4498
27	29	0.8507	0.6667	0.3145
27	30	0.9497	0.5838	0.5216
27	31	0.9502	0.6866	0.5242
27	32	0.8987	0.5354	0.5813
27	33	0.5521	0.3719	0.4759
28	31	0.9976	0.5672	0.3583
29	30	0.9998	0.8886	0.3039
29	31	0.9993	0.2338	0.2750
29	32	0.8000	0.4161	0.4433
30	31	0.9993	0.7766	0.2549
30	32	0.9002	0.7909	0.3231
30	33	0.7502	0.7611	0.3161
31	32	0.9999	0.5961	0.5348
31	33	0.9990	0.4927	0.5171
32	33	0.9994	0.6094	0.5105
