0	4	0.9995	0.7961	0.5436
0	6	0.7500	0.3495	0.2160
0	7	0.9985	0.4532	0.2645
0	10	0.8995	0.6469	0.4113
0	11	0.9500	0.6855	0.7785
0	12	0.8500	0.3811	0.3195
1	2	0.9997	0.9533	0.4432
1	4	0.5011	0.4098	0.1425
1	7	0.5016	0.1431	0.9869
1	8	0.9958	0.7168	0.8225
1	9	0.9996	0.5648	0.6404
1	10	0.6006	0.2401	0.0500
2	3	0.5505	0.5036	0.4525
2	8	1.0000	0.4745	0.7638
2	9	0.9990	0.4389	0.2553
3	4	0.9968	0.7511	0.0192
3	7	0.9999	0.3090	0.9943
3	8	0.6983	0.7528	0.5246
3	9	0.9979	0.5925	0.4780
4	5	0.9995	0.8521	0.3224
4	6	0.9991	0.7010	0.0976
4	7	0.9994	0.5825	0.6104
4	10	0.8999	0.6117	0.1701
5	6	0.9990	0.6349	0.1514
5	7	1.0000	0.5634	0.5150
5	10	0.7003	0.5479	0.6327
5	12	0.6171	0.7126	0.1501
6	7	0.9981	0.3423	0.2281
6	10	0.9998	0.3993	0.7036
6	11	0.5504	0.4290	0.5473
6	12	0.9989	0.5405	0.2047
7	10	1.0000	0.5739	0.5646
7	12	0.8997	0.2878	0.1280
8	9	0.9980	0.4551	0.5417
9	10	0.7020	0.8100	0.0624
10	11	0.9998	0.8489	0.4983
10	12	0.9997	0.6892	0.2507
11	12	0.9499	0.9773	0.0564
