0	1	0.9995	0.9995	0.1163
0	2	0.9976	0.6117	0.6817
0	3	0.9992	0.4609	0.3440
0	7	0.9979	0.2121	0.3392
0	9	1.0000	0.5020	0.5581
0	10	0.9995	0.0526	0.5152
0	11	0.9999	0.8830	0.0092
1	2	0.9984	0.5022	0.0959
1	7	0.9993	0.8040	1.0000
1	11	1.0000	0.4445	0.5700
1	14	0.9536	0.6327	0.9943
2	3	0.9996	0.5354	0.3355
2	6	0.9986	0.3343	0.3468
2	7	0.9999	0.4833	0.4782
2	8	0.8004	0.0084	0.9996
2	9	0.9996	0.5348	0.4359
2	10	0.8503	0.8624	0.9993
2	11	0.9998	0.2541	0.1982
3	4	0.9996	0.5276	0.4266
3	5	1.0000	0.0041	0.0000
3	6	0.9995	0.4964	0.2237
3	7	0.9993	0.2945	0.4616
3	8	1.0000	0.7902	0.9184
3	9	0.9994	0.5310	0.4839
3	10	1.0000	0.6655	0.9991
3	11	0.9999	0.4613	0.0724
4	5	0.9998	0.8302	0.3954
4	6	0.9993	0.6123	0.1168
4	7	0.9967	0.6384	0.6181
4	8	0.6002	0.1344	0.8166
4	9	0.9987	0.4740	0.2765
5	6	1.0000	0.9402	0.0755
6	7	0.9993	0.4425	0.5522
6	8	0.9993	0.0001	1.0000
6	9	1.0000	0.0004	0.2097
7	8	0.9999	1.0000	1.0000
7	9	1.0000	0.8014	0.3483
7	11	0.9995	0.9982	0.5150
8	9	1.0000	0.9519	0.1740
8	11	1.0000	0.6330	0.9251
9	10	1.0000	0.7715	0.7991
9	11	0.9998	0.1831	0.2130
11	14	0.9998	0.8647	0.9832
12	14	1.0000	0.4647	0.5592
12	15	0.9995	0.8348	0.5929
12	17	0.9998	0.5582	0.4670
12	21	0.9999	0.6551	0.2812
13	14	0.9967	0.5526	0.0584
13	20	0.7515	0.8542	0.2969
13	22	0.9982	0.5987	0.3414
14	15	1.0000	0.5678	0.4623
14	17	0.9996	0.5323	0.5532
14	19	0.9982	0.2251	0.4679
14	20	0.9997	0.0195	0.4905
14	21	1.0000	0.5465	0.3898
14	22	0.9994	0.0323	0.6436
15	16	0.9998	0.8355	0.3231
15	17	0.9997	0.5897	0.4918
15	18	0.9995	0.9964	0.8674
15	19	0.9999	0.8896	0.4507
15	20	0.9977	0.9953	0.5881
15	21	1.0000	0.5631	0.4178
15	22	0.9968	0.9540	0.0705
15	23	0.6477	0.1553	0.1848
16	17	0.8994	0.6594	0.6051
16	19	0.5004	0.4056	0.3334
17	18	0.9986	0.7954	0.8997
17	19	0.8501	0.4822	0.4039
17	20	0.9992	0.9416	0.8723
17	21	0.6480	0.4906	0.3254
17	22	0.9975	0.7553	0.2681
18	19	0.9000	0.7877	0.3588
18	21	0.9500	0.9510	0.3302
19	20	0.9997	0.7569	0.7778
19	22	0.9994	0.3164	0.5783
20	21	0.9999	0.9386	0.3084
20	22	0.9990	0.8097	0.4399
21	22	0.9976	0.4275	0.1354
21	23	0.9955	0.3314	0.2855
22	23	0.9996	0.7283	0.4359
