0	1	0.9998	0.6261	0.4846
0	2	0.9999	0.6019	0.4442
0	3	0.5504	0.3292	0.5701
0	4	0.6506	0.5583	0.3698
1	2	0.9998	0.6885	0.3864
1	3	0.6010	0.4594	0.7482
1	4	0.7002	0.5622	0.3564
2	3	0.9995	0.7044	0.6213
2	4	0.9988	0.4953	0.4908
2	5	0.6116	0.4765	0.4149
3	4	0.9992	0.8856	0.3416
3	5	0.8500	0.6040	0.5529
4	5	0.9996	0.6949	0.2528
5	6	0.9999	0.6402	0.5294
5	7	0.7500	0.3745	0.3151
6	7	0.9998	0.6093	0.5142
6	8	0.9996	0.5518	0.5298
7	8	0.9997	0.5821	0.4530
7	9	0.5504	0.5024	0.3473
8	9	1.0000	0.7274	0.4108
8	10	0.7010	0.6710	0.4988
8	11	0.6504	0.4790	0.4249
8	13	0.8503	0.6740	0.3269
9	10	0.9999	0.6148	0.4787
9	11	0.9995	0.5594	0.3865
9	12	0.8996	0.2461	0.5212
9	13	0.9988	0.4616	0.3135
9	16	0.5004	0.5329	0.6557
10	11	0.9500	0.5774	0.4185
10	13	0.7503	0.5721	0.4646
11	12	0.6501	0.7483	0.4035
11	13	0.8002	0.6776	0.4684
12	13	0.9990	0.8009	0.0986
12	15	0.5505	0.3764	0.5585
13	14	0.8996	0.5913	0.8084
13	15	0.9497	0.6326	0.5857
13	16	0.7973	0.4228	0.5165
14	15	0.8993	0.7465	0.1612
15	16	0.9999	0.7511	0.5228
16	17	0.9999	0.7782	0.4417
