0	1	0.9995	0.8729	0.6339
0	2	0.6549	0.5150	0.0586
0	7	0.9492	0.1240	0.4387
0	8	0.8005	0.2007	0.1170
1	5	0.9976	0.8273	0.9999
1	7	0.9008	0.0328	0.9241
1	8	0.9959	0.8108	0.0008
1	9	1.0000	0.9351	1.0000
1	11	0.9993	0.9809	0.7567
1	12	0.9503	0.9937	0.0814
2	3	0.9991	0.5029	0.4149
2	5	0.9987	0.0365	0.7255
2	8	0.9988	0.2871	0.4449
2	9	1.0000	0.9158	0.3648
2	10	1.0000	0.8499	0.9963
2	11	0.9996	0.4306	0.4771
2	12	0.9995	0.3226	0.5504
2	13	1.0000	0.5782	0.4452
2	14	0.9988	0.9240	0.2978
2	15	0.8999	0.4586	0.5191
2	16	0.9991	0.3587	0.4766
3	4	0.9967	0.5981	0.0132
3	5	1.0000	0.6349	0.3981
3	8	0.9977	0.3763	0.6527
3	9	0.9994	0.1053	0.2433
3	11	0.9991	0.6588	0.7182
3	13	1.0000	0.7699	0.6356
3	14	0.7996	0.5798	0.2960
3	15	0.9998	0.9090	0.7104
3	16	1.0000	0.8102	0.3845
3	17	0.9988	0.9351	0.2525
4	5	1.0000	0.6314	0.2806
4	6	0.9937	0.7327	0.5148
4	7	0.9997	0.9495	0.3074
4	8	1.0000	0.8058	0.5318
4	16	0.9472	0.3315	0.3642
5	6	0.9998	0.7897	0.2158
5	7	1.0000	0.0571	0.0626
5	8	0.9990	0.4443	0.4027
5	9	0.9495	0.4274	0.8928
5	11	0.9980	0.9774	1.0000
5	16	0.9491	0.3954	0.6469
6	7	0.9985	0.5591	0.4579
6	8	0.9977	0.2710	0.1552
6	9	0.9990	0.3085	0.9961
7	8	0.9981	0.1645	0.5408
7	9	0.9999	0.0558	0.8129
7	10	0.9996	0.1460	0.0078
8	9	0.9999	0.6009	0.6465
8	10	0.9991	0.5244	0.3283
8	11	0.9985	0.3414	0.9477
8	16	0.9982	0.8857	0.7957
9	10	0.9994	0.7979	0.5161
9	11	0.9974	0.6963	0.6265
9	13	0.5499	0.7269	0.2538
9	16	0.7987	0.5199	0.8246
10	11	0.9997	0.9924	0.3812
10	12	1.0000	0.9950	0.3819
11	12	0.9998	0.4513	0.4131
11	13	0.9999	0.8494	0.5236
12	13	1.0000	0.5819	0.8409
13	14	0.9998	0.7185	0.8728
13	15	1.0000	0.6999	0.6034
13	17	1.0000	0.5844	0.5380
14	15	0.9989	0.9614	0.4338
14	17	0.6490	0.6187	0.4303
15	16	0.9971	0.5346	0.1821
15	17	0.9999	0.4185	0.6952
16	17	0.8005	0.0607	0.1918
