0	1	0.7006	0.4708	0.6229
1	2	0.9496	0.8284	0.4458
1	3	0.9498	0.6394	0.5344
1	7	0.6504	0.5879	0.6444
1	17	1.0000	0.7190	0.5511
1	18	0.9990	0.4416	0.2586
2	3	0.9995	0.4667	0.4652
2	4	0.8501	0.3460	0.7379
2	5	0.9995	0.5510	0.4510
2	6	0.9985	0.4386	0.5485
2	7	0.9989	0.4525	0.5118
2	16	0.7020	0.3619	0.4497
2	17	0.9989	0.5833	0.1299
3	4	0.9972	0.9123	0.6261
3	5	0.9998	0.6930	0.4383
3	6	0.9994	0.5415	0.5061
3	7	0.9993	0.6006	0.5645
3	16	0.6000	0.4981	0.5032
3	17	0.5538	0.2921	0.1365
4	5	0.9979	0.9227	0.0689
4	6	0.8503	0.7858	0.6242
4	7	0.7493	0.5863	0.4971
5	6	0.9992	0.6546	0.3642
5	7	0.9995	0.4608	0.5322
6	7	0.9992	0.5804	0.6187
7	8	0.5019	0.6340	0.1114
8	9	0.7500	0.7457	0.4762
8	12	0.7008	0.8000	0.3812
8	15	0.6065	0.4156	0.3665
9	10	1.0000	0.7400	0.3760
9	11	0.7501	0.5513	0.5568
9	12	0.9998	0.6089	0.4053
9	14	0.6010	0.6423	0.4815
9	15	0.9991	0.4975	0.4079
10	11	0.9001	0.7766	0.5324
10	12	0.9996	0.5134	0.6501
10	14	0.8500	0.4994	0.4231
10	15	0.9995	0.8544	0.4257
10	16	0.5006	0.7484	0.4737
11	12	0.9497	0.7705	0.2559
11	14	0.6504	0.5790	0.5427
11	15	0.9989	0.5379	0.4327
11	16	0.7487	0.5519	0.6313
12	14	0.8496	0.4694	0.3987
12	15	0.9002	0.3109	0.5667
13	14	0.9486	0.6324	0.2670
14	15	0.9995	0.6880	0.2736
14	16	0.9501	0.6866	0.5292
14	17	0.5507	0.6048	0.3811
15	16	0.9957	0.4795	0.5874
15	17	0.9980	0.5329	0.0399
16	17	0.8503	0.7926	0.1647
17	18	0.9500	0.8540	0.3612
18	19	0.7506	0.5754	0.4192
18	20	0.7502	0.7164	0.4816
18	21	0.7502	0.5012	0.3292
19	20	0.5007	0.5032	0.4538
19	21	0.9500	0.5218	0.5558
20	21	0.5996	0.4281	0.2626
