0	1	0.9998	0.7611	0.5888
0	2	0.7015	0.6441	0.2829
0	11	0.8492	0.3477	0.3895
0	26	0.6510	0.5991	0.2596
0	33	0.9497	0.8219	0.4546
1	2	0.6017	0.5148	0.1159
2	3	0.7007	0.6766	0.7115
2	4	0.8501	0.5111	0.6909
2	11	0.5006	0.5892	0.3696
2	33	0.9499	0.7343	0.3880
3	4	0.9998	0.7865	0.4434
3	10	0.5503	0.5995	0.5600
3	11	0.5530	0.4379	0.2610
3	20	0.7004	0.3266	0.5801
3	24	0.6500	0.5145	0.4059
3	29	0.5001	0.5672	0.6303
3	32	0.9986	0.6551	0.5884
3	33	0.7505	0.5566	0.2936
4	5	0.9981	0.7212	0.3516
4	6	0.8501	0.4402	0.2813
4	11	0.9488	0.3887	0.2558
4	20	0.5350	0.4744	0.5319
4	32	0.8002	0.4496	0.5930
4	33	0.8002	0.4781	0.2406
5	6	0.9985	0.7494	0.2061
5	9	0.8730	0.7794	0.7874
5	11	0.8986	0.6698	0.1179
5	14	0.5008	0.6877	0.4766
5	32	0.6997	0.6382	0.5375
5	33	0.9977	0.7677	0.3795
6	7	0.9499	0.6612	0.5275
6	8	0.6005	0.4336	0.7029
6	9	0.9986	0.7472	0.4288
6	10	0.6508	0.1873	0.5006
6	11	0.9000	0.5880	0.4021
6	14	0.8999	0.7361	0.5696
6	32	0.5500	0.2413	0.4719
7	8	0.8500	0.6257	0.6114
7	9	0.6003	0.5208	0.4369
7	11	0.6006	0.3915	0.4482
8	9	0.6499	0.6206	0.6054
8	14	0.7000	0.6925	0.4212
9	10	0.6004	0.6156	0.2734
9	11	0.9988	0.6014	0.5687
9	14	0.9491	0.7077	0.5968
9	15	0.5503	0.6433	0.4115
10	11	0.9971	0.6946	0.0697
10	14	0.9991	0.6619	0.5327
10	24	0.5511	0.5162	0.1508
10	32	0.8441	0.5332	0.4203
11	12	0.9493	0.9160	0.4387
11	13	0.9981	0.7406	0.4683
11	14	0.9996	0.6113	0.6283
11	15	0.9993	0.6983	0.4158
11	16	0.5025	0.5982	0.3053
11	17	0.5503	0.5446	0.5307
11	19	0.8496	0.6425	0.2592
11	20	0.9995	0.4262	0.5101
11	21	0.8995	0.6953	0.5943
11	22	0.6492	0.8485	0.2842
11	23	0.9967	0.9379	0.4922
11	24	0.5497	0.5571	0.2775
11	29	0.5007	0.3430	0.5346
11	32	0.9488	0.4480	0.4644
11	33	0.6511	0.4368	0.2551
12	13	0.9982	0.8103	0.3234
12	14	0.9997	0.5282	0.7134
12	17	0.9491	0.5280	0.2271
13	14	1.0000	0.5297	0.7823
13	15	0.5004	0.4255	0.5629
14	15	0.9993	0.8173	0.5427
14	16	0.8498	0.8111	0.3783
14	17	0.9985	0.6464	0.6078
14	18	0.6496	0.5919	0.4863
14	19	0.6497	0.4133	0.4674
14	20	0.9992	0.5657	0.7127
14	21	0.9993	0.7507	0.5302
14	22	0.9979	0.7860	0.3296
14	23	0.9985	0.8312	0.5865
14	24	0.7014	0.5170	0.4212
15	17	0.8499	0.5173	0.4192
15	20	0.7998	0.4238	0.6809
16	20	0.5496	0.5625	0.4205
17	18	0.5495	0.3395	0.3942
18	19	0.5201	0.5233	0.5090
18	20	0.7007	0.6523	0.4997
19	20	0.9982	0.6212	0.1169
20	21	0.9996	0.8232	0.6131
20	22	0.9499	0.6753	0.3356
20	23	0.9001	0.6576	0.5688
20	24	0.9997	0.5680	0.4704
20	26	0.7998	0.5024	0.4730
21	22	0.8990	0.8189	0.3794
21	23	0.8001	0.6727	0.6012
21	24	0.6007	0.5446	0.4509
21	26	0.5007	0.5204	0.2473
22	23	0.5505	0.4865	0.5796
22	24	0.6003	0.2172	0.3016
23	24	0.8998	0.6815	0.2350
24	25	0.7003	0.6074	0.4411
24	26	0.7502	0.6126	0.2737
24	27	0.6505	0.3514	0.3872
24	28	0.7990	0.3809	0.6112
24	29	0.5512	0.4322	0.4706
25	26	0.9979	0.9502	0.0940
25	29	0.6503	0.7130	0.6974
26	27	0.9997	0.6065	0.3816
26	28	0.9491	0.3897	0.5583
26	29	0.5502	0.3743	0.5410
27	28	0.9986	0.8492	0.4841
27	29	0.9998	0.6872	0.3651
28	29	0.9489	0.4963	0.2733
29	30	0.9984	0.8701	0.6319
29	31	0.6997	0.3765	0.6130
29	32	0.9994	0.5733	0.5779
29	33	0.7514	0.5126	0.1555
29	37	0.7508	0.3983	0.3155
30	31	0.6487	0.7865	0.1912
30	32	0.9983	0.7201	0.6992
30	37	0.5009	0.7067	0.6024
33	34	0.9500	0.8039	0.3355
33	36	0.8999	0.4569	0.4736
33	37	0.9493	0.4834	0.1566
34	35	0.8503	0.5303	0.4825
34	36	0.9503	0.4502	0.6120
34	37	0.7503	0.4728	0.3819
35	36	0.9998	0.5246	0.6779
35	37	0.9001	0.4108	0.3974
36	37	0.9985	0.6606	0.1669
