0	1	0.9996	0.6975	0.5350
0	2	0.9546	0.1524	0.3169
0	3	0.9976	0.2816	0.3444
0	4	0.9994	0.0852	0.5539
0	5	0.5004	0.1187	0.3926
0	6	0.9982	0.4031	0.9445
0	7	0.9999	0.7416	0.9591
0	8	0.9973	0.4220	0.1344
0	9	0.9985	0.9845	0.9881
0	19	0.5010	0.3726	0.8300
1	2	1.0000	0.9547	0.0351
1	3	0.9990	0.9140	0.5931
1	4	0.9985	0.9996	0.0044
1	6	1.0000	0.9861	0.8309
1	7	0.9981	0.9150	0.6149
1	8	0.9994	0.8851	0.0010
1	9	0.9999	0.1099	0.9534
1	12	0.8003	0.0086	0.0101
2	3	0.9992	0.4400	0.3259
2	6	0.9964	0.0477	0.7740
2	7	0.9496	0.0419	0.7807
2	8	0.9977	0.1431	0.3930
2	9	1.0000	0.0195	0.1924
3	4	1.0000	0.4069	0.8088
3	5	0.9997	0.4558	0.5624
3	6	0.9997	0.5937	0.5794
3	8	0.9999	0.4142	0.4372
4	5	0.9998	0.7188	0.5773
4	6	0.9995	0.4605	0.7826
4	8	0.9998	0.6093	0.4427
6	7	0.9994	0.9816	0.5929
6	8	1.0000	0.6311	0.5687
6	9	0.9997	0.7594	0.7735
6	14	0.9987	0.5288	0.9471
6	16	0.9980	0.0424	0.9458
6	18	0.7498	0.1854	0.5633
7	8	0.9984	0.8402	0.0419
7	9	0.9997	0.9426	0.7301
7	14	0.9989	0.9701	0.7778
8	9	1.0000	0.0156	0.4329
8	14	0.8496	0.3892	0.8150
9	10	0.9997	0.9991	0.6497
9	11	0.9496	0.9754	0.6131
9	12	1.0000	0.7625	0.4264
9	13	0.9994	0.1094	0.0194
9	14	1.0000	0.4993	0.5324
9	15	0.9999	0.8056	0.2376
9	16	0.7986	0.2172	0.2347
9	17	0.9999	0.6128	0.8757
9	18	1.0000	0.3754	0.6244
9	19	1.0000	0.5102	0.8882
9	20	1.0000	0.7994	0.3978
9	21	0.9994	0.2387	0.2868
9	22	0.5504	0.2189	0.8085
12	14	0.9987	0.9540	0.7002
12	15	0.8977	0.6015	0.1085
12	19	0.9494	0.7786	0.9101
12	20	0.9992	0.1458	0.3615
12	21	0.9996	0.8833	0.0717
13	14	0.9993	0.6340	0.1562
13	18	0.9971	0.9633	0.9998
13	19	1.0000	0.5732	0.8304
13	21	0.9996	0.7958	0.6432
14	15	0.9999	0.8753	0.7420
14	16	1.0000	0.7941	0.4257
14	17	0.9986	0.8794	1.0000
14	18	0.9998	0.4749	0.6524
14	19	1.0000	0.4249	0.7687
14	20	0.9985	0.5420	0.4514
14	21	0.9985	0.1577	0.3710
15	16	1.0000	0.9137	0.4030
15	17	0.9977	0.6974	0.8542
15	18	1.0000	0.9012	0.4612
15	19	0.9995	0.9812	0.9481
15	20	0.9975	0.9341	0.1750
15	21	0.9989	0.9902	0.1443
16	17	1.0000	0.5749	0.6743
16	18	0.9994	0.4081	0.4245
16	19	0.9980	0.2836	0.7816
17	18	1.0000	0.8731	0.2103
17	20	0.6974	0.6069	0.1101
18	19	1.0000	0.8964	0.5582
18	21	0.9998	0.9720	0.3400
19	20	0.9996	0.9719	0.4824
19	21	0.9998	0.5061	0.4458
20	21	0.9993	0.8463	0.0599
21	22	0.8003	0.6807	0.2410
