0	1	0.9999	0.9020	0.6628
0	2	0.8502	0.5512	0.5468
0	3	0.9500	0.6533	0.6554
0	4	0.5044	0.5717	0.4645
0	5	0.8002	0.5667	0.4167
0	11	0.5506	0.4519	0.4746
1	2	0.9486	0.6989	0.2073
1	3	0.9998	0.7714	0.7948
1	4	0.5505	0.4723	0.5712
1	5	0.8963	0.8349	0.7409
2	3	0.9989	0.5222	0.5387
2	4	0.7005	0.5521	0.5012
2	5	0.5006	0.4938	0.5150
3	4	0.9998	0.7813	0.4945
3	5	0.9990	0.7080	0.3499
3	11	0.5999	0.5876	0.4522
4	5	0.9975	0.7809	0.4354
4	8	0.7989	0.7013	0.5789
4	9	0.8996	0.4923	0.4947
4	10	0.6019	0.6423	0.4182
4	11	0.9985	0.4929	0.5321
5	6	0.8500	0.3766	0.4273
5	8	0.8005	0.6657	0.4979
5	9	0.9983	0.7611	0.4091
5	11	0.9494	0.7257	0.3785
5	17	0.6504	0.5758	0.3750
6	7	0.9449	0.9339	0.4568
6	8	0.7499	0.5631	0.4801
6	9	0.7002	0.3697	0.5724
6	10	0.5999	0.6872	0.6432
6	11	0.8991	0.5721	0.5318
6	17	0.8497	0.4153	0.3596
7	8	0.8996	0.6976	0.1276
7	9	0.9002	0.4870	0.9703
7	11	0.6996	0.4474	0.6063
7	17	0.5500	0.6135	0.2350
8	9	0.9993	0.6074	0.4392
8	10	0.7507	0.2642	0.6155
8	11	0.8995	0.5817	0.4550
8	17	0.9000	0.6229	0.5568
9	10	0.9962	0.8983	0.5290
9	11	0.9496	0.5437	0.4696
9	17	0.9496	0.5731	0.4959
10	11	0.9987	0.6186	0.4729
10	17	0.9990	0.7109	0.2439
11	12	0.7001	0.8118	0.5679
11	15	0.6513	0.4637	0.2722
11	16	0.9993	0.5395	0.8397
11	17	0.9991	0.4642	0.4500
12	13	0.8501	0.5577	0.3344
12	14	0.7503	0.4006	0.4440
12	16	0.8995	0.6382	0.5428
12	17	0.5743	0.4997	0.6032
13	14	0.9487	0.5651	0.3206
13	15	0.7016	0.4010	0.2628
13	16	0.8986	0.6041	0.3071
14	15	0.9512	0.5898	0.4188
14	16	0.7012	0.4879	0.5432
15	16	0.9982	0.7220	0.4156
16	17	0.9990	0.7678	0.4283
