0	1	0.9984	0.5227	0.4389
0	2	0.5505	0.1741	0.0031
0	3	0.9987	0.1288	0.7681
0	6	0.9969	0.2833	0.4687
0	7	1.0000	0.7936	0.3900
0	8	0.5007	0.6097	0.8856
0	9	0.9978	0.3157	0.5124
0	10	0.9996	0.3670	0.3541
0	11	0.9997	0.5325	0.4119
0	12	0.9994	0.9662	0.8133
1	2	0.9991	0.8803	0.0000
1	3	1.0000	0.4970	0.3644
1	6	0.9955	0.2314	0.6892
1	7	0.9975	0.1463	0.3280
1	9	0.9998	0.6657	0.5510
1	10	0.9994	0.9327	0.3766
1	11	0.9995	0.5427	0.4228
1	12	0.9994	0.4976	0.5304
1	13	0.9493	0.6863	0.2898
1	14	0.5996	0.4066	0.3129
2	3	0.9992	0.4671	0.5729
2	4	0.9991	0.6901	0.2988
2	5	1.0000	0.7963	0.4515
2	6	1.0000	0.5894	0.3706
2	12	0.8505	0.0036	0.3084
3	4	0.9984	0.7143	0.1364
3	5	0.9987	0.0983	0.1217
3	6	0.9987	0.4578	0.3451
3	7	0.9999	0.4368	0.7109
3	9	0.9994	0.9959	1.0000
3	12	0.9982	0.0463	0.7861
3	13	0.9990	0.0192	0.0095
4	5	0.9988	0.4527	0.4640
4	6	0.9999	0.1159	0.0930
5	6	0.9995	0.1958	0.5201
5	7	1.0000	0.2557	0.6804
5	8	0.9983	0.1310	0.0309
6	7	0.9998	0.4932	0.5449
6	9	1.0000	0.2972	0.7239
6	12	0.9984	0.9690	0.9978
6	13	0.9998	0.9327	0.0493
7	8	0.9984	0.6784	0.4791
7	9	0.9991	0.7384	0.3948
7	10	0.9996	0.9310	0.0956
7	12	0.9996	0.0919	0.9110
8	9	1.0000	0.8560	0.1269
9	10	0.9992	0.4687	0.2970
9	11	0.9999	0.2873	0.6531
10	11	0.9999	0.4535	0.6202
11	12	0.9976	0.3335	0.3766
11	13	0.9975	0.2710	0.8871
11	14	0.9993	0.0746	0.8269
11	15	0.9504	0.4456	0.5866
12	13	0.9963	0.7897	0.5141
12	14	0.9998	0.4163	0.3333
