0	1	0.9983	0.9894	0.0051
0	3	0.9966	0.9491	0.5526
0	4	0.9967	0.5089	0.0989
0	5	1.0000	0.4473	0.7760
0	6	0.9979	0.3762	0.0047
0	26	1.0000	0.8488	0.8168
0	31	0.9997	0.2800	0.9766
1	2	0.9994	0.5022	0.4844
1	3	1.0000	0.5002	0.8136
2	3	0.9981	0.8417	0.6382
2	23	0.9995	0.8599	0.0721
3	4	0.9965	0.7038	0.5953
3	5	0.9986	0.3567	0.0000
3	23	0.9998	0.5171	0.4322
4	5	0.9959	0.5151	0.1178
4	23	0.9979	0.9045	0.7261
4	31	0.9992	0.5989	0.2503
5	6	0.9996	0.7698	0.1782
5	23	0.9006	0.0077	0.3712
5	25	1.0000	0.1042	0.0218
5	26	0.9995	0.6319	0.3535
5	31	0.9999	0.3457	0.5032
6	7	0.9954	0.9848	0.0120
6	24	0.9988	0.9891	0.6878
6	25	0.9991	0.9669	0.3850
6	26	1.0000	0.5704	0.4398
6	27	0.9500	0.8408	0.7149
6	28	0.9964	0.9826	0.4061
6	29	0.9983	0.9937	0.2671
6	31	0.9995	0.4763	0.5143
7	24	0.9487	0.3834	0.2607
7	27	0.7525	0.1181	0.9924
7	28	0.9988	0.3713	0.1562
7	29	0.9992	0.1591	0.6142
8	9	0.9998	0.6323	0.3789
8	10	0.5002	0.8168	0.4511
8	23	1.0000	0.6639	0.7798
8	28	0.9481	0.4386	0.4472
8	29	0.9992	0.3003	0.8321
8	30	0.9998	0.3834	0.7413
9	10	0.9964	0.9566	0.6520
9	11	0.9998	0.9343	0.2904
9	12	0.9990	0.9540	0.1065
9	22	1.0000	0.8703	0.3535
9	23	1.0000	0.5949	0.5194
10	11	0.9995	0.9902	0.7684
10	23	0.7499	0.1235	0.6164
11	12	0.8063	0.8943	0.0490
11	22	1.0000	0.8666	0.1484
11	23	1.0000	0.4515	0.7232
12	18	0.9999	0.4270	0.6416
12	20	0.9988	0.4379	0.5065
12	21	0.9989	0.6383	0.2926
12	22	0.9999	0.4822	0.4979
12	23	0.9989	0.3012	0.2259
13	14	0.9996	0.4152	0.5405
13	15	0.9967	0.8579	0.7819
13	17	0.9994	0.8101	0.9056
13	18	0.9998	0.7416	0.3888
13	20	0.9981	0.3870	0.3730
13	21	0.9999	0.5469	0.6430
14	15	1.0000	0.9498	0.2043
14	16	0.9998	0.7952	0.6999
14	17	0.9999	0.9063	0.1598
14	18	0.8501	0.3471	0.6877
14	21	0.6000	0.3840	0.5995
15	16	1.0000	0.2703	0.8585
15	17	0.9993	0.4590	0.5958
15	18	0.9977	0.9804	0.3852
15	20	0.9997	0.0980	0.4375
15	21	0.9998	0.2894	0.8623
16	17	0.9997	0.8844	0.0936
17	18	0.9002	0.9746	0.3730
17	20	0.9989	0.2882	0.6174
17	21	1.0000	0.5231	0.8608
18	20	0.9989	0.9779	0.0146
18	21	0.9992	0.9395	0.7357
18	22	1.0000	0.8545	0.1437
20	21	1.0000	0.8171	0.3108
20	22	1.0000	0.9005	0.5359
21	22	0.9993	0.4196	0.4859
22	23	1.0000	0.8944	0.2054
23	24	0.9986	0.9982	0.1083
23	30	0.9998	0.9522	0.7458
23	31	0.9997	0.9912	0.0000
24	25	0.9993	1.0000	0.0176
24	28	0.9986	0.8478	0.8302
24	29	0.6482	0.6679	0.2567
24	30	0.8012	0.3942	0.6338
24	31	0.9501	0.8145	0.0009
25	26	0.9985	0.6290	0.1976
25	27	0.5515	0.1178	0.8697
25	28	0.9987	0.0254	0.8920
25	31	0.9998	0.1363	0.0038
26	27	1.0000	0.7335	0.3671
26	28	1.0000	0.7352	0.9632
26	29	0.9964	0.9861	0.1707
26	31	0.9989	0.5212	0.4286
27	28	1.0000	0.5388	0.6334
28	29	0.9998	0.9092	0.2534
28	30	0.9980	0.6571	0.7554
28	31	0.9990	0.9165	0.0061
29	30	0.9990	0.3077	0.7339
29	31	0.9987	0.6058	0.0119
30	31	0.9956	0.9010	0.0033
