0	8	0.9997	0.0017	0.8920
0	9	0.9960	0.3021	0.1149
1	2	0.9999	0.5115	0.2538
1	3	0.9999	0.3706	0.5676
1	4	1.0000	0.6748	0.9964
1	5	0.9995	0.5356	0.4246
1	6	0.9999	0.6363	0.2471
1	7	0.9996	0.6119	0.4349
1	8	0.9978	0.0034	0.9603
1	9	1.0000	0.0002	0.1009
1	11	0.9506	0.0002	0.6746
1	12	1.0000	0.0000	0.0105
2	3	0.9981	0.7498	0.4467
2	4	0.9981	0.0867	0.9959
2	5	1.0000	0.5933	0.6597
2	6	1.0000	0.8629	0.2206
2	7	0.9978	0.7324	0.6335
2	8	1.0000	0.3706	0.9866
2	12	0.9953	0.6909	0.0157
2	13	1.0000	0.7012	0.2311
2	14	0.8991	0.9831	0.5859
2	15	0.9998	0.9973	0.6867
3	4	0.9993	0.9952	0.5673
3	5	1.0000	0.4675	0.5407
3	6	0.9992	0.0199	0.8122
3	7	0.9994	0.4130	0.4631
3	12	0.9982	0.7180	0.0436
3	13	0.9993	0.9454	0.4500
3	14	0.9499	0.6655	0.8664
3	15	0.9998	0.0214	0.8524
4	5	0.9998	0.8503	0.0000
4	6	0.9971	0.0051	0.9934
4	7	0.9997	0.1799	0.0602
4	13	0.9987	0.4596	0.3118
5	6	0.9995	0.5085	0.3364
5	7	0.9969	0.3319	0.7939
6	7	0.9963	0.7231	0.6420
6	15	0.9984	0.8682	0.4286
7	13	0.9987	0.0627	0.6238
7	14	1.0000	0.1166	0.9158
7	15	0.9996	0.2952	0.4224
8	9	0.9979	0.2973	0.4018
8	11	0.9996	0.4888	0.6762
8	12	0.9991	0.3572	0.4933
8	13	1.0000	0.6170	0.4117
9	10	0.9986	0.9892	0.4543
9	11	0.9997	0.7432	0.5773
9	12	0.9988	0.8219	0.6480
9	13	1.0000	0.8991	0.5465
10	11	0.9971	0.4945	0.1934
11	12	0.9974	0.2931	0.3739
11	13	1.0000	0.4283	0.5160
11	14	0.9978	0.7413	0.2641
12	13	1.0000	0.3697	0.5089
12	14	0.9981	0.5429	0.1613
12	15	0.9965	0.8168	0.0264
13	14	0.9996	0.9269	0.3772
13	15	0.9494	0.8546	0.1086
14	15	0.9999	0.6935	0.1970
