0	1	0.9985	0.7020	0.2108
0	2	0.9999	0.5549	0.6850
0	3	0.9990	0.4751	0.4739
0	5	0.9993	0.6932	0.4371
0	6	1.0000	0.5090	0.6208
0	7	0.9999	0.9604	0.2756
0	8	1.0000	0.5342	0.6227
0	9	0.9993	0.1577	0.9243
0	11	0.8991	0.5224	0.2889
1	2	0.9954	0.9656	0.5826
1	3	0.9998	0.5927	0.2069
1	6	1.0000	0.5212	0.9327
1	8	0.7530	0.2988	0.9960
1	9	0.9980	0.7158	0.1432
2	3	0.9993	0.7019	0.2149
2	9	0.9491	0.9663	0.3274
3	5	0.9982	0.7474	0.5279
3	6	0.9998	0.4054	0.4856
3	9	0.9994	0.0652	0.9033
4	5	0.9938	0.6133	0.0102
4	7	0.9980	0.1375	0.0230
5	6	1.0000	0.6360	0.3108
5	7	1.0000	0.3091	0.8160
5	8	0.8597	0.5161	0.0091
5	11	0.9005	0.4702	0.0000
5	24	0.9985	0.1161	0.6961
6	7	0.9988	0.9109	0.4390
6	8	0.9979	0.6063	0.5192
6	9	0.9989	0.2357	0.8842
6	11	1.0000	0.6198	0.1466
7	8	1.0000	0.4655	0.5420
7	11	0.9995	0.4862	0.3391
7	12	0.9992	0.7561	0.4637
7	13	0.9953	0.1794	0.0404
7	14	0.9942	0.0522	0.3192
7	16	0.8502	0.1521	0.5718
7	17	0.7997	0.1379	0.0650
7	19	0.8997	0.2089	0.1479
7	24	0.9998	0.2602	0.4647
7	25	0.9991	0.9830	0.8589
8	9	1.0000	0.4665	0.7138
8	10	0.9992	0.0353	1.0000
8	11	1.0000	0.4481	0.2065
8	12	0.9999	0.3335	0.5926
8	13	0.9998	0.9801	0.0613
8	17	0.9999	0.6087	0.0426
9	10	0.9951	0.9973	0.9239
9	11	0.9998	0.7082	0.1525
9	12	0.9999	0.9446	0.9191
9	15	1.0000	0.6741	0.9993
9	17	0.9964	0.6114	0.0109
10	11	0.9997	0.9976	0.0002
10	12	0.9991	0.9846	0.8206
10	17	0.9978	0.8894	0.0002
11	12	1.0000	0.3096	0.5937
11	13	0.9999	0.6790	0.1369
11	14	0.9997	0.9994	0.0083
11	15	1.0000	0.5481	0.9547
11	17	0.9982	0.3969	0.1355
11	18	0.9981	0.7028	0.5150
12	13	0.9996	0.5013	0.1974
12	14	1.0000	0.4534	0.4559
12	15	0.9973	0.0872	0.3678
12	16	0.9982	0.0861	0.2986
12	17	0.9993	0.4219	0.1340
12	18	1.0000	0.0166	0.4158
12	24	0.9481	0.3061	0.1212
13	14	1.0000	0.7816	0.4764
13	17	0.9967	0.1039	0.6911
13	18	0.5023	0.0608	0.0701
13	24	0.5013	0.0064	0.1240
14	17	0.9489	0.0077	0.9830
14	18	0.8985	0.6409	0.0298
15	16	0.9950	0.1892	0.2805
15	17	0.8991	0.5187	0.4063
15	18	0.5522	0.0000	0.5473
16	17	0.7996	0.6031	0.5128
17	18	0.9986	0.7094	0.4923
17	19	1.0000	0.4823	0.5540
17	21	0.5009	0.4853	0.7532
18	19	0.9999	0.5104	0.2837
18	20	0.9999	0.3728	0.6241
18	21	0.6010	0.6257	0.0007
19	20	0.9981	0.6970	0.3347
19	21	1.0000	0.4234	0.4606
19	24	1.0000	0.1672	0.1213
20	21	0.9991	0.4957	0.2450
20	22	0.9998	0.1475	0.8798
20	23	0.9952	0.4936	0.0377
20	25	0.7972	0.9377	0.0755
21	22	1.0000	0.9634	0.1547
21	23	0.9992	0.3476	0.3264
21	24	1.0000	0.3817	0.1137
21	25	0.9982	0.0000	0.6538
22	23	0.9482	0.1945	0.4653
23	24	0.9992	0.3694	0.6374
23	25	1.0000	0.6143	0.4123
24	25	0.9983	0.9501	0.6596
