0	1	0.6006	0.9111	0.1555
0	3	1.0000	0.3977	0.7031
0	4	1.0000	0.5708	0.8023
0	5	0.7499	0.8181	0.2177
0	6	0.9493	0.9559	0.5978
0	8	0.7504	0.6193	0.2526
0	9	0.9998	0.5738	0.4386
0	14	0.9504	0.7481	0.8330
0	15	0.9995	0.4830	0.5384
0	24	0.7988	0.4690	0.7842
0	27	0.6503	0.3724	0.8285
0	29	0.9989	0.4385	0.4797
1	2	0.8991	0.6064	0.5980
1	4	0.8512	0.1973	0.9785
1	22	0.5504	0.7288	0.5146
1	23	0.7716	0.6653	0.6547
2	3	0.9980	0.9383	0.0959
3	4	0.9990	0.6975	0.4745
3	15	0.6919	0.6450	0.4870
3	29	0.9500	0.7996	0.8212
4	5	0.5022	0.9315	0.0632
4	9	0.8996	0.8178	0.3795
4	15	0.9491	0.9517	0.6224
4	24	0.6496	0.7287	0.7088
4	29	0.9977	0.9962	0.6002
5	6	0.9985	0.9879	0.4048
5	9	0.9979	0.3258	0.8807
5	14	0.6493	0.4687	0.7205
5	15	0.9976	0.3897	0.7981
5	23	0.7994	0.5998	0.6211
5	24	0.9981	0.7534	0.5111
5	29	0.9962	0.5288	0.8068
6	7	0.9963	0.9019	0.1795
6	8	0.9490	0.9241	0.0970
6	9	0.9999	0.5187	0.9444
6	10	0.9977	0.3432	0.5194
6	15	0.7502	0.6927	0.9364
6	23	0.5507	0.8322	0.5820
6	24	0.5003	0.4572	0.3832
6	25	0.5004	0.4628	0.3932
6	29	0.7000	0.5581	0.7974
7	8	0.8499	0.9681	0.2262
7	9	0.6504	0.5130	0.7801
7	10	0.9004	0.2615	0.4043
7	14	0.8498	0.5069	0.3633
8	9	0.9970	0.5327	0.0983
8	10	0.9998	0.1557	0.6702
8	14	0.5499	0.4171	0.6829
8	15	0.7498	0.5605	0.1076
9	10	0.9960	0.9927	0.3496
9	14	0.9985	0.8885	0.6633
9	15	0.9936	0.5050	0.4938
9	27	0.7494	0.6362	0.7717
9	29	0.8992	0.6204	0.4509
10	11	0.9488	0.3669	0.2168
10	13	0.5509	0.2568	0.4237
10	14	0.9978	0.4059	0.3198
10	15	0.8494	0.4208	0.8391
11	12	0.8002	0.5028	0.4126
11	13	0.9155	0.5148	0.3154
11	14	0.9500	0.6115	0.5869
11	15	0.8000	0.4946	0.6434
11	16	0.6007	0.4046	0.5204
11	20	0.9994	0.7496	0.5985
12	13	0.8995	0.5996	0.6077
12	14	0.6002	0.4172	0.3251
12	20	0.5503	0.2825	0.4948
13	14	0.9484	0.6170	0.2611
14	15	0.9994	0.7805	0.5446
14	20	0.5510	0.5995	0.6969
14	29	0.7996	0.8296	0.2285
15	23	0.9994	0.3396	0.8075
15	24	0.9487	0.5812	0.4678
15	27	0.9999	0.4927	0.8875
15	28	0.6506	0.3316	0.7466
15	29	0.9996	0.6244	0.4859
16	17	0.8487	0.7899	0.4349
16	18	0.8003	0.5534	0.5894
16	19	0.7997	0.7406	0.2340
16	20	0.9999	0.5805	0.5013
16	22	0.6528	0.5896	0.4386
17	18	0.7999	0.4763	0.5501
17	19	0.8499	0.4709	0.4391
17	20	0.9962	0.8328	0.3966
17	22	0.6007	0.8445	0.3440
18	19	0.9494	0.8940	0.4028
18	20	0.9993	0.7549	0.5170
19	20	0.9991	0.6385	0.2406
20	21	0.9967	0.6962	0.2126
20	22	0.9500	0.7778	0.3494
20	23	0.9994	0.6341	0.7038
20	27	0.7004	0.7462	0.3388
21	22	0.5005	0.2230	0.4231
23	24	0.7991	0.6758	0.0840
23	27	0.9000	0.6406	0.6750
23	29	0.6499	0.8620	0.0697
24	25	0.9989	0.5192	0.4936
24	27	0.9990	0.3217	0.7578
24	28	0.8500	0.2132	0.5982
24	29	0.9985	0.5133	0.4630
25	26	0.7071	0.7004	0.2903
25	27	0.9498	0.8666	0.7007
26	27	0.8980	0.7269	0.3424
26	29	0.6505	0.0809	0.8749
27	28	0.9994	0.8919	0.4448
27	29	0.8506	0.6961	0.2429
28	29	0.9980	0.6079	0.1372
29	30	0.8994	0.7316	0.3435
30	31	0.9490	0.4314	0.1156
30	32	0.6492	0.4791	0.2748
30	33	0.6001	0.2349	0.4871
31	32	0.9503	0.6305	0.5195
31	33	0.9498	0.6945	0.5915
31	34	0.8501	0.3014	0.5477
31	35	0.6503	0.4163	0.4251
32	33	0.9996	0.5993	0.5328
32	34	0.9495	0.2695	0.5436
32	35	0.9494	0.4991	0.5180
32	36	0.7329	0.3735	0.5600
33	34	0.9999	0.8687	0.2897
34	35	0.9986	0.6352	0.3337
34	36	0.7997	0.7007	0.6419
35	36	0.9993	0.5828	0.5258
