0	1	0.7995	0.5398	0.1746
0	15	0.9985	0.3928	0.0531
0	16	0.8006	0.3577	0.9168
0	17	0.6996	0.4529	0.1959
0	25	0.6004	0.4820	0.7934
1	2	0.7004	0.8824	0.2613
1	5	0.9996	0.6756	0.6188
1	6	0.9471	0.5891	0.3909
1	7	0.6504	0.8582	0.3128
1	8	0.7509	0.5685	0.3534
1	15	0.9995	0.4805	0.4109
1	16	0.9499	0.2951	0.7855
1	17	0.9491	0.4891	0.6163
1	18	0.9001	0.7861	0.3881
1	19	0.6995	0.5445	0.4173
1	25	0.9993	0.3905	0.7235
2	3	0.9990	0.6744	0.4005
2	4	0.8989	0.6663	0.5010
2	6	0.9998	0.3101	0.8272
2	18	0.5993	0.5467	0.6264
3	4	0.8004	0.7348	0.6152
3	7	0.6501	0.4556	0.3802
3	18	0.7003	0.4663	0.7054
5	6	0.9968	0.5922	0.0427
5	18	0.5505	0.2847	0.4447
6	7	0.9991	0.6786	0.2800
6	8	1.0000	0.5820	0.4253
6	10	0.9488	0.6872	0.5774
6	15	0.9986	0.6062	0.5732
6	17	0.9469	0.5385	0.8310
7	8	0.9991	0.2755	0.3461
8	9	0.9981	0.9004	0.5703
8	10	0.9987	0.5430	0.5569
8	11	0.6501	0.9165	0.1310
8	14	0.9986	0.8009	0.8546
8	15	0.9991	0.5202	0.4740
8	16	0.7495	0.8809	0.5901
8	17	0.9969	0.3930	0.4793
9	10	1.0000	0.6124	0.4766
9	11	0.9992	0.2913	0.2027
9	14	0.9500	0.5348	0.6971
10	11	0.9498	0.9589	0.1526
10	14	0.9981	0.4166	0.8305
10	15	0.9992	0.5981	0.4573
10	16	0.6998	0.6847	0.5848
10	17	0.6504	0.3964	0.3490
11	12	0.9995	0.4777	0.5355
11	13	0.6001	0.5931	0.5755
11	14	0.6500	0.5238	0.3704
11	16	0.6003	0.3377	0.1675
12	13	0.9998	0.6705	0.6470
12	14	0.9002	0.7148	0.4606
12	16	0.9999	0.6258	0.6190
13	14	0.8512	0.6429	0.3542
13	16	0.8999	0.4121	0.4998
14	15	0.9999	0.9670	0.2224
14	16	1.0000	0.5721	0.8039
14	17	0.9496	0.9465	0.2545
15	16	1.0000	0.5209	0.6356
15	17	0.9985	0.4979	0.5674
15	18	0.7005	0.8143	0.1774
15	19	0.6994	0.8218	0.3861
16	17	0.9996	0.8591	0.3036
16	18	0.5499	0.3929	0.1255
16	19	0.9004	0.4792	0.5332
17	18	0.9994	0.9615	0.4075
17	19	0.8494	0.6351	0.4766
18	19	0.9977	0.8461	0.1670
19	20	0.9996	0.8811	0.4681
19	21	0.6498	0.4704	0.3283
19	23	0.6991	0.7239	0.3923
20	21	0.5506	0.7874	0.1653
21	22	0.9990	0.6301	0.4731
21	23	0.6998	0.5211	0.7430
21	24	0.9493	0.6008	0.5548
21	25	0.9989	0.3705	0.5152
21	26	0.9487	0.5240	0.5758
21	27	0.9988	0.5163	0.5403
21	28	0.9979	0.4425	0.5442
21	29	0.6498	0.4332	0.5415
21	31	0.8501	0.6302	0.5564
21	33	0.6500	0.3278	0.4822
22	23	0.8988	0.9463	0.5042
22	24	0.9979	0.4890	0.5689
22	25	0.5999	0.5756	0.4531
22	26	0.9958	0.5994	0.8375
22	28	0.8502	0.5900	0.3308
22	29	0.9497	0.7442	0.5001
22	30	0.7007	0.4663	0.6209
23	24	0.5003	0.7081	0.5165
23	27	0.6003	0.7333	0.7001
23	28	0.6507	0.5517	0.6175
24	25	0.9982	0.9662	0.3714
24	26	0.9984	0.4982	0.5839
24	27	0.9495	0.6323	0.4804
24	28	0.9498	0.6548	0.5313
24	29	0.7999	0.4970	0.4799
24	31	0.7999	0.5840	0.6730
25	26	0.9488	0.8174	0.4273
25	27	0.8996	0.8305	0.7363
25	28	0.8999	0.8572	0.7007
25	29	0.7506	0.8087	0.5423
25	31	0.8993	0.5494	0.8546
25	38	0.6996	0.6108	0.6599
26	27	0.9992	0.6602	0.4435
26	28	0.9992	0.5932	0.5481
26	29	0.9981	0.5334	0.6009
26	30	0.8512	0.7012	0.5624
26	31	0.9499	0.7050	0.5426
27	28	0.9997	0.6340	0.5538
27	29	0.9999	0.6323	0.5056
27	30	0.9993	0.7054	0.6019
27	31	0.8021	0.4895	0.5253
28	29	0.9499	0.5556	0.4679
28	30	0.8492	0.6116	0.6227
28	31	0.7508	0.4916	0.4898
29	30	0.8016	0.5175	0.4490
29	31	0.9999	0.6094	0.4645
30	31	1.0000	0.7865	0.5069
31	32	0.9982	0.7524	0.7059
31	33	0.9995	0.7641	0.4875
31	34	0.6503	0.6133	0.5321
31	35	0.9006	0.5596	0.5236
31	36	0.8007	0.6777	0.5414
31	37	0.9997	0.6890	0.4655
31	38	0.8499	0.5713	0.6651
32	33	0.9982	0.8208	0.1448
32	37	0.5503	0.2956	0.3041
33	34	0.5511	0.7371	0.2887
33	35	0.6505	0.4701	0.4409
33	37	0.9996	0.5296	0.4789
33	38	0.9997	0.6110	0.6971
34	35	0.9995	0.5388	0.5089
34	36	0.9990	0.5240	0.7116
34	37	0.7503	0.4254	0.4165
34	38	0.5503	0.4019	0.5898
35	36	0.9989	0.3917	0.6610
35	37	0.9993	0.5364	0.5747
35	38	0.9281	0.4187	0.8491
36	37	0.9993	0.6855	0.5522
36	38	0.9980	0.6926	0.7536
37	38	0.9996	0.4854	0.4446
