0	1	0.8998	0.9049	0.1745
0	4	0.9976	0.6593	0.2614
0	5	0.9997	0.7447	0.9378
0	6	0.9989	0.8179	0.5990
0	7	0.8002	0.5711	0.3715
1	2	0.9991	0.9279	0.4863
1	3	0.9995	0.6796	0.8211
1	4	0.9994	0.5149	0.4082
1	5	0.9995	0.5334	0.5059
1	6	0.9994	0.7034	0.3753
1	7	0.9991	0.5168	0.4609
1	14	0.9994	0.5169	0.5645
1	15	0.9995	0.5661	0.3390
2	3	0.9977	0.8981	0.3339
2	4	0.9991	0.6954	0.3043
2	5	0.9985	0.7343	0.2048
2	6	0.7993	0.1284	0.3187
2	14	0.9496	0.4752	0.5706
2	15	0.9983	0.8449	0.1825
3	4	0.9979	0.9532	0.1280
3	5	0.9976	0.9393	0.6361
3	6	0.8005	0.9844	0.1326
3	7	0.5008	0.8909	0.1405
3	14	0.9994	0.9497	0.7530
3	15	1.0000	0.9778	0.4273
4	5	0.9988	0.3672	0.5547
4	6	0.9988	0.4879	0.3359
4	7	0.9999	0.4314	0.4886
4	14	0.9987	0.3458	0.4968
4	15	1.0000	0.4440	0.4893
5	6	0.9999	0.6578	0.4043
5	7	1.0000	0.5667	0.6702
5	9	0.6517	0.7145	0.4929
5	14	0.9997	0.6396	0.6505
5	15	0.9991	0.6753	0.3782
6	7	1.0000	0.5378	0.5078
6	8	0.9995	0.4927	0.8202
6	9	0.9497	0.5111	0.6960
6	11	0.8997	0.4191	0.4932
6	14	0.9998	0.3301	0.4550
6	15	0.9987	0.1943	0.4953
7	8	0.9982	0.7838	0.7594
7	9	0.9995	0.7742	0.5838
7	10	0.9495	0.8422	0.6862
7	11	0.5011	0.5130	0.3982
7	12	0.6001	0.6129	0.4222
7	14	0.9988	0.3440	0.3744
7	15	0.9988	0.3414	0.3699
8	9	0.9998	0.5163	0.4710
8	10	0.9495	0.4979	0.5547
9	10	0.9997	0.7421	0.5977
9	11	0.8001	0.5269	0.5229
9	12	0.7995	0.5687	0.4602
9	13	0.9482	0.6443	0.6653
10	12	0.9501	0.6939	0.5042
10	13	0.9990	0.6508	0.4033
11	12	0.9993	0.4495	0.4924
11	13	0.9991	0.4712	0.5091
11	14	0.9498	0.6260	0.4371
11	15	0.9493	0.6756	0.3810
12	13	0.9998	0.5248	0.4906
12	14	0.7501	0.3736	0.3741
14	15	1.0000	0.4545	0.4985
