0	1	0.9480	0.5061	0.7076
0	3	0.8497	0.5378	0.5857
1	2	0.8497	0.7429	0.3667
1	3	0.9501	0.7435	0.5103
1	6	0.8494	0.5461	0.5456
1	16	0.5018	0.6553	0.2326
2	3	0.8484	0.7111	0.3364
2	6	0.5026	0.4716	0.4799
3	4	0.9498	0.7672	0.6280
3	5	0.7993	0.3622	0.4633
3	6	0.7502	0.3829	0.7070
3	10	0.6502	0.5074	0.4079
3	16	0.6504	0.5477	0.4976
4	6	0.8996	0.5825	0.6542
4	16	0.9503	0.6220	0.7252
5	6	0.7497	0.5670	0.3965
5	16	0.5499	0.5073	0.2372
6	7	0.9991	0.7870	0.6851
6	8	0.9995	0.6712	0.6025
6	9	0.9992	0.6339	0.6742
6	10	0.9992	0.6435	0.4780
6	11	0.5010	0.5620	0.4261
7	8	0.9986	0.6799	0.7897
7	9	0.8503	0.4899	0.4477
7	10	0.9994	0.7646	0.2790
8	9	0.9497	0.7325	0.4680
8	10	0.9993	0.7541	0.5033
9	10	0.9997	0.6384	0.6172
9	11	0.6007	0.5625	0.4927
10	11	0.9498	0.6407	0.5002
11	12	0.9492	0.4848	0.6748
12	13	0.6005	0.5161	0.3418
13	16	0.7004	0.6696	0.5132
13	17	0.5011	0.6318	0.6914
14	15	0.5011	0.5055	0.6424
14	16	1.0000	0.5673	0.5736
14	18	0.5004	0.6007	0.3257
15	16	0.9969	0.6181	0.5615
16	17	0.9985	0.7880	0.5009
16	18	0.9999	0.7617	0.4551
16	19	0.6999	0.5124	0.4193
16	21	0.6009	0.6197	0.5672
16	22	0.6009	0.7441	0.3697
16	37	0.5361	0.7120	0.4186
16	39	0.8020	0.7156	0.5821
17	18	0.6001	0.4722	0.5924
17	19	0.5005	0.3934	0.4085
18	19	0.6999	0.5990	0.3251
18	20	0.6509	0.7534	0.3715
18	21	0.7500	0.2275	0.7209
19	20	0.9988	0.6578	0.5281
19	21	0.6005	0.4842	0.3740
19	34	0.5011	0.2854	0.4767
20	21	0.9397	0.8551	0.3844
21	22	1.0000	0.8218	0.2739
21	23	0.7002	0.4535	0.4375
22	23	0.7996	0.7431	0.2314
22	24	0.5509	0.5689	0.6821
23	24	0.9991	0.7997	0.5790
23	25	0.8991	0.4880	0.5660
23	29	0.5991	0.4902	0.3623
23	37	0.8496	0.5865	0.4787
23	39	0.7497	0.5203	0.5005
24	25	0.9998	0.6852	0.8382
24	26	0.7002	0.4344	0.5509
24	27	0.9495	0.4758	0.4578
24	28	0.7995	0.5207	0.7977
24	29	0.9999	0.5020	0.7054
24	31	0.6002	0.6276	0.5862
24	37	0.7017	0.6789	0.4847
25	26	0.6499	0.7346	0.3990
25	27	0.5000	0.7426	0.4846
25	29	0.8499	0.6539	0.4377
25	37	0.7989	0.3315	0.4854
26	27	0.7513	0.4992	0.6471
26	28	0.7471	0.6017	0.3967
26	29	0.6006	0.4598	0.7643
27	28	0.7104	0.6188	0.3817
28	29	0.8992	0.6855	0.4675
29	30	0.7501	0.6921	0.4097
30	31	0.9997	0.7789	0.5809
30	32	0.8497	0.4065	0.5487
30	33	0.6003	0.3082	0.5829
30	35	0.9998	0.5583	0.8550
30	36	0.8003	0.4556	0.4151
30	37	0.9993	0.5939	0.2517
31	32	0.5016	0.6367	0.1518
31	36	0.6504	0.7920	0.4862
31	37	0.6503	0.4502	0.2886
32	36	0.7469	0.5318	0.6662
32	37	0.7498	0.4974	0.5105
33	34	0.7500	0.5624	0.4574
33	35	0.7010	0.7387	0.7894
33	36	0.9497	0.7192	0.4135
33	37	0.9994	0.6020	0.4331
34	35	0.9998	0.7628	0.6379
34	36	0.8010	0.5972	0.4502
34	37	0.8998	0.5854	0.4035
35	36	0.9989	0.8733	0.1509
36	37	0.9996	0.8035	0.4111
37	38	0.9983	0.8708	0.5558
37	39	0.9996	0.5615	0.5179
37	40	0.8501	0.4762	0.3279
39	40	0.7003	0.9078	0.4436
