0	1	0.8500	0.6242	0.3679
0	10	0.7217	0.4183	0.5871
0	15	0.6501	0.3242	0.4477
1	2	0.8504	0.8370	0.1085
1	3	0.9995	0.8653	0.9050
1	4	0.6005	0.8572	0.1644
1	6	0.6505	0.6210	0.2501
1	9	0.9497	0.8769	0.1275
1	14	0.9497	0.7738	0.3511
1	15	0.9500	0.6608	0.7333
2	3	0.9995	0.7526	0.4218
2	4	0.9994	0.5395	0.5293
2	5	0.9498	0.8136	0.6006
2	6	0.9983	0.4799	0.5614
2	7	0.9002	0.6696	0.4987
2	8	0.9493	0.7337	0.8205
2	9	1.0000	0.6556	0.4010
2	11	0.7002	0.6476	0.4138
2	15	0.7503	0.3937	0.4648
3	4	1.0000	0.7544	0.2526
3	5	0.8500	0.7318	0.4743
3	6	0.9998	0.6000	0.6965
3	7	0.5504	0.3463	0.2028
3	9	1.0000	0.4805	0.7201
3	11	0.9501	0.2653	0.8644
3	14	0.6507	0.4068	0.8886
3	15	0.9499	0.6197	0.2581
4	5	0.9986	0.8781	0.5163
4	6	0.9996	0.6139	0.4859
4	7	0.5503	0.5836	0.3657
4	8	0.7498	0.7929	0.7940
4	9	0.7997	0.3058	0.2029
5	6	0.9990	0.6396	0.1948
5	7	0.9994	0.5512	0.3020
5	8	0.6504	0.2850	0.4867
6	7	0.9995	0.5772	0.4467
6	8	0.9990	0.5324	0.4781
6	9	0.5013	0.5044	0.3230
7	8	0.9993	0.8053	0.4789
8	9	0.9988	0.6422	0.2585
8	10	1.0000	0.3497	0.8371
8	11	0.8989	0.6363	0.0614
9	10	0.9986	0.8503	0.5664
9	11	0.9984	0.4381	0.4691
9	12	0.6504	0.9129	0.2140
9	14	0.9973	0.4895	0.5531
9	15	0.9494	0.4778	0.5591
10	11	0.9997	0.7702	0.3714
10	12	1.0000	0.4313	0.6311
10	13	1.0000	0.7825	0.9097
10	14	0.9988	0.9065	0.0894
11	12	0.9499	0.8564	0.3528
11	14	0.9977	0.4878	0.4712
11	15	0.9500	0.5941	0.4936
12	13	0.8488	0.7676	0.3034
12	14	0.8996	0.3940	0.6026
12	15	0.7500	0.5476	0.3783
13	14	0.8995	0.7092	0.2428
14	15	0.9997	0.7993	0.5475
