0	1	0.9488	0.8096	0.4320
0	2	0.7503	0.6567	0.3460
0	4	0.8997	0.7907	0.5527
0	16	0.9990	0.5138	0.5119
0	18	0.8492	0.3327	0.6754
0	19	0.6119	0.3894	0.2177
0	20	0.8495	0.4272	0.5639
1	2	0.9998	0.7105	0.3713
1	3	0.9492	0.0131	0.9285
1	4	1.0000	0.5972	0.8854
1	5	0.6007	0.7606	0.1714
1	6	0.9498	0.2758	0.7517
1	17	0.8503	0.1286	0.7376
1	18	0.6502	0.2087	0.7221
2	3	0.9472	0.8719	0.3889
2	4	0.9993	0.7528	0.6771
2	5	0.9500	0.6581	0.4713
2	6	0.9990	0.9291	0.4259
2	7	0.5508	0.6365	0.2786
2	9	0.8493	0.6825	0.5067
2	11	0.7987	0.6540	0.5900
2	16	0.9983	0.4375	0.5037
2	19	0.6007	0.3914	0.4934
3	4	0.9966	0.9007	0.1600
3	6	0.8987	0.5938	0.6819
3	17	0.9487	0.4671	0.7372
3	18	0.5992	0.4148	0.3929
4	5	0.9993	0.9347	0.1789
4	6	1.0000	0.3084	0.7265
4	7	0.6513	0.6608	0.3659
4	16	0.9486	0.5507	0.2057
5	6	0.9997	0.7592	0.4099
5	7	0.9996	0.7019	0.6554
5	8	0.9491	0.8694	0.7981
5	9	0.9991	0.7108	0.5456
5	11	0.9993	0.6370	0.4730
5	16	0.8003	0.3965	0.2502
6	7	0.9993	0.5218	0.4972
6	8	0.6508	0.1205	0.8663
6	9	0.9992	0.3604	0.6839
6	13	0.5006	0.3531	0.4829
6	16	0.9992	0.5446	0.5799
6	17	0.7993	0.6865	0.5630
6	18	0.7006	0.7998	0.1456
7	8	0.9994	0.8682	0.8047
7	9	0.9496	0.6046	0.4866
8	9	0.9984	0.8987	0.4902
8	10	1.0000	0.4268	0.6399
8	11	0.9986	0.9018	0.2970
9	10	0.9984	0.9280	0.6005
9	11	0.9989	0.4975	0.5365
9	12	0.7485	0.8947	0.4729
9	13	0.8988	0.5894	0.3530
10	11	0.9999	0.6984	0.7069
10	12	0.9988	0.2375	0.4502
11	12	0.9465	0.9606	0.1562
11	13	0.9987	0.5669	0.5353
11	14	0.5502	0.4187	0.3545
11	15	0.7997	0.2316	0.3135
12	13	0.9973	0.5791	0.2716
13	14	0.9497	0.6179	0.4906
13	15	0.9988	0.4488	0.5587
14	15	0.7006	0.7547	0.5316
16	17	0.9998	0.9956	0.4753
16	18	0.9981	0.9470	0.4199
16	19	0.9972	0.4790	0.6133
16	20	0.9989	0.9130	0.3600
16	21	0.6994	0.4632	0.5588
16	22	0.5505	0.6615	0.3715
17	18	0.9979	0.6439	0.0806
17	20	0.6511	0.5259	0.1728
18	19	0.9998	0.8203	0.7483
18	20	0.8502	0.7058	0.3456
18	21	0.9997	0.8508	0.8355
18	22	0.5509	0.5260	0.4427
18	23	0.9993	0.8791	0.7011
18	26	0.8491	0.9054	0.7188
18	28	0.8496	0.6460	0.8315
18	35	0.5002	0.1007	0.5679
19	20	0.9995	0.7054	0.6373
19	21	0.9488	0.4367	0.5058
19	22	0.9497	0.8059	0.4068
19	23	0.9988	0.5370	0.3005
20	21	0.9999	0.6699	0.6562
20	22	0.5983	0.4621	0.4775
20	23	0.9997	0.7110	0.6107
20	24	0.5011	0.2408	0.4778
20	26	0.7995	0.5797	0.5932
20	28	0.6498	0.4441	0.5545
21	22	0.9997	0.7661	0.5858
21	23	0.9979	0.5303	0.2790
21	26	0.7497	0.3871	0.3114
22	23	0.8999	0.5738	0.5883
22	24	0.6010	0.1972	0.2836
22	26	0.6007	0.5163	0.3202
23	24	0.9994	0.9934	0.2729
23	25	0.5474	0.4205	0.5062
23	26	0.9985	0.3882	0.4218
23	27	0.5501	0.8038	0.5295
23	28	0.9490	0.6294	0.4620
24	25	0.9978	0.8891	0.4414
24	26	0.9001	0.4927	0.9772
24	27	0.5507	0.5309	0.3977
24	28	0.9998	0.3958	0.7304
25	26	0.9492	0.8157	0.4065
25	27	0.9496	0.4238	0.8617
25	28	0.9488	0.8628	0.0968
26	27	0.9995	0.8366	0.7322
26	28	0.9219	0.6361	0.4677
26	29	0.7514	0.6711	0.4030
26	32	0.8996	0.6334	0.4695
27	28	0.9998	0.6449	0.3572
27	29	0.7503	0.6665	0.6059
27	31	0.6015	0.6084	0.3299
27	32	0.9999	0.5726	0.6578
28	29	0.9997	0.8584	0.2497
28	30	0.9986	0.8877	0.5300
28	31	0.9501	0.6577	0.3683
28	32	0.9995	0.6888	0.5601
28	33	0.8490	0.7992	0.5896
28	36	0.5032	0.7057	0.4596
28	37	0.7004	0.5811	0.3110
29	30	0.9992	0.7111	0.7509
29	31	0.9995	0.6792	0.4700
29	32	0.8997	0.5079	0.5826
29	33	0.6501	0.1578	0.5703
29	36	0.6501	0.3782	0.7186
30	31	0.9994	0.6410	0.3650
30	32	0.8006	0.5538	0.3669
31	32	0.9957	0.4752	0.5026
31	33	0.6500	0.3980	0.7391
31	36	0.6504	0.5736	0.5260
31	37	0.8500	0.5287	0.4170
32	33	0.8991	0.9095	0.4756
32	34	0.7502	0.7804	0.7974
32	35	0.8501	0.6244	0.6533
32	36	0.9992	0.6224	0.5679
32	37	0.9993	0.5401	0.4771
33	34	0.9483	0.8874	0.4424
33	36	0.5502	0.4706	0.4754
34	35	0.8493	0.7497	0.2479
34	36	0.9000	0.8300	0.4965
34	37	0.8995	0.7010	0.6275
35	36	0.8993	0.6647	0.5181
35	37	0.9481	0.7010	0.3104
36	37	0.9996	0.5181	0.5199
