0	1	0.6006	0.4151	0.2334
0	2	0.7500	0.6504	0.7598
0	3	0.6217	0.5874	0.3485
1	2	0.9994	0.5588	0.5917
1	4	0.8001	0.4367	0.5963
1	12	0.5516	0.4532	0.4965
2	3	0.9991	0.6102	0.5620
2	4	0.9997	0.7589	0.5501
3	4	0.9495	0.5998	0.6028
3	5	0.6496	0.5838	0.5677
3	9	0.5003	0.5407	0.4436
4	5	0.9993	0.7277	0.4660
4	6	0.7003	0.5456	0.5356
4	7	0.7004	0.5536	0.5104
4	9	0.8997	0.6362	0.4371
5	6	0.7505	0.6462	0.4373
5	7	0.9988	0.5356	0.4768
5	9	0.6988	0.5307	0.5528
5	10	0.6496	0.6286	0.3086
6	7	0.9985	0.7081	0.3264
6	9	0.9482	0.5247	0.5636
6	10	0.8498	0.6272	0.4351
6	17	0.5998	0.4480	0.4667
7	8	0.6008	0.5217	0.4013
7	9	0.9995	0.4860	0.5182
7	10	0.9497	0.5592	0.5793
8	9	0.8994	0.6279	0.2297
8	10	0.8500	0.6641	0.4237
8	12	0.5965	0.3981	0.2443
9	10	0.9987	0.5672	0.5482
9	11	0.5506	0.3023	0.2517
9	12	0.7500	0.4417	0.3949
10	11	0.9481	0.9450	0.1716
10	12	0.7006	0.6839	0.4103
11	12	0.9992	0.7896	0.3127
11	16	0.6504	0.6591	0.5234
12	13	0.9495	0.6528	0.8296
12	14	0.9997	0.6739	0.5237
12	15	0.9998	0.4813	0.6461
12	16	0.7004	0.4719	0.4367
13	14	0.8997	0.6604	0.5995
13	15	0.6505	0.6570	0.5755
14	15	0.9992	0.7133	0.5399
14	16	0.9995	0.5633	0.4580
15	16	0.9994	0.6988	0.4895
16	17	0.9983	0.6454	0.1539
