0	1	0.9999	0.7222	0.5384
0	2	0.7504	0.6383	0.3927
0	3	0.5003	0.5376	0.3657
0	25	0.6005	0.4762	0.3623
1	2	1.0000	0.8832	0.3708
1	3	0.8506	0.6731	0.2085
1	8	0.5008	0.6674	0.4577
2	3	0.9999	0.6752	0.2572
3	4	0.6512	0.9321	0.1633
3	7	0.6002	0.4736	0.5664
3	8	0.9500	0.7911	0.4935
3	9	0.5033	0.6906	0.1971
3	11	0.8008	0.5819	0.7490
4	5	0.9992	0.7473	0.4192
4	6	0.9989	0.5021	0.4416
4	7	0.6998	0.6546	0.4843
4	8	0.5012	0.1641	0.8075
4	9	0.9986	0.5278	0.5627
4	10	0.9491	0.9014	0.3737
4	11	0.6508	0.5465	0.8969
4	12	0.9985	0.5254	0.5769
4	13	0.9989	0.5324	0.5207
5	6	0.9980	0.6656	0.1696
5	9	0.9991	0.4869	0.3813
5	23	0.7005	0.2277	0.6351
6	7	0.8494	0.9454	0.2319
6	8	0.5905	0.3389	0.7022
6	9	0.9990	0.5041	0.4912
6	12	0.8500	0.4973	0.3133
6	13	0.7994	0.5135	0.5584
7	8	0.9482	0.9007	0.3798
7	9	0.9997	0.4635	0.7712
7	10	0.6510	0.3416	0.3811
7	11	0.9497	0.5575	0.4164
8	9	0.9980	0.9612	0.0263
8	11	0.7503	0.5674	0.7126
8	12	0.7495	0.8060	0.1013
9	10	0.9981	0.9489	0.3317
9	11	0.9999	0.3159	0.9139
9	12	0.9985	0.5962	0.5600
9	13	0.9994	0.6313	0.6152
10	11	1.0000	0.7701	0.4922
10	12	0.9988	0.4807	0.4397
10	13	0.9498	0.3922	0.6760
10	14	0.5515	0.7513	0.3796
11	12	0.8998	0.9211	0.1654
11	13	0.8008	0.7068	0.4459
11	14	0.5499	0.7678	0.4737
12	13	0.9994	0.5734	0.5740
12	14	0.5003	0.3021	0.0480
14	15	0.9987	0.8561	0.6474
14	16	0.9998	0.6568	0.2910
14	17	0.9998	0.6419	0.5484
15	16	0.9990	0.7492	0.2091
16	17	0.9997	0.5139	0.4250
17	18	0.9495	0.9331	0.2287
17	20	0.7992	0.3514	0.7122
17	21	0.9477	0.4114	0.4670
17	22	0.6999	0.4696	0.5886
18	19	0.9986	0.4453	0.0637
18	20	0.6996	0.1540	0.4838
18	21	0.5010	0.1084	0.6874
19	20	0.5504	0.5881	0.3928
20	21	0.8999	0.8545	0.3762
20	22	0.9493	0.8769	0.6167
21	22	0.9983	0.4032	0.5262
21	23	0.6506	0.1612	0.1140
21	24	0.7497	0.2370	0.5479
22	23	0.8994	0.8624	0.2519
22	24	0.8500	0.7319	0.4833
23	24	0.9987	0.7495	0.2305
23	25	0.9986	0.8186	0.3238
24	25	0.9995	0.6037	0.2388
24	26	0.9989	0.6614	0.6303
25	26	0.9497	0.8910	0.5447
