0	1	0.9974	0.9806	0.2968
0	2	0.9998	0.7763	0.3929
0	3	0.9997	0.5013	0.4544
0	4	0.7992	0.9884	0.4280
0	5	0.8996	0.9044	0.6059
0	6	0.9494	0.7684	0.4972
0	7	0.9993	0.6121	0.3853
0	8	0.9496	0.7520	0.8016
0	9	0.9986	0.5531	0.2590
0	19	0.9489	0.6894	0.6467
0	20	0.9497	0.2955	0.7874
1	2	0.9976	0.3138	0.0516
1	3	0.9492	0.6451	0.9493
1	5	0.5994	0.4000	0.3699
2	3	1.0000	0.5499	0.3332
2	4	0.7502	0.1865	0.4331
2	5	0.8502	0.3319	0.8310
2	6	0.9996	0.5843	0.4390
2	7	0.9998	0.5326	0.7090
2	8	0.9986	0.4683	0.6975
2	9	0.5012	0.5394	0.1475
2	11	0.7001	0.2415	0.2852
2	16	1.0000	0.2560	0.9672
2	18	0.7500	0.1614	0.8918
2	19	0.9497	0.2284	0.6028
2	20	0.9995	0.3900	0.5079
3	4	0.9957	0.9956	0.6239
3	5	0.9486	0.7946	0.5973
3	6	0.9988	0.5886	0.5796
3	7	0.6974	0.5417	0.4707
3	8	0.8989	0.8056	0.8896
3	9	0.9978	0.6101	0.1338
3	20	0.6586	0.1380	0.6525
4	5	0.8984	0.6462	0.5590
4	6	0.9494	0.5476	0.4372
4	7	0.7496	0.4767	0.9693
5	6	0.9989	0.4879	0.3504
5	7	0.6499	0.6672	0.8305
5	8	0.6500	0.6236	0.5897
5	9	0.8992	0.4938	0.1490
5	20	0.7499	0.5439	0.5257
6	7	0.9993	0.6678	0.5649
6	8	0.7991	0.5231	0.4680
6	9	0.6508	0.5206	0.2384
7	8	0.9496	0.7294	0.9013
7	9	0.9979	0.9135	0.3081
8	9	0.9472	0.9739	0.0450
8	14	0.5005	0.6495	0.3747
8	20	0.8978	0.6009	0.3644
9	10	0.9518	0.6970	0.2650
9	11	0.8505	0.2923	0.6948
9	12	0.9988	0.6504	0.2012
9	13	0.7997	0.5027	0.2570
9	16	0.8499	0.7497	0.2837
10	11	0.9998	0.7037	0.4805
10	12	0.9999	0.4994	0.5172
10	13	0.9987	0.4948	0.4860
10	14	0.9498	0.5375	0.4734
10	15	0.8491	0.0296	0.7551
10	16	0.9998	0.5920	0.4443
10	18	0.9484	0.7338	0.5002
11	12	1.0000	0.5656	0.4662
11	13	0.9992	0.4665	0.3861
11	14	0.5013	0.5512	0.4663
11	16	0.9997	0.4950	0.4425
11	18	0.9497	0.2351	0.6928
12	13	0.9984	0.4791	0.4856
12	14	0.8495	0.3263	0.5783
12	15	0.9988	0.0050	0.6950
12	16	0.8484	0.4577	0.4661
13	14	0.9996	0.6187	0.5537
13	16	0.9986	0.4580	0.4858
13	18	0.6508	0.4794	0.4541
13	20	0.5990	0.3419	0.2662
14	15	0.9491	0.9719	0.1618
14	16	0.9998	0.5445	0.3959
14	17	0.7683	0.4418	0.6887
15	16	0.9977	0.7424	0.0146
15	17	0.5001	0.2793	0.5909
16	17	1.0000	0.6031	0.5637
16	18	0.9498	0.5530	0.4500
16	19	0.9498	0.5674	0.4226
17	18	0.9985	0.7752	0.1447
17	20	0.9996	0.6494	0.4592
18	19	0.9997	0.6313	0.3210
18	20	0.8503	0.3687	0.4253
19	20	0.9994	0.6633	0.3585
