0	1	0.9942	0.6937	0.4902
0	2	0.9996	0.5117	0.4991
0	3	0.9996	0.9310	0.5797
0	4	1.0000	0.7612	0.5438
0	5	0.9999	0.4058	0.7419
0	6	1.0000	0.6262	0.4201
0	8	0.9986	0.7718	0.4508
0	9	0.9984	0.6752	0.6176
0	14	0.9501	0.4965	0.9736
1	2	1.0000	0.7177	0.1879
1	3	1.0000	0.3719	0.8989
1	6	1.0000	0.4800	0.5507
1	9	0.9996	0.0848	0.9787
1	12	0.9989	0.0563	0.9834
1	14	0.9986	0.4952	0.2891
2	3	0.9972	0.7955	0.4497
2	4	0.9998	0.8376	0.4280
2	5	0.9986	0.4585	0.8646
2	6	0.9472	0.6358	0.1311
2	8	0.6464	0.9525	0.3220
3	4	0.9986	0.3669	0.2333
4	5	0.9991	0.6019	0.6281
5	6	0.9998	0.6095	0.1770
5	8	0.9998	0.3692	0.5317
6	8	0.9997	0.6450	0.3675
6	9	0.9995	0.5532	0.5005
6	11	0.9993	0.9960	0.4693
6	12	1.0000	0.4768	0.3843
6	14	0.9983	0.4151	0.7932
7	8	0.9989	0.9999	0.0020
7	11	0.9992	0.8634	0.0684
8	9	0.9997	0.5231	0.4094
8	11	1.0000	0.3619	0.7049
8	12	0.9976	0.7765	0.0359
9	11	0.9941	0.7824	0.5673
9	12	0.9998	0.5324	0.4041
9	14	0.9997	0.5346	0.7705
9	15	0.7510	0.0209	0.8603
9	16	0.9984	0.9300	0.0335
10	11	1.0000	0.9334	0.2734
10	12	0.9983	0.3110	0.9920
10	13	0.9501	0.0000	0.6135
10	16	0.9985	0.0881	0.7952
11	12	0.9993	0.7440	0.2631
11	16	0.9930	0.5646	0.0000
12	14	0.9984	0.5889	0.6033
12	15	0.9999	0.1226	0.8783
12	16	0.9984	0.8054	0.4935
14	15	0.9969	0.7955	0.7059
14	16	1.0000	0.4710	0.7359
