0	1	0.9989	0.4660	0.4535
0	3	0.7998	0.4666	0.4248
0	5	0.5515	0.5019	0.2643
0	7	0.8997	0.5332	0.3919
0	8	0.5502	0.4980	0.5398
0	9	0.5501	0.3833	0.6336
0	10	0.9494	0.5478	0.5316
1	2	0.9996	0.8290	0.6147
1	3	0.9495	0.7165	0.4962
1	4	0.5506	0.7292	0.5117
1	5	0.6005	0.5566	0.6314
1	7	0.9995	0.6842	0.4572
1	10	0.9499	0.4777	0.3949
2	10	0.6002	0.4590	0.3139
3	4	0.7001	0.4865	0.6493
3	5	0.9987	0.5622	0.5463
3	7	0.9484	0.5639	0.5523
4	5	0.9494	0.5213	0.6720
4	6	0.7006	0.4779	0.4599
4	7	0.8993	0.5327	0.5244
5	6	0.9983	0.5356	0.7789
5	7	0.9999	0.7541	0.5183
6	7	0.6504	0.7162	0.2897
7	8	0.5502	0.5452	0.5993
7	9	0.9481	0.7729	0.5336
7	10	0.7008	0.4895	0.4227
8	9	0.6498	0.8280	0.2624
8	10	0.5004	0.4203	0.2585
9	10	0.8491	0.6390	0.5523
9	11	0.6499	0.5016	0.6526
9	12	0.6002	0.3957	0.5858
10	11	0.7014	0.6688	0.4889
11	12	0.5010	0.5372	0.4285
11	18	0.6994	0.8518	0.6347
12	13	0.9487	0.5611	0.4495
12	14	0.8496	0.5186	0.3719
12	16	0.6001	0.4498	0.4662
12	18	0.9989	0.5148	0.5261
12	19	0.8448	0.5375	0.5482
12	20	0.6536	0.3810	0.5261
12	21	0.5836	0.4304	0.6225
12	22	0.5506	0.6138	0.7629
12	23	0.5504	0.3712	0.5634
13	14	0.9995	0.7545	0.3238
13	16	0.9491	0.6765	0.5545
13	17	0.7497	0.3955	0.8199
13	18	0.9994	0.7405	0.3141
13	20	0.9497	0.7886	0.5073
14	15	0.9974	0.9928	0.3505
14	16	0.9998	0.5710	0.5540
14	17	0.9987	0.6629	0.7061
14	18	0.9995	0.5313	0.4140
14	19	0.9990	0.7754	0.4245
14	20	0.9995	0.5738	0.5161
14	21	0.5493	0.6261	0.4762
14	22	0.6502	0.4804	0.5352
15	16	0.7991	0.4794	0.0619
15	18	0.8991	0.5273	0.4598
15	20	0.9492	0.5914	0.3957
16	17	0.9983	0.3427	0.7157
16	18	0.9998	0.6107	0.5180
16	19	0.7003	0.2598	0.4909
16	20	0.9493	0.4517	0.4532
17	18	0.9989	0.7145	0.5617
17	19	0.9998	0.6656	0.4442
17	20	0.9994	0.6005	0.3769
18	19	0.9996	0.7187	0.5157
18	20	0.9992	0.6026	0.5272
18	21	0.8001	0.6104	0.3630
18	22	0.8993	0.6092	0.5384
19	20	0.9996	0.5683	0.4809
19	21	0.5024	0.5847	0.5488
19	22	0.7492	0.2702	0.4550
19	23	0.5494	0.3178	0.1687
20	21	0.9483	0.7871	0.3757
20	22	0.7499	0.5290	0.5150
20	23	0.6009	0.6327	0.4914
21	22	0.6998	0.7816	0.5775
21	23	0.5505	0.6264	0.6944
22	23	0.6003	0.6402	0.4571
