0	1	0.6502	0.6128	0.2040
0	4	0.5008	0.3987	0.6006
0	6	0.8991	0.7380	0.1983
0	8	0.9491	0.7654	0.1075
1	2	0.9997	0.8300	0.5083
1	3	0.8499	0.5465	0.6660
1	5	0.9993	0.7936	0.4672
1	6	0.7980	0.3617	0.4695
1	7	0.6503	0.5057	0.3880
1	8	0.5501	0.3107	0.3678
2	3	0.9990	0.9051	0.4495
2	4	0.8498	0.5718	0.3878
2	6	0.9994	0.5090	0.6696
2	8	0.8992	0.6093	0.7338
2	16	0.6995	0.5056	0.2367
2	25	0.8501	0.6309	0.5565
3	4	0.9001	0.6498	0.4118
3	5	0.6502	0.4181	0.6124
3	25	0.7006	0.3544	0.7439
4	5	0.9996	0.6425	0.5438
4	6	0.6990	0.5423	0.4609
4	7	0.5004	0.7103	0.3697
4	8	0.5508	0.5490	0.3277
5	6	0.9999	0.7406	0.3645
5	7	0.9998	0.5052	0.5828
5	8	0.9992	0.5888	0.3175
5	10	0.9989	0.6341	0.4434
5	11	0.7508	0.4675	0.5788
6	7	1.0000	0.7055	0.4569
6	8	0.6458	0.5322	0.4164
6	9	0.7499	0.8253	0.4648
7	8	0.9998	0.5381	0.4639
7	9	0.8002	0.3268	0.5910
7	10	0.7498	0.3566	0.4284
8	9	0.9998	0.7519	0.5003
8	10	0.9993	0.5072	0.4778
8	11	0.5501	0.5495	0.5427
8	12	0.5499	0.8434	0.6073
8	16	0.7504	0.2487	0.6186
9	10	0.9491	0.6246	0.5061
9	11	0.5508	0.5776	0.4272
10	11	0.8990	0.5405	0.5178
10	12	0.7490	0.8092	0.4387
10	14	0.6990	0.4262	0.3982
10	16	0.6990	0.4464	0.4725
11	12	0.9994	0.7371	0.3830
11	16	0.6499	0.7006	0.3751
12	13	0.8498	0.6373	0.5267
12	14	0.9497	0.6010	0.5399
12	15	0.8000	0.4424	0.4859
12	16	0.6011	0.6153	0.5110
12	17	0.6502	0.6468	0.3148
13	14	0.7008	0.7902	0.4733
13	15	0.5012	0.2302	0.6169
13	16	0.5021	0.6557	0.3771
14	16	0.5512	0.3508	0.6282
14	17	0.6508	0.2174	0.4414
15	16	0.8504	0.5531	0.3916
16	17	0.9993	0.9111	0.0919
16	21	0.9995	0.9040	0.2110
17	18	0.9982	0.8782	0.5983
17	19	0.9501	0.6985	0.4150
17	20	0.9995	0.5127	0.5553
17	21	0.9496	0.5539	0.4854
18	19	0.9994	0.8803	0.5492
18	20	0.9502	0.8160	0.4254
18	21	1.0000	0.4563	0.8085
18	23	0.8004	0.5763	0.5298
19	20	0.9992	0.6250	0.3952
19	21	0.9994	0.5433	0.5148
19	22	0.5504	0.4277	0.6886
19	23	0.9000	0.5586	0.6821
20	21	0.9991	0.6283	0.1591
20	23	0.8501	0.2871	0.7855
21	22	0.9983	0.9812	0.3333
21	23	0.9497	0.7842	0.5839
21	24	0.9500	0.7249	0.3775
21	25	0.5008	0.7506	0.4275
22	23	0.9995	0.7460	0.1539
22	24	0.9497	0.5304	0.7436
23	24	0.9985	0.3571	0.2306
24	25	0.7504	0.7689	0.4280
25	26	0.9999	0.8923	0.3366
25	27	0.9499	0.6897	0.4689
26	27	0.9996	0.6479	0.6214
