0	1	0.9944	0.9794	0.6006
0	2	1.0000	0.8307	0.2588
0	3	0.9999	0.5363	0.4910
0	4	1.0000	0.9831	0.4759
0	5	0.9998	0.9324	0.3774
0	18	0.9495	0.6675	0.5074
0	19	0.9989	0.0294	0.3680
1	2	0.9968	0.8328	0.0085
1	3	0.9983	0.5334	0.9944
1	4	0.9990	0.8421	0.1987
1	5	0.9988	0.8520	0.9629
1	6	0.9970	0.9337	0.5063
1	9	0.9494	0.4611	0.1457
1	10	0.8994	0.3214	0.8442
1	11	0.8975	0.4586	0.3742
1	12	0.8007	0.2622	0.1102
1	13	0.9498	0.1133	0.9897
1	14	0.9482	0.7357	0.0847
1	16	0.7001	0.6913	0.4681
1	18	0.9996	0.9511	0.2832
2	3	1.0000	0.4785	0.5026
2	5	0.9999	0.2667	0.4685
2	6	0.9981	0.1870	0.1009
2	18	0.9996	0.3757	0.7243
2	19	1.0000	0.9278	0.2977
3	4	0.9995	0.9660	0.2723
3	5	0.9991	0.6672	0.3067
3	19	0.8011	0.0021	0.4895
4	5	1.0000	0.5763	0.6882
4	6	0.9978	0.6924	0.3613
4	9	0.7001	0.2655	0.2805
4	18	0.9994	0.9050	0.7301
5	6	0.9990	0.7686	0.1537
5	18	0.9993	0.6260	0.6876
5	19	0.9984	0.2955	0.2551
6	7	0.9924	0.9879	0.3686
6	8	0.6493	0.9035	0.6505
6	9	0.9978	0.9095	0.4231
6	10	0.9990	0.8421	0.7765
6	11	0.9987	0.9267	0.5802
6	12	1.0000	0.8075	0.3000
6	13	1.0000	0.8570	0.7721
6	14	1.0000	0.4372	0.5907
6	15	0.9990	0.7686	0.4393
6	16	0.9997	0.8550	0.6818
6	17	0.9999	0.8291	0.6604
6	18	0.9982	0.3262	0.3228
6	19	1.0000	0.2164	0.6728
7	8	0.8004	0.7361	0.2161
7	10	0.8986	0.6266	0.1371
7	11	0.9498	0.3236	0.5249
7	12	0.5002	0.7692	0.7359
7	13	0.9482	0.6270	0.1527
8	9	0.9984	0.4768	0.5619
8	10	0.9492	0.6405	0.4754
8	11	0.7505	0.3574	0.3171
8	12	0.9984	0.7770	0.2078
8	13	0.8488	0.4122	0.4841
9	10	0.9996	0.6521	0.2242
9	11	0.9500	0.5879	0.6650
9	12	0.9003	0.5713	0.6052
9	13	0.9997	0.7598	0.4269
10	11	0.9481	0.6707	0.5464
10	12	0.9990	0.6531	0.3369
10	13	0.9986	0.5072	0.5255
10	14	0.9983	0.9348	0.2021
11	12	0.9477	0.7705	0.1266
11	13	0.9498	0.5015	0.8397
11	14	0.8998	0.3841	0.1192
11	17	0.7498	0.3845	0.4996
12	13	0.9995	0.5692	0.3438
12	14	0.9990	0.2843	0.4456
12	15	0.9992	0.3057	0.5330
12	17	0.9987	0.4584	0.2439
12	18	0.5506	0.1969	0.0671
13	14	0.9995	0.9531	0.2143
13	15	0.9492	0.7806	0.7985
13	17	0.9990	0.8700	0.6966
14	15	0.9998	0.7246	0.7562
14	16	0.9002	0.5886	0.7268
14	17	0.9995	0.5552	0.6384
14	18	0.9970	0.4515	0.0840
15	16	0.9993	0.7500	0.5178
15	17	0.9989	0.6971	0.4407
15	18	0.5007	0.5162	0.1343
16	17	0.9990	0.8733	0.4624
17	18	0.9988	0.9537	0.0319
18	19	0.9990	0.9520	0.4105
