0	1	0.9998	0.8861	0.3835
0	2	0.9495	0.1339	0.7914
0	3	0.9983	0.4513	0.5021
0	4	0.8496	0.9540	0.6853
0	5	0.9491	0.8160	0.5381
0	6	0.9992	0.6463	0.6689
0	7	0.9994	0.5589	0.3805
0	9	0.9986	0.7843	0.5930
0	10	0.9998	0.6336	0.4722
1	2	0.8510	0.9126	0.1293
1	3	1.0000	0.5496	0.8017
1	4	0.6510	0.1705	0.3544
1	5	0.9488	0.5648	0.1919
1	7	0.9997	0.3502	0.7707
1	8	0.5994	0.2141	0.3089
1	10	0.8999	0.3360	0.9292
1	13	0.5512	0.4361	0.3391
2	3	0.9965	0.7170	0.0600
2	7	0.7992	0.5397	0.1133
3	4	0.9000	0.9731	0.6393
3	5	0.9479	0.9415	0.6507
3	6	0.9498	0.7383	0.6177
3	7	0.5500	0.5689	0.3685
3	10	0.5007	0.6993	0.4909
4	5	0.9492	0.6339	0.2470
4	8	0.7008	0.6748	0.5235
5	6	0.9474	0.7261	0.2837
5	8	0.5008	0.5774	0.4406
6	7	0.9501	0.6633	0.3413
6	8	0.7487	0.1596	0.6594
6	9	0.5507	0.4683	0.4505
6	10	0.9983	0.7100	0.3282
6	11	0.8002	0.4305	0.5630
6	13	0.6009	0.4358	0.4462
7	8	0.8996	0.9257	0.4801
7	9	0.9986	0.7453	0.6296
7	10	0.9982	0.6073	0.5894
7	11	0.9978	0.9272	0.4888
7	12	0.9982	0.5071	0.5921
7	13	0.9985	0.8420	0.4101
7	16	0.9003	0.5621	0.4695
8	9	0.9974	0.9624	0.1623
8	10	0.9492	0.4231	0.9244
8	16	0.7501	0.6236	0.2893
9	10	0.9992	0.6331	0.2635
9	11	0.9999	0.4116	0.6635
9	12	0.7993	0.6411	0.3484
10	11	0.9993	0.7901	0.4481
10	12	0.9995	0.6155	0.5012
10	13	0.9990	0.9187	0.5196
10	16	0.6985	0.6237	0.2606
11	12	0.9994	0.6435	0.4024
11	13	0.6005	0.5657	0.5020
12	13	0.8988	0.9201	0.4912
12	16	0.7000	0.7859	0.3689
13	14	0.7991	0.5550	0.6982
13	15	0.6004	0.4727	0.5740
14	15	0.9489	0.6313	0.4885
14	16	0.9970	0.7527	0.3393
15	16	0.7989	0.5647	0.2007
16	17	0.9971	0.7021	0.6808
16	18	0.9483	0.6450	0.5087
17	18	0.7996	0.5310	0.4803
