0	1	0.5509	0.4535	0.5692
0	2	0.9000	0.6605	0.4448
0	3	0.9999	0.6576	0.4704
0	23	0.7001	0.4742	0.4119
0	24	0.9994	0.5763	0.3103
0	25	0.9996	0.6385	0.5119
1	2	0.8993	0.6936	0.3422
1	3	0.9999	0.7718	0.3377
1	4	0.9001	0.7153	0.4651
1	5	0.8490	0.9189	0.4537
1	23	0.6006	0.5013	0.4341
1	24	0.7503	0.2932	0.3068
1	25	0.9489	0.5456	0.5625
1	26	0.5512	0.2844	0.5723
2	3	0.9498	0.6541	0.3399
2	4	0.8996	0.7569	0.6311
2	5	0.9995	0.5510	0.6429
2	6	0.9991	0.7122	0.4664
2	7	0.9991	0.7180	0.2266
2	24	0.7007	0.4797	0.6243
2	25	0.9494	0.6288	0.6340
2	26	0.5006	0.7095	0.5953
3	4	0.9998	0.5749	0.4841
3	5	0.9988	0.6982	0.4488
3	6	0.7504	0.5594	0.3715
3	7	0.9989	0.5292	0.3241
3	8	0.9984	0.5092	0.2508
3	24	0.7496	0.3243	0.4910
3	25	0.9992	0.4874	0.6537
4	5	0.9498	0.7836	0.2536
4	7	0.9992	0.5343	0.4601
4	8	0.8497	0.5497	0.3742
5	6	0.9491	0.8222	0.2314
5	7	0.8999	0.7128	0.3582
5	8	0.5506	0.4137	0.4962
6	7	0.9998	0.6161	0.4614
6	8	0.9994	0.6593	0.6722
6	9	0.6004	0.5287	0.5884
6	10	0.9998	0.5453	0.5514
6	11	0.6008	0.6302	0.4958
7	8	0.9994	0.3912	0.5094
7	9	0.9984	0.4586	0.3667
7	10	0.9995	0.3278	0.5247
7	11	0.9492	0.4849	0.5496
7	12	0.8998	0.5356	0.4084
7	13	0.5014	0.5706	0.4400
8	9	0.9982	0.6506	0.2246
8	10	0.9998	0.5985	0.3993
8	11	0.9994	0.8193	0.5269
8	12	0.9998	0.7416	0.4755
8	13	0.5504	0.7763	0.4744
9	10	0.9990	0.5998	0.2944
9	11	0.9990	0.6050	0.4240
9	12	0.9996	0.5901	0.5557
9	13	0.9981	0.8612	0.5979
10	11	1.0000	0.6525	0.5002
10	12	0.9998	0.5961	0.5716
10	13	0.9000	0.6226	0.4471
10	15	0.6002	0.4009	0.5040
10	16	0.6018	0.4940	0.2520
11	12	0.9995	0.4972	0.5421
11	13	0.9998	0.6174	0.4026
11	14	0.9489	0.6401	0.5634
11	15	0.8000	0.4393	0.4200
11	16	0.9493	0.3641	0.3254
12	13	1.0000	0.7575	0.4212
12	14	0.9987	0.9324	0.4448
12	15	0.9001	0.5657	0.3421
12	16	0.7498	0.5228	0.4474
13	14	0.9999	0.5162	0.5493
13	15	0.9993	0.5278	0.4960
13	16	0.8995	0.5008	0.3306
14	15	0.9991	0.6213	0.3713
14	16	0.9990	0.5737	0.2098
14	17	0.8494	0.4868	0.5002
15	16	0.9990	0.8125	0.5574
15	17	0.9493	0.7052	0.5432
15	18	0.9497	0.6177	0.4875
15	19	0.9500	0.7388	0.6105
15	20	0.7001	0.8125	0.4829
15	23	0.7504	0.7789	0.4425
16	17	0.6964	0.4344	0.4665
16	18	0.9994	0.5779	0.5747
16	19	1.0000	0.5965	0.4638
16	20	0.9998	0.5610	0.4149
16	21	0.8490	0.6246	0.4261
16	22	0.7003	0.5457	0.1936
16	23	0.8997	0.7215	0.3420
17	18	0.9497	0.5594	0.4949
17	19	0.9997	0.6590	0.5268
17	20	0.9997	0.6376	0.4491
17	21	0.8991	0.6851	0.4346
18	19	0.9994	0.5508	0.4425
18	20	0.7999	0.3865	0.3889
18	22	0.6508	0.4471	0.3072
18	23	1.0000	0.6970	0.3198
19	20	0.9998	0.4899	0.3831
19	21	0.9988	0.5790	0.5342
19	22	0.9985	0.2943	0.3545
19	23	0.9993	0.4809	0.3725
19	24	0.9990	0.3944	0.5740
19	25	0.6999	0.4395	0.6267
20	21	0.9984	0.4574	0.3301
20	22	0.9139	0.1198	0.1111
20	23	0.9991	0.2659	0.2803
21	23	0.8498	0.5977	0.2981
21	24	0.6510	0.4683	0.4336
22	23	0.9996	0.6081	0.3237
22	24	0.9998	0.5455	0.5546
22	25	0.6502	0.6537	0.6416
23	24	0.9994	0.5083	0.4515
23	25	1.0000	0.6025	0.4729
23	26	0.6003	0.4927	0.5336
24	25	0.9994	0.4303	0.3882
24	26	0.7498	0.5663	0.6870
25	26	0.9996	0.8448	0.5869
