0	1	0.9990	0.8422	0.4348
0	2	0.9971	0.6719	0.3965
0	3	0.9980	0.3902	0.4338
0	4	0.9999	0.7655	0.3902
0	5	0.9995	0.5589	0.5215
0	6	0.6494	0.9282	0.3023
0	13	0.9494	0.1688	0.2553
1	2	0.9992	0.9957	0.2299
1	3	0.9997	0.4723	0.4710
1	4	0.5444	0.5657	0.3448
1	5	0.9474	0.8190	0.9095
1	13	0.9977	0.7207	0.0634
2	3	0.9975	0.8622	0.0086
2	4	0.7999	0.5305	0.5647
2	5	0.9982	0.8598	0.7193
2	7	0.9999	0.4401	0.9472
2	9	0.8005	0.3057	0.9761
2	10	0.5996	0.5118	0.8046
2	11	0.9994	0.4352	0.5882
2	12	0.9998	0.4045	0.5275
2	13	0.9998	0.7424	0.1490
2	14	0.7494	0.7106	0.6765
3	4	0.9993	0.7269	0.5197
3	5	0.8998	0.2002	0.4099
3	13	0.9005	0.0075	0.4641
4	5	1.0000	0.6099	0.4685
4	6	0.9999	0.3215	0.8286
4	7	0.6019	0.4940	0.1283
5	6	0.9477	0.8711	0.4846
5	7	0.9999	0.6923	0.3970
5	9	0.9498	0.9511	0.4341
5	12	0.5537	0.8018	0.0983
5	13	0.9989	0.2068	0.5051
6	7	0.9975	0.4941	0.2752
6	8	0.6516	0.2870	0.6755
6	9	0.9959	0.4163	0.0176
7	8	0.9981	0.9043	0.0409
7	9	0.8663	0.5273	0.4654
7	10	0.7512	0.9642	0.5037
7	11	0.9497	0.9919	0.4769
7	13	0.9997	0.3588	0.3611
7	14	0.9498	0.0708	0.4915
8	9	0.9974	0.2631	0.2063
9	10	0.9990	0.9531	0.4225
9	11	0.9996	0.9689	0.4377
9	12	1.0000	0.9722	0.4030
9	13	0.9994	0.6140	0.2757
9	14	0.9972	0.1369	0.7237
9	15	0.5500	0.9389	0.2723
9	17	0.7503	0.9657	0.3805
9	33	0.5006	0.9714	0.1928
10	11	0.9996	0.5585	0.3900
10	12	0.9996	0.4421	0.3660
10	13	0.9972	0.6752	0.0970
10	14	0.9493	0.6596	0.7793
11	12	0.9996	0.4923	0.4316
11	14	0.5505	0.6129	0.6415
12	13	0.9983	0.5204	0.1851
12	14	0.7505	0.7757	0.8619
13	14	0.9984	0.6057	0.2643
14	15	0.7991	0.9240	0.4576
14	16	0.6513	0.5633	0.4099
14	17	0.6015	0.8886	0.1957
14	18	0.7992	0.8325	0.2653
15	16	0.8988	0.6682	0.3778
17	18	0.9479	0.2214	0.5031
18	19	0.9997	0.6880	0.3673
18	20	0.9999	0.9184	0.4189
18	22	0.9995	0.8480	0.6139
18	23	0.9499	0.8738	0.6217
18	29	0.7024	0.7503	0.7377
18	32	0.7510	0.7042	0.7351
18	33	0.9971	0.6027	0.0383
18	34	0.5502	0.6298	0.0988
19	20	0.9987	0.4694	0.3207
19	21	0.9998	0.3244	0.7762
19	22	0.9995	0.5119	0.5460
19	23	1.0000	0.5198	0.8332
19	26	0.9985	0.3309	0.3632
19	28	0.5006	0.3122	0.7354
19	29	0.8487	0.4532	0.5386
19	32	0.5507	0.2159	0.8415
19	34	0.5488	0.1364	0.2013
20	21	0.9998	0.7574	0.8961
20	22	1.0000	0.6189	0.9740
20	23	0.9998	0.7297	0.8635
20	24	0.9999	0.9075	0.5874
20	25	0.9987	0.7055	0.9426
20	26	0.9987	0.7833	0.7928
20	28	0.6495	0.3510	0.7364
21	22	0.9999	0.9174	0.6254
21	23	0.9999	0.6424	0.6950
21	24	0.9955	0.3899	0.7086
21	25	0.9999	0.8652	0.5995
21	26	0.9993	0.6502	0.6136
22	23	1.0000	0.7840	0.7085
22	24	1.0000	0.6195	0.7664
22	25	0.7003	0.5571	0.5474
22	26	1.0000	0.8351	0.4509
23	24	0.9969	0.6108	0.5458
23	25	0.9995	0.6746	0.6509
23	26	0.9998	0.6849	0.6152
24	25	1.0000	0.8205	0.4662
24	26	0.9996	0.5672	0.5905
25	26	1.0000	0.6178	0.5071
26	27	0.9989	0.7830	0.5182
27	28	0.9997	0.8242	0.5061
27	29	0.9995	0.9827	0.7068
27	30	1.0000	0.9700	0.5930
27	31	0.9986	0.9589	0.3845
27	34	0.9988	0.9931	0.2723
28	29	0.9999	0.8114	0.4927
28	30	0.9997	0.8074	0.6052
28	31	0.9999	0.8413	0.5608
29	30	0.9999	0.7813	0.9488
29	31	0.9991	0.5825	0.5713
29	32	0.8001	0.6722	0.6260
29	33	0.9491	0.8385	0.3944
29	34	0.9998	0.5101	0.5984
30	31	0.9990	0.9067	0.5539
30	32	0.9988	0.9104	0.6176
30	33	0.9995	1.0000	0.1029
30	34	0.9991	0.9719	0.6384
31	32	0.9994	0.7961	0.4967
31	33	1.0000	0.5318	0.8959
31	34	0.9999	0.5294	0.5883
32	33	0.9989	0.9529	0.1532
32	34	1.0000	0.6657	0.5329
33	34	0.9993	0.4006	0.4886
