0	1	0.9988	0.9746	0.0383
0	2	1.0000	0.9885	0.2683
0	3	1.0000	0.9513	0.8561
0	4	0.9990	0.9963	0.0278
0	24	0.9997	0.0003	0.9986
0	26	0.9981	0.3264	0.3199
0	27	0.9998	0.4481	0.6104
1	2	0.9987	0.5775	0.4989
1	3	0.9997	0.5845	0.6217
1	5	1.0000	0.4966	0.3936
1	6	0.9999	0.5299	0.4143
1	9	0.9965	0.7293	0.7345
1	17	0.8995	0.3925	0.6827
1	21	0.9989	0.3892	0.3498
1	25	0.9996	0.6123	0.5441
1	26	0.9991	0.5023	0.4466
1	27	0.9988	0.4632	0.2828
2	3	0.9997	0.4265	0.4793
2	4	0.9997	0.0248	0.3737
2	5	0.9991	0.4292	0.4270
2	6	0.9974	0.5112	0.3923
2	25	0.9983	0.5526	0.5530
2	26	0.9977	0.3890	0.3860
2	27	0.9985	0.4519	0.1528
3	4	1.0000	0.3848	0.5103
3	5	0.9979	0.1957	0.3089
3	6	0.9983	0.1584	0.3881
3	7	0.9996	0.1090	0.7318
3	27	0.9988	0.7181	0.1779
4	5	0.7496	0.6708	0.0572
4	6	0.9998	0.9911	0.1629
4	7	0.9993	0.9587	0.7475
4	8	0.9991	0.9855	0.0008
5	6	0.9997	0.5669	0.4425
5	7	1.0000	0.5867	0.5112
5	9	0.9987	0.6046	0.5837
5	10	0.6481	0.6318	0.4283
5	13	0.9992	0.2380	0.6207
5	25	0.9000	0.0040	0.5914
6	7	1.0000	0.3825	0.5017
6	8	0.9996	0.1572	0.5504
6	9	0.9997	0.4876	0.5473
6	10	0.9996	0.4783	0.4188
7	8	1.0000	0.4249	0.4648
7	9	0.9997	0.2458	0.3929
7	10	1.0000	0.0734	0.2360
7	11	0.9992	0.0742	0.9149
8	9	0.9994	0.9682	0.1300
8	10	0.9998	0.9687	0.1186
8	11	0.9999	0.8790	0.8885
8	12	0.9974	0.9799	0.0003
9	10	0.9977	0.5681	0.5495
9	11	0.9990	0.2199	0.6279
9	13	0.9999	0.5528	0.5600
9	14	0.9990	0.5295	0.6276
9	17	0.9483	0.5477	0.5989
9	25	0.8500	0.8062	0.5653
10	11	0.9998	0.3729	0.4381
10	12	0.9995	0.0840	0.7641
10	13	1.0000	0.6088	0.5247
10	14	0.9996	0.5269	0.4149
11	12	1.0000	0.4905	0.5456
11	13	1.0000	0.1163	0.4228
11	14	0.9954	0.1300	0.3412
11	15	0.9966	0.0318	0.8063
12	13	0.9972	0.9817	0.0370
12	14	0.9996	0.9998	0.0477
12	15	0.9967	0.9843	0.7544
12	16	0.9483	0.9240	0.0030
13	14	0.9983	0.5016	0.5343
13	15	0.9986	0.3811	0.6331
13	17	0.9988	0.4940	0.5353
13	18	1.0000	0.5627	0.4644
13	21	0.7990	0.4195	0.4641
14	15	0.9999	0.3266	0.5021
14	16	0.9501	0.0384	0.4540
14	17	0.9990	0.5668	0.5072
14	18	0.9999	0.5464	0.4238
15	16	1.0000	0.4920	0.7619
15	17	1.0000	0.1087	0.4002
15	18	0.9980	0.1275	0.3782
15	19	0.9956	0.0021	0.7491
16	17	0.9988	0.9652	0.1692
16	18	0.9991	0.9988	0.1442
16	19	0.9992	0.9973	0.8931
16	20	0.9994	0.9879	0.0000
17	18	0.9995	0.5026	0.4852
17	19	0.9991	0.3155	0.4509
17	21	0.9996	0.5667	0.4595
17	22	0.9489	0.5490	0.4076
17	25	0.9492	0.9219	0.5563
18	19	1.0000	0.3984	0.4913
18	20	0.9986	0.1141	0.6985
18	21	0.9994	0.5444	0.4727
18	22	0.9994	0.5322	0.3702
18	23	0.8997	0.3619	0.7312
19	20	1.0000	0.4504	0.6124
19	21	0.9998	0.1270	0.4342
19	22	0.9999	0.0533	0.3505
19	23	0.9971	0.0127	0.7239
19	24	0.7031	0.0040	0.0463
20	21	0.9994	1.0000	0.5992
20	22	0.9996	0.9993	0.2813
20	23	0.9989	0.9855	0.8595
20	24	0.9963	1.0000	0.0766
21	22	0.9973	0.4974	0.4893
21	23	0.9994	0.4376	0.3935
21	25	0.9999	0.6294	0.5095
21	26	0.9998	0.5573	0.3146
22	23	0.9999	0.4413	0.4393
22	24	0.9991	0.2830	0.6294
22	25	0.9999	0.6230	0.4517
22	26	0.9995	0.5118	0.2790
23	24	1.0000	0.4070	0.4932
23	25	0.9999	0.0262	0.2515
23	26	0.9984	0.0813	0.4067
23	27	0.9978	0.0047	0.7856
24	25	0.9498	0.9873	0.0669
24	26	0.9998	0.9951	0.2845
24	27	0.9993	0.9918	0.8451
25	26	1.0000	0.5314	0.5523
25	27	0.9995	0.4796	0.3695
26	27	0.9999	0.3729	0.5282
