0	1	0.9995	0.6088	0.3419
0	2	0.9499	0.6053	0.7541
0	3	0.9000	0.6828	0.6502
0	4	0.6499	0.4417	0.4644
0	15	0.5007	0.6732	0.6964
1	2	0.9987	0.4936	0.6629
1	3	0.9988	0.5012	0.6450
1	4	0.8982	0.4047	0.5789
1	5	0.6506	0.5016	0.5484
2	3	0.9993	0.6851	0.6493
2	4	0.9998	0.7441	0.6230
2	5	0.8501	0.7546	0.4213
2	6	0.9002	0.5750	0.5074
2	7	0.5506	0.1687	0.6621
2	8	0.5006	0.4367	0.4905
3	4	0.9995	0.7446	0.6191
3	5	0.9995	0.5463	0.5584
3	6	0.8011	0.4860	0.4251
3	7	0.7996	0.5241	0.6630
3	8	0.6007	0.5664	0.4450
3	9	0.9481	0.8142	0.9389
5	8	0.6007	0.6619	0.3908
6	7	0.8501	0.7749	0.5240
6	8	0.6505	0.7000	0.4173
7	8	0.9500	0.5685	0.5862
7	10	0.5135	0.5817	0.2122
8	9	0.8992	0.8457	0.5122
8	10	0.6007	0.5902	0.3979
10	11	0.9991	0.6475	0.5678
10	14	0.9966	0.3646	0.5224
10	15	0.9498	0.5649	0.4824
10	18	0.7008	0.5074	0.4151
11	13	0.8996	0.7911	0.4634
11	14	0.9992	0.8713	0.7669
11	15	0.8497	0.4684	0.5218
11	17	0.8997	0.6195	0.4012
11	18	0.8500	0.5948	0.6140
11	19	0.6008	0.5541	0.4645
12	13	0.9497	0.8013	0.4141
13	14	0.9476	0.8800	0.4558
13	15	0.6014	0.5855	0.4375
13	16	0.5004	0.3902	0.6279
13	18	0.7005	0.4255	0.3560
13	19	0.7003	0.4948	0.6547
14	15	0.6986	0.7506	0.3459
14	18	0.6003	0.5308	0.7528
15	16	0.7998	0.4560	0.3108
15	17	0.9997	0.4723	0.3853
15	18	0.7502	0.4441	0.5398
15	19	0.6502	0.4996	0.5003
16	17	0.8500	0.6138	0.5092
16	18	0.5509	0.3735	0.5524
17	18	0.9492	0.4725	0.5233
17	19	0.7502	0.4404	0.4861
18	19	0.6497	0.4405	0.4497
19	20	0.6012	0.8315	0.1882
20	25	0.5506	0.5658	0.4355
20	27	0.5511	0.4713	0.5277
21	22	0.7385	0.5880	0.3145
21	24	0.6008	0.5524	0.6186
21	25	0.9002	0.4655	0.4793
21	26	0.6502	0.4096	0.5722
21	27	0.8003	0.6358	0.4230
22	23	0.5004	0.5701	0.4844
22	24	0.8499	0.5065	0.5574
22	25	0.6503	0.4525	0.5252
22	26	0.5503	0.5950	0.5948
22	27	0.6999	0.4023	0.6747
23	24	0.6006	0.4954	0.4623
24	25	0.9002	0.5633	0.4562
24	26	0.9998	0.5737	0.5575
24	27	0.8497	0.5663	0.6778
25	26	0.8999	0.5306	0.5258
25	27	0.8996	0.5120	0.5898
26	27	0.8501	0.6750	0.4267
26	28	0.5710	0.4125	0.2363
26	29	0.7005	0.4536	0.5097
26	35	0.7497	0.4228	0.4467
26	36	0.8001	0.6701	0.4153
27	28	0.9476	0.9451	0.3487
27	29	0.9999	0.5749	0.3495
27	30	0.5008	0.6539	0.4560
27	31	0.7494	0.8251	0.3648
27	32	0.9205	0.4154	0.4641
27	34	0.6006	0.5507	0.4146
27	35	0.9499	0.5498	0.5540
27	36	0.8000	0.7499	0.6359
28	29	0.9497	0.5040	0.5745
28	30	0.9996	0.5992	0.8435
28	31	0.8000	0.4730	0.6044
28	32	0.9499	0.4340	0.5222
28	35	0.6001	0.4087	0.3457
28	36	0.9487	0.7585	0.8019
29	30	0.9991	0.4890	0.5505
29	31	0.8496	0.5100	0.2799
29	32	0.9492	0.4770	0.5113
29	33	0.8002	0.3365	0.4842
29	34	0.8003	0.4945	0.5082
29	35	0.7502	0.5589	0.4397
29	36	0.9495	0.5666	0.5775
30	31	0.8991	0.7500	0.4246
30	32	0.9496	0.5669	0.6239
30	35	0.9493	0.5226	0.6347
30	36	0.8006	0.6809	0.6580
31	32	0.9996	0.4778	0.3776
31	35	0.6505	0.6019	0.4646
31	36	0.6002	0.4876	0.6248
32	33	0.5007	0.5485	0.4718
32	34	0.8013	0.5859	0.4638
32	35	0.9357	0.3766	0.4921
32	36	0.9989	0.7123	0.6607
33	35	0.7499	0.5556	0.5542
33	36	0.7001	0.4240	0.7161
34	35	0.8997	0.4780	0.5457
34	36	0.9996	0.4668	0.5601
35	36	0.9977	0.8868	0.3874
