0	1	0.9000	0.6437	0.5135
0	2	0.9974	0.7518	0.1637
0	3	0.9980	0.7853	0.7086
0	6	0.8489	0.6685	0.9138
0	7	0.6502	0.8107	0.5913
0	8	0.5004	0.7182	0.7011
1	3	0.9985	0.7921	0.7969
1	4	0.9500	0.6547	0.6357
1	6	0.9487	0.2027	0.7013
1	7	0.8493	0.4960	0.4728
1	8	0.6009	0.3454	0.5257
2	3	0.9987	0.3974	0.5359
2	4	0.9979	0.3326	0.5455
2	8	0.8995	0.0877	0.7206
3	4	0.9992	0.4788	0.4916
3	6	0.9496	0.9448	0.4944
3	7	0.8000	0.9271	0.3921
3	8	0.9982	0.7751	0.7296
4	5	0.9998	0.9761	0.4315
4	6	0.9968	0.2657	0.3875
4	7	0.9999	0.4732	0.2958
4	8	1.0000	0.7079	0.5419
5	6	1.0000	0.7821	0.2134
5	7	0.9999	0.7259	0.1295
5	8	0.9996	0.5172	0.1770
5	9	1.0000	0.9992	0.9871
6	7	0.8961	0.5170	0.4432
6	8	0.9994	0.5341	0.5647
7	8	0.9994	0.4434	0.4727
8	12	0.9999	0.9986	0.3808
9	10	0.9979	0.9589	0.2665
9	11	0.9009	0.5852	0.8256
9	12	0.9969	0.5290	0.0750
9	15	0.9997	0.5572	0.5135
9	17	0.9993	0.1368	0.2404
9	19	0.9987	0.6907	0.5983
9	20	1.0000	0.1668	0.9057
10	11	0.6998	0.1674	0.5872
10	12	0.9983	0.2516	0.4796
10	13	0.8504	0.1249	0.9518
10	15	0.9996	0.0096	0.6032
11	12	0.9998	0.9185	0.1253
11	13	0.9990	0.0143	0.9948
11	15	0.9986	0.0167	0.9604
12	15	0.9998	0.0039	0.5394
13	14	0.9991	0.0779	0.9702
13	15	0.9988	0.9738	0.6405
13	16	0.9990	0.3783	0.3798
14	15	0.9985	0.3381	0.2321
14	16	0.9982	0.5579	0.8024
14	18	0.9981	0.3084	0.0028
15	16	1.0000	0.4591	0.8291
15	17	1.0000	0.5339	0.7906
15	18	1.0000	0.0910	0.0556
15	19	0.9996	0.3249	0.4002
15	20	0.9999	0.8638	0.3503
17	18	0.9984	0.9604	1.0000
17	19	1.0000	0.7248	0.8874
17	20	0.9972	0.3007	0.1060
19	20	1.0000	0.9295	0.9446
21	22	0.9997	0.7442	0.4459
21	23	0.9998	0.8224	0.4839
22	23	0.9500	0.8825	0.6552
