0	2	0.8002	0.6894	0.9805
0	3	0.8991	0.4290	0.5278
0	4	0.9984	0.4550	0.4891
0	8	0.6007	0.6759	0.1129
0	10	0.9983	0.4100	0.5635
0	11	0.8502	0.5266	0.3708
1	2	0.9482	0.8237	0.3573
1	8	0.8500	0.6617	0.8064
1	10	0.6999	0.3342	0.0375
1	11	0.9991	0.4927	0.6377
1	19	0.5939	0.5362	0.5634
2	3	0.8498	0.9363	0.2850
2	4	0.9985	0.9721	0.4965
2	7	0.9980	0.7158	0.6649
2	8	1.0000	0.6441	0.6136
2	10	0.9998	0.9084	0.3659
2	11	0.9973	0.9433	0.4125
3	4	0.9982	0.9201	0.0981
3	5	0.6000	0.4680	0.5714
3	8	0.7934	0.1463	0.1193
3	10	0.9983	0.6709	0.6056
3	11	0.7004	0.5823	0.5657
4	5	0.9998	0.5240	0.5216
4	7	0.9996	0.3347	0.9600
4	8	0.9986	0.4115	0.1048
4	9	0.9983	0.8995	0.9413
4	10	1.0000	0.5258	0.4899
4	11	0.9991	0.6061	0.2195
5	6	0.9989	0.8327	0.4883
5	7	0.9981	0.7782	0.4924
5	8	0.9994	0.6485	0.3380
5	9	0.5985	0.3448	0.8273
5	10	0.9988	0.4554	0.4221
6	7	0.9989	0.4814	0.7274
7	8	0.9998	0.3846	0.4888
7	10	0.9986	0.4615	0.2023
8	9	0.9978	0.9965	0.9332
8	10	1.0000	0.6023	0.3363
8	11	0.9998	0.9010	0.5467
9	10	0.9965	0.9308	0.0682
9	11	0.9999	0.7366	0.8529
9	13	0.8504	0.1538	0.9475
9	18	0.7490	0.2701	0.4186
9	19	0.6505	0.1718	0.3980
10	11	0.9987	0.3214	0.2929
10	19	0.5059	0.1722	0.2250
11	12	0.8994	0.8663	0.4313
11	13	1.0000	0.8502	0.6966
11	16	0.7647	0.8180	0.2780
11	18	0.9990	0.8636	0.6996
11	19	0.9991	0.9097	0.6776
12	13	0.9999	0.5330	0.5649
12	14	0.9988	0.6342	0.5545
12	15	0.9998	0.6014	0.5354
12	16	0.9985	0.5234	0.5113
12	18	0.9993	0.5445	0.4821
12	19	0.9988	0.5036	0.6293
13	14	0.9988	0.6359	0.6422
13	15	0.9994	0.3991	0.4374
13	16	0.9999	0.5061	0.4763
13	18	0.9999	0.4572	0.5026
13	19	0.9995	0.6226	0.5553
14	15	0.9992	0.5794	0.3613
14	16	0.9988	0.5369	0.6088
14	18	0.9997	0.6230	0.3146
14	19	0.9506	0.5432	0.6764
15	16	0.9986	0.5860	0.6907
15	17	0.6006	0.1959	0.1792
15	18	0.9996	0.5494	0.3495
15	19	0.5509	0.2763	0.5981
16	17	0.9982	0.9987	0.6594
16	18	1.0000	0.5954	0.4658
17	18	0.9556	0.8649	0.1612
18	19	0.9989	0.4809	0.5068
