0	9	0.8008	0.5960	0.6275
0	18	0.7000	0.7917	0.9916
1	5	0.9998	0.9961	0.1923
1	7	0.5510	0.3629	0.5427
2	3	0.9996	0.4444	0.4360
2	4	0.8501	0.7064	0.4761
2	5	0.9977	0.2112	0.2278
2	6	0.9993	0.5168	0.5330
2	7	0.9981	0.9855	0.7623
2	10	0.9987	0.7233	0.6499
3	4	0.9997	0.7303	0.1275
3	5	0.9994	0.6067	0.5542
3	6	0.9999	0.5528	0.3509
3	7	0.9999	0.3650	0.7655
3	9	0.5538	0.0773	0.8600
3	10	0.9999	0.3797	0.5911
4	5	1.0000	0.7732	0.2998
4	6	0.9999	0.4637	0.4881
4	7	0.9980	0.9557	0.7675
4	10	0.9999	0.4607	0.5025
4	11	0.9999	0.5893	0.4847
4	19	0.9999	0.1538	0.7634
5	6	0.9990	0.4776	0.1643
5	7	0.8506	0.0576	0.8736
5	11	0.9999	0.3162	0.7945
5	18	0.9990	0.0837	0.5230
5	19	0.9999	0.7245	0.4155
6	7	0.9970	0.9851	0.7340
6	10	0.9981	0.6891	0.6579
6	19	0.7013	0.0960	0.9785
7	8	0.9966	0.9196	0.4221
7	9	0.9000	0.6105	0.7160
7	10	1.0000	0.6432	0.2851
7	13	1.0000	0.2800	0.8267
7	16	0.9503	0.1672	0.6080
8	9	0.9988	0.8688	0.8823
9	10	0.8980	0.8712	0.0413
10	11	0.9985	0.8124	0.2004
10	13	1.0000	0.0597	0.9507
10	14	0.9975	0.4370	0.6771
10	16	0.7505	0.2320	0.5976
11	12	0.8499	0.9852	0.2114
11	14	0.9980	0.4212	0.7404
11	15	0.9993	0.5342	0.4640
11	16	0.9994	0.8493	0.7858
11	18	0.8984	0.9889	0.1578
11	19	0.9999	0.3299	0.6980
12	13	0.9957	0.4551	0.0247
12	15	1.0000	0.2438	0.9760
12	16	0.9983	0.2495	0.1956
12	17	0.8507	0.2852	0.9896
12	18	0.7495	0.4967	0.1595
13	14	0.9967	0.9790	0.0300
13	16	0.9996	0.5559	0.2469
14	15	0.9989	0.3807	0.1143
14	16	0.9981	0.0854	0.7307
15	16	0.9999	0.4322	0.7353
15	17	0.9996	0.5270	0.5158
15	18	0.9991	0.9995	0.1254
15	19	0.9996	0.2676	0.6314
16	17	0.9972	0.8222	0.0138
17	18	0.9993	0.9994	0.2830
17	19	0.9996	0.7130	0.5361
18	19	0.9956	0.5610	0.0525
