0	2	0.9986	0.5386	0.5620
0	3	1.0000	0.6398	0.3329
0	7	0.9997	0.5396	0.1916
0	9	0.9991	0.5568	0.5020
0	10	0.9983	0.1314	0.3375
0	11	0.9982	0.8056	0.0000
1	2	0.9992	0.9884	0.0026
1	7	0.9992	1.0000	1.0000
1	8	0.8993	0.9997	0.7184
1	11	1.0000	0.5747	0.8608
1	13	0.9977	0.0140	0.9922
2	3	0.9997	0.4785	0.3632
2	6	0.9969	0.1922	0.5119
2	7	0.9975	0.3531	0.4579
2	8	0.6194	0.0101	0.9753
2	9	0.9990	0.5021	0.4557
2	11	0.9965	0.2061	0.2935
3	4	0.9988	0.4938	0.4427
3	5	0.7682	0.0942	0.4508
3	6	0.9998	0.3754	0.4260
3	7	0.9988	0.3202	0.3505
3	8	0.9996	0.8248	0.8457
3	9	0.9999	0.5363	0.4732
3	10	1.0000	0.6922	1.0000
3	11	0.9997	0.4918	0.0593
4	5	0.9965	0.7150	0.6277
4	6	0.9971	0.8761	0.4918
4	7	0.9997	0.7364	0.4394
4	8	0.9534	0.0383	0.8204
4	9	0.9983	0.4188	0.4986
4	10	0.9507	0.0258	0.9993
5	6	1.0000	0.7053	0.2603
5	7	1.0000	1.0000	0.6513
6	7	0.9998	0.4788	0.4765
6	8	0.9506	0.0001	0.9990
6	9	1.0000	0.0000	0.2721
7	8	0.9999	1.0000	1.0000
7	9	0.9998	0.6659	0.3939
7	11	0.9483	0.9991	0.6604
8	9	0.9999	0.9595	0.1336
8	11	1.0000	0.5486	0.9343
9	10	0.9997	0.7045	0.6089
9	11	0.9990	0.1566	0.2661
11	13	1.0000	0.6607	0.9142
12	13	0.9983	0.3026	0.4502
12	14	0.9985	0.8787	0.9734
12	19	0.9988	0.3674	0.4903
12	20	0.9989	0.5590	0.5612
13	14	0.9998	0.4378	0.6424
13	17	0.9974	0.1352	0.3613
13	18	0.9997	0.0347	0.8711
13	19	0.9985	0.4702	0.6054
13	20	0.9985	0.2945	0.5972
14	15	0.9996	0.9729	0.6022
14	16	0.9982	0.9218	0.8829
14	17	1.0000	0.9641	0.5457
14	18	0.7999	0.9488	0.3016
14	19	1.0000	0.5354	0.4304
14	20	0.9999	0.9488	0.6475
15	16	0.9992	0.6778	0.6229
15	17	0.9985	0.4618	0.6211
15	18	0.8985	0.5471	0.1345
15	19	0.9992	0.5061	0.2454
16	17	0.8004	0.8632	0.3728
16	19	0.9499	0.8547	0.3853
17	19	0.9993	0.6190	0.2232
17	20	0.9998	0.5001	0.5823
19	20	1.0000	0.4476	0.4215
