0	1	0.9979	0.9328	0.8787
0	2	0.9996	0.6634	0.3957
0	5	0.9997	0.4923	0.3771
0	9	0.5547	0.3581	0.4384
0	12	0.9977	0.7487	0.7149
0	14	0.9979	0.2136	0.6602
0	15	0.9981	0.0380	0.3035
0	16	1.0000	0.4735	0.6290
0	17	0.9991	0.2301	0.0095
0	19	0.9998	1.0000	0.3894
1	2	1.0000	0.7226	0.2180
1	4	0.9996	0.2174	0.7658
1	5	0.9992	0.7163	0.0362
1	17	0.9991	0.8073	0.0042
1	19	1.0000	0.6890	0.8776
2	3	0.9996	0.9996	0.1600
2	4	0.9967	0.8662	0.6720
2	5	0.9998	0.5646	0.4654
2	7	0.9993	0.8368	0.4789
2	9	0.9966	0.8489	0.6882
2	12	0.9986	0.9890	0.8892
2	14	0.9975	0.5355	0.7510
2	16	0.9990	0.5023	0.7644
2	17	0.9003	0.0036	0.0064
3	4	0.9971	0.4334	0.2113
3	5	0.9993	0.2490	0.9793
3	7	0.9990	0.0448	0.9462
3	9	0.9458	0.0051	0.9082
3	10	0.9498	0.0209	0.5912
4	5	0.9984	0.6680	0.5674
4	6	0.9999	0.2682	0.7592
4	7	0.9968	0.4010	0.0734
5	6	0.9980	0.9111	0.7008
5	7	1.0000	0.6893	0.3659
5	9	1.0000	0.6382	0.4440
5	12	0.9995	0.7948	0.6129
5	14	0.9982	0.3800	0.6751
5	16	0.9994	0.5806	0.8222
6	7	1.0000	0.5977	0.3011
6	8	0.9999	0.2992	0.7437
6	9	0.9935	0.6913	0.0003
7	8	0.9955	0.8586	0.5879
7	9	0.9998	0.4420	0.4726
7	10	0.9982	0.9967	0.8108
7	12	0.9997	0.5373	0.5826
7	14	0.9991	0.0999	0.5123
7	16	0.9977	0.6833	0.9373
8	9	0.9999	0.6195	0.2505
8	11	0.9984	0.1319	0.7169
8	12	0.9951	0.6987	0.0000
9	10	0.9977	0.9923	0.3981
9	11	0.9975	0.8657	0.6712
9	12	1.0000	0.5833	0.5866
9	13	0.9504	0.9974	0.4412
9	14	0.9996	0.4038	0.5100
9	16	0.9998	0.7798	0.8631
10	12	0.9958	0.0095	0.9965
10	13	0.9223	0.0321	0.0779
11	12	0.9991	0.6738	0.3132
11	13	0.9981	0.1734	0.6943
11	14	0.9494	0.7335	0.0032
12	13	0.9968	0.9795	0.3466
12	14	0.9990	0.5288	0.5610
12	15	0.9996	1.0000	0.2791
12	16	0.9994	0.7904	0.7058
13	14	1.0000	0.5494	0.6136
13	15	0.9987	0.1821	0.7269
13	16	0.9504	0.2566	0.0070
14	15	0.9966	0.9967	0.4708
14	16	1.0000	0.7916	0.3105
14	17	1.0000	0.9448	0.2530
14	18	0.9985	0.9989	0.4458
15	16	1.0000	0.2782	0.4002
15	17	1.0000	0.4263	0.6375
15	18	1.0000	0.3298	0.4714
15	19	1.0000	0.0001	0.0065
16	17	0.9963	0.5878	0.0437
16	18	0.9992	0.9900	0.9545
16	19	0.7500	0.9764	0.1942
17	18	1.0000	0.6236	0.3339
17	19	0.9997	0.0873	0.7900
17	20	0.7499	0.6228	0.6017
18	19	0.9970	0.9973	0.0490
18	20	0.9994	0.9663	0.3827
19	20	1.0000	0.6193	0.4862
