0	1	1.0000	0.4833	0.4514
0	2	0.8603	0.4853	0.4268
0	3	0.8987	0.2673	0.4160
0	4	0.9949	0.4103	0.4887
0	5	0.9987	0.4040	0.3102
0	9	0.9984	0.2172	0.2865
1	2	0.9971	0.9594	0.1835
1	3	0.9984	0.8802	0.5073
1	4	0.9997	0.5521	0.3455
1	6	0.6500	0.7396	0.5027
1	7	0.9976	0.4758	0.2093
1	9	0.9486	0.3905	0.5285
3	4	0.9495	0.6159	0.1658
3	5	0.9500	0.3472	0.7778
3	6	0.5009	0.2653	0.5951
3	7	0.9975	0.8083	0.3366
3	9	0.9997	0.3166	0.3555
3	30	0.9992	0.5900	0.7144
4	5	0.9985	0.4193	0.4521
4	7	0.9953	0.1514	0.4999
4	9	0.9946	0.2702	0.4830
5	6	0.9997	0.9897	0.4372
5	7	0.9987	0.3012	0.2837
5	9	0.9995	0.4684	0.4765
5	17	0.7492	0.8691	0.7565
5	30	0.9497	0.7372	0.6432
6	7	0.9983	0.8859	0.0235
6	9	1.0000	0.5069	0.4822
6	12	1.0000	0.9985	0.9913
6	13	0.9982	0.9663	0.1599
6	16	0.8003	0.9655	0.9295
6	30	0.9996	0.8344	0.9017
7	8	0.9984	0.8074	0.5976
7	9	0.9997	0.4951	0.5153
7	30	0.9990	0.8698	0.9840
8	9	1.0000	0.0036	0.0544
8	30	0.9979	0.2071	0.8609
9	16	0.9995	0.9994	0.6444
9	30	1.0000	0.0457	0.9577
10	11	0.9999	0.9313	0.4620
10	12	0.9987	0.1229	0.1719
10	14	0.9997	0.7002	0.8028
10	15	0.9987	0.9748	0.9511
10	16	0.9999	0.0034	0.0092
10	19	0.9984	0.7538	0.9564
11	12	0.9978	0.4935	0.1769
11	14	0.9998	0.0436	0.7101
11	15	1.0000	0.2623	0.6298
11	16	0.7517	0.0211	0.0080
11	19	0.9977	0.5663	0.8968
12	13	0.9971	0.9500	0.4998
12	14	0.9987	0.8044	0.7229
12	15	0.9501	0.2789	0.8630
12	16	1.0000	0.5385	0.3153
12	19	0.9999	0.4999	0.6017
12	24	0.9999	0.3602	0.5374
12	26	0.9998	0.4679	0.4148
12	27	1.0000	0.3698	0.5256
12	28	1.0000	0.4331	0.9872
12	29	0.9006	0.8273	0.8598
13	16	0.5528	0.0718	0.9593
13	17	0.9982	0.8837	0.3514
13	19	0.9995	0.9926	0.0516
14	15	0.9992	0.7856	0.9848
14	16	0.9999	0.6632	0.5430
14	19	1.0000	0.0038	0.7784
15	16	0.9993	0.9452	0.1558
16	19	0.9993	0.0145	0.6022
17	18	0.9982	0.1426	0.7810
17	19	0.9996	0.9909	0.2277
17	20	0.6999	0.2476	0.2042
18	19	0.9989	0.3897	0.1434
18	20	0.9988	0.7266	0.3028
18	21	0.9997	0.3270	0.7595
18	22	0.9982	0.9824	0.4548
19	20	1.0000	0.3679	0.8322
19	23	0.9986	0.9973	0.8235
19	24	1.0000	0.5451	0.8053
19	25	0.9998	0.1700	0.9050
19	26	0.9998	0.7322	0.1724
19	27	0.9002	0.8157	0.5153
19	28	0.5012	0.5429	0.9766
20	21	1.0000	0.5099	0.6559
20	22	1.0000	0.4063	0.6261
20	23	0.9997	0.9787	0.0710
20	24	0.9998	0.9783	0.8912
20	25	0.6193	0.9630	0.8826
21	22	0.9998	0.8177	0.8143
23	24	1.0000	0.0000	0.6102
24	25	0.9999	0.8750	0.8615
24	26	0.9993	0.3944	0.3448
24	27	0.9999	0.2034	0.3609
25	26	0.9957	0.9988	0.0334
25	27	0.6996	0.9341	0.6170
25	28	0.7964	0.9035	0.8793
26	27	0.9991	0.9487	0.6151
26	28	1.0000	0.6134	0.9144
26	29	0.9000	0.7900	0.9840
27	28	0.9500	0.6426	0.6560
28	29	0.8926	0.8011	0.8291
