0	1	0.8503	0.8474	0.3297
0	2	0.9001	0.8057	0.4458
0	3	0.9998	0.8553	0.6176
0	27	0.5501	0.7759	0.7942
0	58	0.9979	0.8141	0.1557
1	2	0.9991	0.4776	0.5121
1	3	0.9997	0.4559	0.6207
1	4	0.9990	0.4211	0.3332
1	5	0.9977	0.5764	0.7383
1	27	0.9990	0.3250	0.6646
1	28	0.7006	0.3847	0.4025
1	29	0.8995	0.3427	0.5264
1	32	0.7996	0.5992	0.7426
1	33	0.9993	0.3822	0.6184
2	3	0.9999	0.5536	0.5110
2	4	0.9994	0.5038	0.4608
2	5	0.7986	0.4767	0.5678
2	6	0.6485	0.2503	0.4590
2	7	0.5004	0.4201	0.4818
3	4	0.9998	0.5585	0.3557
3	5	0.8998	0.5255	0.5942
3	6	0.9490	0.2645	0.5645
3	7	0.7003	0.5079	0.4457
4	5	1.0000	0.6638	0.5095
4	6	0.9996	0.6932	0.5190
4	7	0.9999	0.6364	0.4995
4	8	0.8499	0.7222	0.4347
4	9	0.6509	0.8425	0.2779
5	6	1.0000	0.5497	0.5116
5	7	1.0000	0.5534	0.4721
5	8	0.9459	0.4427	0.4814
5	9	0.9990	0.5195	0.4391
5	10	0.9984	0.4176	0.6194
6	7	0.9998	0.6271	0.4884
6	8	0.9996	0.5937	0.6443
6	9	0.9497	0.5786	0.5100
6	10	0.9001	0.5303	0.4162
6	11	0.5018	0.5174	0.2096
7	8	0.9995	0.5190	0.5577
7	9	0.9997	0.4712	0.4431
7	10	0.9993	0.5428	0.6602
7	11	0.9992	0.5875	0.5898
8	9	0.9499	0.7830	0.4745
8	10	1.0000	0.7131	0.4788
8	11	0.9993	0.6217	0.5301
9	10	0.9999	0.5353	0.4425
9	11	0.9999	0.5621	0.5267
10	11	0.9992	0.4613	0.5616
10	12	0.9494	0.5035	0.4429
10	13	0.8198	0.4425	0.4653
10	14	0.6006	0.3548	0.6123
10	15	0.6013	0.2788	0.5862
10	16	0.5022	0.3790	0.5872
11	12	0.9992	0.5830	0.3988
11	13	0.9998	0.5301	0.4971
11	14	0.9994	0.6043	0.3050
11	15	0.9989	0.4873	0.5810
11	16	0.9494	0.4771	0.4419
11	17	0.5004	0.5937	0.2994
12	13	0.8002	0.4799	0.3622
12	14	0.6001	0.3284	0.2779
12	15	0.8999	0.4966	0.4649
13	14	0.9993	0.4888	0.3335
13	15	0.9992	0.4790	0.6393
13	16	0.9495	0.4074	0.4494
13	17	0.5007	0.4328	0.4550
13	19	0.5003	0.4199	0.3596
14	15	1.0000	0.4281	0.5348
14	16	0.9993	0.3387	0.5103
14	17	0.9992	0.3574	0.5347
14	18	0.9990	0.4371	0.6855
14	19	0.9992	0.5044	0.4665
14	20	0.9988	0.4998	0.5047
15	16	0.9987	0.7377	0.5552
15	17	0.8991	0.6015	0.5120
15	18	0.8003	0.4077	0.5864
15	19	0.9993	0.5904	0.5439
15	20	0.8998	0.5840	0.4632
16	17	0.6002	0.5486	0.4034
18	19	0.9504	0.6694	0.4908
18	20	0.9998	0.6959	0.5077
18	21	0.9994	0.3638	0.5135
18	22	0.8997	0.7655	0.4103
18	23	0.9990	0.9158	0.7514
18	24	0.9991	0.8027	0.5214
18	25	0.5007	0.7280	0.4296
19	20	0.9999	0.5563	0.5434
19	21	0.7002	0.4780	0.5696
19	22	0.9987	0.4721	0.4611
19	23	0.9997	0.8094	0.5157
19	24	0.9993	0.6048	0.4416
19	25	0.8997	0.5128	0.5687
20	21	0.9988	0.3573	0.4135
20	22	0.9992	0.4074	0.2908
20	23	0.9495	0.6578	0.4922
20	24	0.9493	0.5094	0.4867
20	25	0.9995	0.3689	0.4671
21	22	0.5013	0.2245	0.2404
21	23	0.9991	0.5025	0.4220
21	24	0.7504	0.5446	0.3462
22	23	0.9990	0.6012	0.5543
22	24	0.9999	0.5776	0.3222
22	25	0.9493	0.6378	0.6904
22	26	0.6002	0.5849	0.4426
22	27	0.6697	0.5219	0.2437
23	24	1.0000	0.5870	0.3672
23	25	0.9997	0.6148	0.8703
23	26	0.9484	0.7248	0.5063
23	27	0.9985	0.5442	0.4679
24	25	1.0000	0.6471	0.4715
24	26	0.9992	0.2638	0.3985
24	27	0.9992	0.4181	0.3672
24	28	0.9974	0.2707	0.4395
24	29	0.6008	0.2905	0.4062
24	30	0.7000	0.3077	0.2791
24	31	0.5995	0.2468	0.3693
25	26	0.9987	0.6969	0.4070
25	27	1.0000	0.6846	0.4770
25	28	0.8001	0.7196	0.4963
26	27	0.9997	0.6007	0.4611
26	28	0.6517	0.4582	0.5351
26	29	0.5612	0.5279	0.3871
26	31	0.5505	0.3460	0.2898
26	32	0.5507	0.6201	0.5032
27	28	0.9986	0.4345	0.3735
27	29	0.9994	0.5330	0.4188
27	30	0.9985	0.4184	0.4957
27	31	0.9472	0.4238	0.6183
27	32	0.8484	0.6072	0.6338
27	33	0.6002	0.5913	0.4547
28	29	0.9986	0.4073	0.3333
28	30	0.9982	0.3825	0.3222
28	31	0.9985	0.4632	0.5102
28	32	0.7493	0.4977	0.5431
29	30	0.7472	0.3851	0.4134
29	31	0.9984	0.4476	0.5634
29	32	0.9988	0.4738	0.5217
29	33	0.8990	0.4848	0.4537
29	34	0.8495	0.4649	0.2884
30	31	0.9984	0.4708	0.4436
30	32	0.9993	0.5440	0.4145
30	33	0.8492	0.5026	0.4061
30	34	0.9486	0.4291	0.3974
31	32	0.9997	0.6731	0.5436
31	33	0.9988	0.5984	0.4635
31	34	0.9990	0.4907	0.2766
32	33	0.9989	0.5431	0.5059
32	34	0.9994	0.4584	0.2754
32	35	0.9990	0.5920	0.2678
32	36	0.5501	0.3689	0.7057
33	34	0.9990	0.4258	0.2599
33	35	0.8996	0.5665	0.3404
33	36	0.9477	0.5934	0.9387
34	35	0.9999	0.7557	0.3940
34	36	0.9994	0.6939	0.9130
34	37	0.9974	0.5376	0.6230
34	39	0.6507	0.7490	0.5401
35	36	0.9996	0.5780	0.8093
35	37	0.9999	0.4390	0.6692
35	38	0.7994	0.5124	0.4637
35	39	0.9499	0.5710	0.5442
35	40	0.9997	0.5407	0.4395
35	41	0.9993	0.5528	0.4363
36	37	0.9989	0.8627	0.6461
36	38	0.9991	0.8615	0.5331
36	39	0.9999	0.7237	0.6301
36	40	0.9497	0.7590	0.5689
36	41	0.9500	0.8554	0.4666
37	38	0.9997	0.7046	0.4848
37	39	0.9996	0.7589	0.5335
37	40	0.9995	0.7132	0.4819
37	41	0.9988	0.8490	0.5224
37	42	0.6994	0.7059	0.4732
38	39	0.9998	0.5798	0.6135
38	40	0.9997	0.5627	0.5833
38	41	0.9990	0.5740	0.6802
38	42	0.9993	0.5136	0.5629
38	43	0.9987	0.4653	0.6347
38	44	0.8993	0.4535	0.4078
38	45	0.5510	0.3452	0.4530
38	46	0.6000	0.4587	0.4376
39	40	0.9995	0.5376	0.5384
39	41	0.9996	0.5727	0.5530
39	42	0.9985	0.5489	0.5840
39	43	0.9989	0.5051	0.6297
39	44	0.5507	0.5547	0.5513
40	41	0.9995	0.5348	0.5786
40	42	0.9995	0.5289	0.5450
40	43	0.9998	0.5893	0.5530
40	44	0.9995	0.5659	0.3392
40	46	0.5001	0.4786	0.4881
40	47	0.9485	0.7363	0.5704
41	42	0.9996	0.5902	0.5589
41	43	0.9990	0.7674	0.5986
41	44	0.9994	0.8478	0.3210
41	46	0.6069	0.6240	0.3429
41	47	0.8007	0.9016	0.2976
42	43	0.9999	0.7036	0.4939
42	44	1.0000	0.6900	0.4481
42	45	0.9499	0.6723	0.3930
42	46	0.9001	0.6340	0.4154
42	47	0.9991	0.8705	0.3906
42	48	0.9993	0.7858	0.3916
43	44	0.9996	0.5174	0.5127
43	45	0.9988	0.4481	0.5937
43	46	0.9984	0.4930	0.6089
43	48	0.9988	0.4827	0.4738
43	49	0.9983	0.4779	0.4495
44	45	0.9996	0.5520	0.5214
44	46	0.9990	0.4745	0.5942
44	47	0.9996	0.5150	0.4547
44	48	0.8994	0.5261	0.4959
44	49	0.7498	0.4148	0.2636
45	46	0.9996	0.5983	0.5785
45	47	1.0000	0.6900	0.4220
45	48	0.9995	0.5648	0.4565
45	50	0.7178	0.6395	0.4691
46	47	1.0000	0.6960	0.4601
46	48	0.9998	0.6481	0.4571
46	49	0.9999	0.6311	0.3764
46	50	0.8503	0.5088	0.4072
47	48	0.9994	0.4757	0.4855
47	49	0.9993	0.4864	0.3448
47	50	0.9982	0.4559	0.5136
47	51	0.6963	0.4274	0.3731
47	52	0.7990	0.3867	0.4712
47	54	0.5498	0.5786	0.1742
48	49	0.9986	0.3854	0.3834
48	50	0.9984	0.4052	0.4544
48	51	0.5498	0.4550	0.5317
49	50	0.9997	0.6820	0.3911
49	51	0.9992	0.6009	0.4803
49	52	0.6234	0.3783	0.4196
50	51	0.9001	0.4907	0.4946
50	52	0.9982	0.4662	0.4993
50	54	0.8501	0.6421	0.5827
50	57	0.8006	0.2866	0.2430
50	58	0.5503	0.2309	0.4437
51	52	0.9992	0.5218	0.5336
51	53	0.6506	0.5013	0.6132
51	54	0.9994	0.5657	0.4885
51	55	0.8966	0.3322	0.7290
51	56	0.7002	0.6278	0.4347
51	57	0.9497	0.4343	0.3538
51	58	0.6992	0.1744	0.6266
52	53	0.9976	0.7918	0.5810
52	54	0.9996	0.6577	0.4650
52	55	0.9964	0.3464	0.7179
52	56	0.6999	0.5591	0.5145
52	57	0.9983	0.4379	0.3237
52	58	0.5496	0.2859	0.6436
53	54	0.9970	0.8064	0.3303
54	55	0.9990	0.7501	0.5468
54	56	0.8990	0.6153	0.7584
54	57	0.9998	0.7107	0.4507
54	58	0.9992	0.7577	0.6295
55	56	0.6508	0.7703	0.6396
55	57	0.9999	0.5453	0.4043
55	58	0.9985	0.4480	0.4983
56	57	0.7496	0.4086	0.4287
57	58	0.9988	0.4232	0.4866
59	60	0.9996	0.8396	0.2036
59	61	0.9501	0.6906	0.6111
59	62	0.9497	0.7963	0.5064
59	63	0.9999	0.8799	0.4025
60	61	0.7976	0.4608	0.4823
60	63	0.5007	0.6298	0.2950
61	62	0.9499	0.6203	0.3172
61	63	0.6503	0.7980	0.2059
