0	1	0.9998	0.3466	0.7124
0	2	0.9976	0.1452	0.6124
0	3	0.9988	0.7770	0.9671
0	4	0.9995	0.4828	0.8799
0	5	0.9492	0.1950	0.9221
0	8	0.8494	0.3854	0.2387
0	9	0.9986	0.2152	0.0284
1	2	0.9994	0.9060	0.3824
1	3	0.9505	0.1920	0.7893
1	4	0.9993	0.9138	0.9248
1	8	0.9990	0.9557	0.4662
1	9	1.0000	0.9529	0.2857
1	31	0.7503	0.2384	0.4741
2	3	0.9974	0.9863	0.4673
2	5	1.0000	0.5740	0.5070
2	6	0.9990	0.3131	0.5542
2	9	0.9988	0.5668	0.2449
2	10	0.9994	0.6069	0.4475
2	13	0.9987	0.7033	0.2090
2	32	0.9998	0.9318	0.7522
3	4	0.9986	0.9215	0.1417
3	5	0.9967	0.4174	0.0211
3	8	0.8495	0.8306	0.2138
3	9	0.9987	0.6212	0.6783
3	10	0.7004	0.4128	0.6759
3	31	0.9990	0.2825	0.6440
3	32	0.7491	0.2810	0.2337
4	7	0.5004	0.0695	0.7663
4	8	0.9972	0.9826	0.1772
4	9	0.5004	0.9635	0.1657
5	6	0.9999	0.4537	0.4119
5	7	0.5995	0.4095	0.5528
5	9	0.9986	0.6708	0.2765
5	10	0.9991	0.0596	0.6291
5	11	0.9996	0.1971	0.6979
5	12	0.8011	0.2388	0.6374
5	13	0.9993	0.1607	0.2821
5	14	0.7510	0.1674	0.0894
6	9	0.9980	0.9057	0.8509
6	10	0.9995	0.9979	0.8312
6	11	0.7996	0.6957	0.8054
6	12	0.9988	0.8661	0.9753
6	13	0.9970	0.9604	0.5441
7	8	0.5012	0.7545	0.3264
8	9	0.9003	0.2659	0.1485
9	10	0.8498	0.9161	0.7878
9	31	0.7500	0.7803	0.7472
10	11	0.9973	0.9410	0.5584
10	12	0.9488	0.7974	0.4140
10	13	0.5008	0.6460	0.3182
11	13	0.9471	0.7392	0.3432
12	13	0.8978	0.7349	0.2478
12	28	0.7486	0.7433	0.2590
13	14	0.9993	0.8621	0.1636
13	16	0.8987	0.4943	0.2747
13	25	0.9493	0.4330	0.5451
13	27	0.5008	0.4507	0.6236
13	28	0.9989	0.6105	0.3525
13	29	0.5006	0.5199	0.7418
13	31	0.9002	0.7651	0.7395
13	32	0.9994	0.6631	0.2764
14	15	0.9988	0.8874	0.4491
14	16	0.9998	0.4818	0.4064
14	17	0.5505	0.7541	0.1179
14	22	0.9985	0.9110	0.6711
14	24	0.9990	0.9298	0.8260
14	25	0.9983	0.3850	0.3404
14	27	0.9998	0.8023	0.9487
14	28	0.9983	0.5068	0.0841
14	31	0.9982	0.3277	0.4327
14	32	0.6500	0.2689	0.1238
15	16	0.9998	0.6103	0.3339
15	17	0.9991	0.4655	0.4810
15	18	0.9995	0.9538	0.2807
15	19	0.9995	0.5936	0.4728
15	20	0.9997	0.9951	0.0634
15	21	0.9984	0.7264	0.8381
15	22	0.9997	0.6142	0.5854
15	24	0.7513	0.5977	0.4855
16	17	0.9998	0.5652	0.2749
16	18	1.0000	0.1721	0.8442
16	22	0.9499	0.3368	0.6729
17	18	0.9984	0.9461	0.5542
17	19	0.9999	0.5376	0.4475
17	20	0.9990	0.9965	0.0479
17	21	0.9998	0.5403	0.7818
17	22	0.9979	0.2827	0.1580
18	19	0.9997	0.7284	0.5623
18	20	0.9991	0.0644	0.8498
19	20	0.9980	0.9243	0.1377
19	21	0.9982	0.8102	0.6579
20	21	1.0000	0.0231	0.0940
21	22	0.9994	0.7594	0.1051
21	23	0.9998	0.2818	0.9454
22	23	0.9989	0.8808	0.6960
22	24	0.9984	0.4421	0.3276
22	27	0.9994	0.6035	0.2295
23	24	0.9993	0.7876	0.1950
23	25	0.5161	0.0558	0.4428
23	26	0.7997	0.4006	0.7439
23	27	0.7498	0.3794	0.0152
24	25	1.0000	0.9092	0.4029
24	26	0.9991	0.7863	0.6067
24	27	0.9998	0.6079	0.4071
25	26	0.9978	0.8213	0.1610
25	27	0.9998	0.5203	0.5434
26	27	0.9988	0.5714	0.3537
27	28	0.9997	0.6347	0.5070
27	29	0.9994	0.5121	0.7417
28	29	0.9493	0.5510	0.4641
29	30	0.9493	0.7033	0.8173
29	31	0.9973	0.9718	0.2540
30	31	0.9988	0.6989	0.0891
30	32	0.9974	0.6850	0.0698
31	32	0.9998	0.4196	0.4109
