0	1	0.9998	0.7132	0.4827
0	2	0.9991	0.4774	0.5117
0	3	0.9999	0.7184	0.4891
0	4	0.9997	0.5722	0.4550
0	5	0.9991	0.9472	0.6840
0	6	0.9993	0.6673	0.4045
1	2	1.0000	0.6136	0.5738
1	3	0.7684	0.5356	0.5008
1	4	0.9999	0.5405	0.4731
1	6	0.9496	0.5736	0.5112
2	3	0.9999	0.6048	0.3976
2	4	0.9992	0.5743	0.4531
2	5	0.7494	0.9353	0.5014
2	6	0.7001	0.5224	0.2768
3	4	0.9996	0.4873	0.4720
3	5	0.5505	0.3995	0.6289
3	6	0.7997	0.5609	0.4598
4	5	0.9971	0.9504	0.6081
4	6	0.8995	0.5279	0.4409
5	6	0.9988	0.6242	0.6038
5	7	0.6001	0.5408	0.5720
5	8	0.6011	0.6127	0.5185
5	10	0.6504	0.6753	0.4485
5	18	0.5515	0.4134	0.7550
6	7	0.6993	0.6070	0.5288
6	8	0.9989	0.6851	0.5198
6	10	0.9473	0.9294	0.3157
6	11	0.5997	0.5052	0.5473
6	12	0.7000	0.5717	0.4505
6	18	0.7495	0.6407	0.7441
7	8	0.9494	0.5117	0.4895
7	9	0.5000	0.3547	0.5173
7	10	0.8000	0.4227	0.5061
7	11	0.5998	0.5885	0.6754
7	12	0.7979	0.5380	0.3947
7	14	0.5507	0.4851	0.4485
7	16	0.6001	0.2901	0.4998
7	17	0.8986	0.4334	0.4205
7	18	0.9987	0.4384	0.7386
8	9	0.9493	0.6506	0.5658
8	10	0.9498	0.6428	0.4940
8	11	0.9992	0.5930	0.5102
8	12	0.9995	0.7310	0.4817
8	14	0.9990	0.6826	0.6136
8	16	0.7499	0.6948	0.6314
8	17	0.9496	0.4616	0.5091
8	18	0.9991	0.6000	0.8174
9	10	0.9496	0.8879	0.2501
9	11	0.9992	0.6205	0.5352
9	12	0.7496	0.5749	0.5005
9	13	0.7499	0.6918	0.3254
9	14	0.7002	0.5399	0.5445
9	15	0.7493	0.7872	0.6484
9	16	0.6495	0.6368	0.4679
9	17	0.6507	0.8073	0.4855
9	18	0.8009	0.7397	0.6686
10	11	0.9993	0.6466	0.4999
10	12	0.9994	0.5460	0.6599
10	14	0.6502	0.3908	0.4982
10	18	0.9499	0.4681	0.8716
11	12	0.9498	0.5558	0.3324
11	13	0.9991	0.5115	0.4700
11	14	0.9492	0.5398	0.3753
11	15	0.8992	0.5070	0.5498
11	16	0.8496	0.5839	0.6419
11	17	0.8973	0.5075	0.5983
11	18	0.9990	0.5870	0.6086
12	13	0.9987	0.8552	0.2677
12	14	0.6003	0.4872	0.4733
12	15	0.7998	0.6069	0.5572
12	16	0.8995	0.6473	0.6197
12	17	0.6003	0.4541	0.3908
12	18	0.9989	0.6625	0.7138
13	14	0.9508	0.5597	0.2600
13	15	0.9998	0.4366	0.6523
13	16	0.9983	0.5872	0.5565
13	17	0.7497	0.3919	0.4272
13	18	0.9997	0.5533	0.5567
14	15	0.9999	0.6122	0.5823
14	16	0.9990	0.5966	0.5479
14	17	0.7496	0.5615	0.4461
14	18	0.9489	0.5674	0.7394
15	16	1.0000	0.6709	0.4420
15	17	0.9985	0.4363	0.5677
15	18	0.9999	0.5306	0.5545
16	17	0.9989	0.8242	0.7290
16	18	0.9499	0.5966	0.6351
17	18	0.9998	0.6901	0.4626
