0	1	0.9481	0.8526	0.1434
0	2	0.9494	0.7823	0.8512
0	3	0.9489	0.8452	0.4288
0	4	0.6007	0.4078	0.3524
0	10	0.9987	0.5637	0.5518
0	11	0.7000	0.3391	0.5030
0	14	0.7994	0.6561	0.4255
0	15	0.5004	0.5101	0.6257
1	2	0.9978	0.4254	0.5836
1	3	0.9490	0.3620	0.5006
1	4	0.9487	0.3877	0.4659
1	6	0.9979	0.6525	0.4706
1	7	0.8499	0.3403	0.4890
1	8	0.7503	0.2357	0.5076
1	11	0.5496	0.3419	0.5569
1	14	0.5495	0.2298	0.3554
1	19	0.7490	0.4508	0.5092
2	3	0.9991	0.6594	0.5778
2	4	0.7004	0.4599	0.5135
2	6	0.9987	0.5222	0.7528
2	7	0.6000	0.6305	0.5926
2	8	0.5007	0.3728	0.5849
2	10	0.6503	0.6429	0.4734
2	14	0.5989	0.4555	0.2571
2	16	0.5498	0.5350	0.6112
2	19	0.7996	0.5690	0.5344
2	21	0.5507	0.6484	0.1830
3	4	0.9970	0.9251	0.2399
3	5	0.9000	0.6853	0.4513
3	6	0.9997	0.8407	0.6582
3	7	0.8993	0.5336	0.5163
3	8	0.8998	0.6958	0.4370
3	10	0.7998	0.5315	0.3253
3	11	0.7492	0.4266	0.5438
3	16	0.5483	0.4164	0.6571
3	21	0.5497	0.4073	0.1921
4	5	0.8999	0.7329	0.4752
4	6	0.8992	0.4051	0.2501
5	6	0.9994	0.5215	0.4013
5	8	0.9993	0.4711	0.5827
6	7	0.9987	0.8461	0.4913
6	8	0.7500	0.3476	0.3867
6	9	0.6000	0.6308	0.3354
7	8	0.9983	0.7917	0.4105
8	9	0.9490	0.6806	0.2662
10	11	0.9999	0.5922	0.4920
10	14	0.8966	0.3393	0.5414
10	15	0.6501	0.5256	0.5901
10	16	0.8485	0.4074	0.5286
10	19	0.7002	0.3116	0.6039
10	21	0.9992	0.7853	0.3669
11	13	0.7490	0.9550	0.6287
11	14	0.9995	0.6817	0.5595
11	15	0.9997	0.4668	0.6648
11	19	0.9998	0.5794	0.6219
11	21	0.9996	0.2198	0.5331
12	13	0.8503	0.5416	0.4721
12	14	0.6499	0.3137	0.6027
14	15	0.9997	0.7875	0.3435
14	16	0.9981	0.4510	0.4829
14	17	0.9986	0.5831	0.5045
14	19	0.9994	0.4822	0.4850
14	20	0.7000	0.3762	0.3749
14	21	0.8497	0.5505	0.1994
15	16	1.0000	0.5495	0.3707
15	17	0.9998	0.4086	0.7348
15	19	0.5314	0.4754	0.4830
15	21	0.7002	0.5884	0.5080
16	17	0.9988	0.5500	0.5307
16	18	0.5998	0.6232	0.1888
16	19	0.9999	0.3774	0.6062
16	20	0.8987	0.5440	0.5713
16	21	0.9991	0.4203	0.3383
17	19	0.9998	0.5662	0.4535
17	20	0.5451	0.4645	0.3828
18	19	0.9989	0.3088	0.5262
19	20	0.9997	0.7628	0.4823
19	21	0.8002	0.7209	0.4504
20	21	0.5508	0.6397	0.4764
