0	10	0.9973	0.1351	0.4250
0	11	0.9980	0.4835	0.0000
1	2	0.9998	0.4159	0.2956
1	3	1.0000	0.3221	0.5378
1	4	1.0000	0.5813	0.7317
1	7	0.9999	0.4360	0.2904
1	8	1.0000	0.6315	0.2363
1	10	0.9988	0.0000	0.6446
1	11	1.0000	0.0258	0.0227
1	14	0.9514	0.0016	0.0235
2	3	1.0000	0.8065	0.3931
2	4	1.0000	0.3803	0.7493
2	5	0.6005	0.2361	0.4778
2	7	0.9996	0.5781	0.3256
2	8	0.9999	0.9018	0.3514
2	10	1.0000	0.5032	0.7102
2	11	0.9475	0.4418	0.0574
2	14	0.9988	0.6597	0.1774
2	15	0.9990	0.5942	0.5613
2	17	0.9999	0.9824	0.4553
3	4	0.9955	0.9767	0.5893
3	7	1.0000	0.2978	0.7701
3	8	0.9988	0.3576	0.4448
3	11	0.9499	0.9699	0.1572
3	14	0.8991	0.8467	0.2148
3	15	0.9989	0.8974	0.6716
4	5	0.9981	0.8750	0.1110
4	6	0.9988	0.9835	0.1654
4	7	0.9990	0.8186	0.6748
4	8	0.9964	0.4743	0.0662
4	15	1.0000	0.3148	0.6834
5	6	0.8472	0.7689	0.2294
5	7	0.9974	0.3243	0.4361
5	8	0.9487	0.1799	0.4426
6	7	0.9994	0.8932	0.2420
6	8	0.9991	0.7505	0.5154
6	9	0.8487	0.6107	0.6702
7	8	0.9991	0.5888	0.5865
7	16	0.7506	0.5443	0.9798
8	9	0.7503	0.1794	0.3105
8	15	0.7660	0.1553	0.6537
8	16	0.9999	0.2190	0.9518
8	17	0.9995	0.1466	0.6415
9	16	0.9497	0.3865	0.6043
10	11	1.0000	0.6127	0.3454
10	13	0.8992	0.7599	0.8088
10	14	0.9998	0.5307	0.4272
10	15	1.0000	0.5802	0.5190
10	16	0.5502	0.3790	0.3621
11	12	0.9991	0.9964	0.2614
11	13	0.9999	0.9701	0.6925
11	14	1.0000	0.5916	0.2871
11	15	0.9998	0.5966	0.5225
11	16	0.7991	0.4363	0.2090
11	17	0.8474	0.7434	0.0522
12	13	0.9998	0.6636	0.3627
12	14	0.6022	0.3467	0.3778
12	15	1.0000	0.2995	0.8813
13	14	0.9993	0.5432	0.3615
13	15	0.9977	0.4719	0.7694
13	16	0.9988	0.5470	0.6236
13	17	0.5517	0.3098	0.3161
14	15	0.9999	0.4149	0.5497
14	17	0.5497	0.5914	0.1828
15	16	0.9993	0.8734	0.3854
15	17	0.9993	0.7735	0.1463
16	17	0.9495	0.5636	0.3252
