0	1	0.9995	0.8640	0.4052
0	2	0.9996	0.4526	0.4555
0	3	0.9997	0.7883	0.5590
0	4	0.9999	0.5925	0.4836
0	5	0.9997	0.9029	0.5116
0	6	1.0000	0.8208	0.3694
0	19	0.9995	0.6736	0.6022
0	20	0.7997	0.3680	0.8619
1	2	1.0000	0.7269	0.4947
1	4	0.9996	0.5801	0.7404
1	6	0.5506	0.3520	0.7587
1	18	0.9500	0.2919	0.6036
1	19	0.9996	0.4675	0.2316
2	3	0.9990	0.7694	0.7312
2	4	0.9997	0.6479	0.4885
2	19	0.9986	0.4131	0.7054
3	4	1.0000	0.6736	0.6374
3	5	0.9499	0.4841	0.7275
4	5	0.9982	0.7784	0.6505
4	6	0.9999	0.6781	0.4447
4	7	0.5006	0.6311	0.3623
4	19	0.9997	0.5280	0.5155
4	20	0.7508	0.3034	0.6994
5	6	1.0000	0.5734	0.4520
5	7	0.9987	0.4622	0.3409
5	20	0.8988	0.9328	0.5693
6	7	0.9996	0.6919	0.4719
6	19	1.0000	0.6208	0.3308
6	20	0.9989	0.5208	0.7544
6	22	0.5499	0.7264	0.4504
7	19	0.9994	0.6078	0.3322
7	20	0.5507	0.5166	0.5124
8	9	0.9982	0.5241	0.2239
8	10	0.9996	0.3192	0.5371
8	13	0.9484	0.7748	0.3374
8	15	0.9492	0.6919	0.5976
8	17	0.9986	0.4475	0.5117
8	23	0.7996	0.3922	0.1457
8	24	0.6502	0.5921	0.6653
8	25	0.7006	0.3697	0.7066
9	10	0.9999	0.6945	0.3801
9	11	1.0000	0.6306	0.4652
9	12	0.9985	0.8344	0.4333
9	13	0.8995	0.5658	0.5263
10	11	0.9978	0.6549	0.2795
10	13	0.9990	0.4315	0.6078
10	15	0.9493	0.4241	0.5769
10	17	0.8000	0.1604	0.1465
11	12	0.9994	0.9708	0.5769
12	13	0.9993	0.5776	0.5358
12	14	0.9997	0.4408	0.7041
12	15	0.9968	0.5261	0.1048
13	14	0.9998	0.7058	0.5482
13	15	0.9997	0.5352	0.4921
13	17	0.7379	0.5294	0.1554
14	15	0.9995	0.6870	0.3327
14	17	0.9961	0.5390	0.0061
15	16	0.9976	0.9094	0.7470
15	17	0.9997	0.6003	0.2732
16	17	0.9989	0.4949	0.2962
16	23	0.6003	0.4474	0.4444
17	19	0.8498	0.7378	0.2679
17	23	0.9991	0.5205	0.4431
17	24	0.9980	0.4846	0.5959
17	25	0.7499	0.5779	0.2642
18	19	0.9951	0.4762	0.0700
18	21	0.5506	0.0839	0.3256
18	22	0.7487	0.1887	0.1338
19	20	0.9989	0.9353	0.5731
19	21	0.9990	0.3788	0.3387
19	22	0.9995	0.4524	0.5369
20	22	0.9998	0.6597	0.9136
23	24	0.9986	0.4665	0.4191
23	25	0.9992	0.4859	0.3580
23	34	0.5507	0.6569	0.2908
24	25	0.9999	0.8003	0.4521
24	28	0.5510	0.3557	0.3248
24	34	0.7008	0.4883	0.4271
26	27	0.9990	0.7184	0.3581
26	28	1.0000	0.6359	0.5199
26	29	1.0000	0.5473	0.4015
26	50	0.5504	0.4842	0.6735
27	28	0.9979	0.7620	0.2785
27	29	0.9992	0.4618	0.9475
28	29	1.0000	0.5465	0.4081
28	48	0.8501	0.5413	0.7514
28	49	1.0000	0.9334	0.5861
28	50	0.8501	0.8618	0.6043
29	30	0.7989	0.9350	0.3304
29	31	0.8501	0.6333	0.4571
29	32	0.6996	0.5980	0.3543
30	31	0.9490	0.9891	0.2114
30	32	0.5505	0.7024	0.4195
30	33	0.8000	0.3357	0.7812
30	34	0.7499	0.7721	0.4412
30	48	0.6000	0.4173	0.6489
30	49	0.7493	0.3762	0.2312
30	50	0.5493	0.5592	0.5326
31	32	0.8996	0.4950	0.3183
31	33	0.9993	0.3463	0.8659
31	34	0.7002	0.4466	0.5192
32	33	0.9975	0.4100	0.5972
32	34	0.7526	0.2581	0.2791
33	34	0.9975	0.9979	0.2257
34	35	0.5006	0.3731	0.3317
34	48	0.5017	0.5293	0.8814
35	36	1.0000	0.9918	0.0314
35	45	0.9989	0.9418	0.7470
35	46	0.9989	0.8683	0.3178
35	48	0.9991	0.6109	0.5428
35	49	0.9982	0.0471	0.5894
35	50	0.9496	0.1624	0.8096
36	40	0.9997	0.8898	0.6908
36	41	0.9996	0.6747	0.5586
36	42	0.9969	0.6934	0.0732
36	43	0.9999	0.8724	0.8156
36	44	0.9986	0.9698	0.7124
36	45	0.9998	0.4078	0.5521
36	46	0.9994	0.8479	0.4253
36	47	0.9987	0.5908	0.3918
36	48	1.0000	0.0201	0.1322
37	38	0.9998	0.6261	0.4368
37	39	1.0000	0.5990	0.4924
38	39	0.9998	0.5249	0.4001
40	41	0.9998	0.7010	0.5654
40	42	0.9499	0.3547	0.3871
40	43	1.0000	0.5401	0.7638
40	45	0.9982	0.6898	0.2355
41	42	0.8985	0.8040	0.3273
41	43	0.9998	0.5583	0.7651
41	44	0.8497	0.8057	0.5606
41	45	0.8001	0.5536	0.5230
42	43	0.8997	0.6043	0.3216
42	44	0.8998	0.4936	0.3242
42	45	1.0000	0.1636	0.8063
42	46	0.8893	0.3164	0.2612
42	47	0.9492	0.3123	0.1730
42	48	0.9500	0.0876	0.1430
43	44	0.9995	0.9284	0.4611
43	45	0.9996	0.7469	0.5909
43	46	0.7503	0.8147	0.6936
44	45	0.9983	0.5927	0.4050
44	46	0.9998	0.5346	0.8455
44	48	0.7000	0.3978	0.0951
45	46	0.9995	0.8757	0.3899
45	48	0.9994	0.4658	0.4509
46	47	0.9984	0.7708	0.1523
46	48	0.9974	0.3834	0.0848
47	48	0.8499	0.7283	0.4457
47	49	0.7994	0.5600	0.5937
48	49	1.0000	0.9288	0.3613
48	50	0.9997	0.9266	0.3357
49	50	1.0000	0.9381	0.1856
