0	1	0.9993	0.5727	0.5385
0	2	0.9970	0.2903	0.2972
0	4	0.7013	0.1274	0.4165
0	5	0.9950	0.8700	0.4563
0	6	0.9990	0.5515	0.5292
0	7	0.9999	0.3325	0.5094
0	11	0.9996	0.3135	0.8109
0	12	0.9981	0.1358	0.5340
0	13	0.8501	0.0106	0.8356
1	2	1.0000	0.5894	0.3847
1	3	0.5522	0.7820	0.2537
1	4	0.8491	0.9949	0.2922
1	5	1.0000	0.0241	0.5000
1	6	0.9997	0.1831	0.3466
1	12	0.9978	0.9996	0.6825
1	13	0.9987	0.8627	0.8056
1	15	0.9975	0.9621	1.0000
1	18	0.9466	0.9784	0.0632
2	3	0.9974	0.2996	0.5526
2	4	1.0000	0.0002	0.2515
2	5	1.0000	0.7958	0.2302
2	12	0.9997	0.3595	0.7235
2	13	0.9994	0.0980	0.7378
2	15	0.8517	0.0045	0.9906
2	18	0.9499	0.0000	0.0021
3	4	0.9988	0.9586	0.5118
3	5	0.9983	0.5043	0.1916
3	12	0.9999	0.8271	0.5818
4	5	0.9983	0.8502	0.0232
4	12	0.9986	0.5317	0.8326
4	13	0.9989	0.0799	0.2927
5	6	0.9965	0.6292	0.1675
5	7	1.0000	0.7909	0.9987
5	8	1.0000	0.9323	0.3912
5	10	0.9974	0.9747	0.4679
5	11	0.8982	0.4920	0.5594
5	12	1.0000	0.0033	0.4443
6	7	0.9998	0.5307	0.6460
6	8	1.0000	0.2571	0.2565
6	11	0.9990	0.6449	0.6960
6	12	0.9998	0.9935	0.2807
7	8	0.9964	0.7540	0.5254
7	9	1.0000	0.7598	0.3162
7	10	0.9989	0.8704	0.6892
7	11	1.0000	0.5134	0.5166
7	12	1.0000	0.0053	0.0211
8	9	0.9999	0.7088	0.5326
8	10	0.9998	0.4748	0.4386
8	11	0.9997	0.9164	0.4790
9	10	0.9993	0.4105	0.6961
9	11	1.0000	0.3810	0.5078
10	11	1.0000	0.9308	0.2500
11	12	0.9992	0.9856	0.0557
12	13	1.0000	0.8472	0.3385
13	15	0.9950	0.9554	1.0000
14	15	1.0000	0.4806	0.4097
14	16	1.0000	0.5710	0.9581
14	18	1.0000	0.8834	0.6203
14	19	0.9987	0.2979	0.3841
14	20	0.9977	0.2449	0.6124
15	16	1.0000	0.3399	0.9628
15	17	0.9985	0.9776	0.0003
15	18	0.9999	0.6072	0.4893
15	19	1.0000	0.4598	0.3545
15	20	0.9981	0.2465	0.7332
16	17	0.7262	0.1590	0.3253
16	18	0.9997	0.8683	0.5552
16	19	1.0000	0.5403	0.4635
16	20	0.9989	0.7239	0.8485
17	18	0.9973	0.0843	0.0212
18	19	0.9994	0.7693	0.0525
19	20	0.9981	0.3052	0.4828
