0	1	0.9989	0.7014	0.4109
0	8	0.6004	0.5641	0.4303
1	2	0.9972	0.9843	0.1143
1	3	0.9994	0.7788	0.6116
1	4	0.8993	0.9135	0.3704
1	5	0.8002	0.8430	0.5590
1	7	0.5005	0.6390	0.6300
1	8	0.8502	0.5910	0.3353
1	9	0.8496	0.6576	0.4136
1	10	0.6495	0.6428	0.5168
1	11	0.6014	0.6048	0.6031
2	5	0.5519	0.5493	0.4226
3	4	0.7999	0.5946	0.4744
3	5	0.9502	0.6042	0.5534
3	8	0.8500	0.5725	0.7748
4	5	0.8001	0.5948	0.5217
4	8	0.8999	0.3799	0.5770
5	8	0.9488	0.5643	0.3488
5	10	0.5006	0.4679	0.5027
6	7	0.7510	0.6420	0.6331
6	8	0.8999	0.4319	0.3743
6	12	0.5506	0.4481	0.6686
7	8	0.9966	0.5776	0.0382
7	10	0.9001	0.4489	0.7994
8	9	0.9992	0.5305	0.4381
8	10	0.9993	0.4013	0.4196
8	11	0.9990	0.5117	0.5258
8	12	0.9991	0.6691	0.5619
8	13	0.8996	0.1703	0.5257
8	14	0.8986	0.4818	0.5041
8	15	0.5003	0.5370	0.4595
9	10	0.9994	0.6570	0.5517
9	11	0.9984	0.6257	0.5628
9	12	0.9987	0.6768	0.4167
9	15	0.6499	0.8441	0.2913
10	11	0.9497	0.7139	0.4607
10	12	0.6004	0.5416	0.5862
10	13	0.6002	0.6183	0.3270
10	14	0.5502	0.4584	0.6326
11	12	0.9991	0.7894	0.5814
11	13	0.8000	0.4503	0.5448
11	15	0.8010	0.6905	0.4529
12	13	0.8003	0.7032	0.3576
13	14	0.8991	0.7193	0.1975
13	15	0.9001	0.5706	0.6838
14	15	0.9995	0.5191	0.4848
14	16	0.6500	0.4803	0.5328
14	17	0.9996	0.5980	0.4382
14	18	0.7498	0.6102	0.5253
14	21	0.9992	0.6628	0.4695
14	22	0.6505	0.9397	0.2362
14	23	0.5503	0.6205	0.5202
14	28	0.7002	0.5226	0.5078
15	16	0.9991	0.6138	0.3345
15	17	0.8001	0.5328	0.5206
15	18	0.6655	0.5267	0.3495
16	17	0.9498	0.6125	0.4769
16	21	0.7012	0.5651	0.2941
17	19	0.5502	0.5099	0.5106
17	20	0.6511	0.4274	0.6730
17	21	0.9995	0.4762	0.3805
17	22	0.5508	0.5962	0.2985
18	19	0.6001	0.8315	0.3334
18	20	0.9002	0.6925	0.5511
18	21	0.8983	0.5088	0.6272
18	22	0.8004	0.6591	0.4441
18	23	0.7504	0.6499	0.4443
18	28	0.6491	0.4390	0.5682
19	20	0.9988	0.7580	0.3511
19	21	0.8989	0.3219	0.7978
19	22	0.7499	0.5056	0.4764
19	23	0.7247	0.4916	0.2777
20	21	0.8999	0.6461	0.5260
20	22	0.8990	0.3557	0.2917
20	23	0.5005	0.5986	0.4840
20	24	0.8504	0.6113	0.4893
20	26	0.6007	0.6210	0.3640
20	28	0.5004	0.5722	0.4070
21	22	0.9495	0.9329	0.1883
21	23	0.8501	0.6227	0.5869
21	28	0.5997	0.3218	0.4157
22	23	0.9000	0.6480	0.3287
22	24	0.8501	0.3664	0.6236
22	28	0.6003	0.4653	0.7451
23	24	0.9001	0.5966	0.5844
23	26	0.7002	0.5444	0.4939
23	28	0.9501	0.5525	0.5889
24	25	0.7491	0.6489	0.5282
24	26	0.7496	0.4161	0.4876
24	27	0.8497	0.3866	0.6582
24	28	0.9996	0.5404	0.4341
25	26	0.8493	0.6892	0.6028
25	28	0.6996	0.5998	0.4447
26	27	0.9998	0.7354	0.5298
26	28	0.9973	0.4801	0.5168
26	30	0.5021	0.6978	0.4581
26	31	0.5498	0.4836	0.5016
27	28	0.9999	0.6164	0.6267
28	29	0.5996	0.7903	0.6240
28	30	0.8999	0.7584	0.4405
28	31	0.5993	0.3684	0.5896
29	30	0.6503	0.4402	0.3713
30	31	0.5507	0.5914	0.6540
30	32	0.5005	0.4340	0.5390
31	32	0.9489	0.6284	0.5630
31	33	0.8001	0.5868	0.5733
31	37	0.6997	0.5010	0.3480
32	33	0.6552	0.7221	0.5661
32	34	0.7999	0.6811	0.4734
32	35	0.9997	0.5873	0.5053
32	36	0.5209	0.5668	0.3461
32	37	0.5009	0.4434	0.6041
32	39	0.8493	0.5206	0.5247
33	34	0.8998	0.6103	0.4674
33	35	0.8499	0.5233	0.5795
34	35	0.8005	0.5053	0.4406
34	37	0.6517	0.5844	0.4868
34	39	0.7997	0.6775	0.5897
35	36	0.8495	0.6571	0.5310
35	37	0.9996	0.6616	0.6047
35	38	0.6998	0.7171	0.4589
35	39	0.9999	0.6114	0.3989
36	37	0.9987	0.6535	0.7105
36	38	0.6009	0.5253	0.4486
36	39	0.8998	0.6792	0.2935
37	38	0.9990	0.7331	0.6863
37	39	0.9995	0.5285	0.4538
38	39	0.8498	0.5954	0.3792
