0	1	0.7010	0.9690	0.2846
0	2	0.9974	0.6693	0.5685
0	3	0.9978	0.8031	0.5868
0	4	0.9990	0.9102	0.2600
0	18	0.7989	0.8496	0.8560
1	2	0.9985	0.6923	0.5819
1	3	1.0000	0.2896	0.6699
1	4	0.9976	0.6066	0.1746
1	17	0.9981	0.9741	0.3227
1	18	1.0000	0.5146	0.7905
2	3	1.0000	0.5260	0.5541
2	4	0.9970	0.2539	0.4102
2	12	0.9969	0.9031	0.0139
2	16	0.9991	0.3494	0.3322
2	17	0.9997	0.4802	0.4710
2	18	0.9967	0.6691	0.5820
3	4	1.0000	0.9667	0.2210
3	12	0.9991	0.3994	0.0545
3	17	0.9990	0.3730	0.3740
3	18	0.9991	0.2865	0.7640
4	12	0.9954	0.5440	0.0442
4	16	0.9983	0.8022	0.1443
4	17	0.9999	0.7641	0.6159
5	6	0.7978	0.2154	0.3179
5	9	1.0000	0.4634	0.4694
5	10	0.9501	0.5573	0.5998
5	11	1.0000	0.4273	0.7863
5	12	1.0000	0.4379	0.8329
5	13	1.0000	0.4879	0.5952
5	15	0.9990	0.2147	0.5005
5	16	0.9970	0.1734	0.4339
5	17	0.9998	0.2215	0.5714
6	7	0.7501	0.8350	0.9427
6	9	1.0000	0.8824	0.2956
6	10	0.9997	0.9523	0.5992
6	11	0.7512	0.6171	0.9590
7	9	0.9993	0.8424	0.2209
7	10	0.9500	0.8936	0.1943
8	9	0.9975	0.4158	0.3020
9	10	1.0000	0.3876	0.3737
9	13	1.0000	0.4753	0.7487
9	15	1.0000	0.8491	0.5581
10	11	1.0000	0.9187	0.6562
10	12	0.8999	0.9549	0.4619
11	12	0.9974	0.8093	0.5585
11	15	0.9967	0.8913	0.0994
11	17	0.7486	0.9301	0.1527
12	13	0.9985	0.9490	0.4629
12	15	0.9995	0.7854	0.3712
12	16	0.9988	0.5883	0.4739
12	17	1.0000	0.5510	0.3576
13	14	0.9985	0.9640	0.4686
13	15	1.0000	0.8207	0.2082
13	16	0.9999	0.8887	0.5162
14	15	0.9964	0.6662	0.0105
14	16	0.9995	0.7866	0.7135
14	17	0.9993	0.8657	0.5054
14	18	0.9974	0.7905	0.3412
15	16	0.9988	0.4246	0.4400
15	17	1.0000	0.4027	0.4524
15	18	0.9992	0.4383	0.2696
16	17	0.9993	0.4727	0.4937
16	18	0.9985	0.3607	0.2730
17	18	0.9995	0.4770	0.4430
