0	1	0.9996	0.4590	0.4409
0	2	0.9996	0.2745	0.5549
0	3	0.8481	0.4280	0.2080
0	6	0.7496	0.4502	0.4845
0	7	0.9997	0.4067	0.3513
0	8	0.9972	0.9413	0.3596
0	9	0.9981	0.7873	0.3830
0	10	0.9990	0.7427	0.3995
0	11	1.0000	0.7707	0.3102
0	14	0.8498	0.8596	0.3215
1	2	1.0000	0.5420	0.5606
1	3	0.9988	0.6481	0.5574
1	6	0.9499	0.4644	0.7524
1	7	0.9997	0.6193	0.5218
1	8	0.8997	0.6262	0.6608
1	9	0.7499	0.7481	0.3514
1	11	0.8502	0.5706	0.4298
2	3	0.9992	0.7469	0.7448
2	5	0.8500	0.4752	0.5718
2	6	0.9998	0.6219	0.7011
2	7	0.9000	0.4653	0.3776
2	8	0.6001	0.4411	0.3855
2	9	0.6004	0.5116	0.2726
3	4	0.9980	0.9455	0.7395
3	5	0.9995	0.6718	0.4920
3	6	0.9991	0.5203	0.3980
3	7	0.9997	0.6052	0.5302
3	8	0.8999	0.7579	0.4897
3	9	0.5492	0.8933	0.5916
4	5	0.9981	0.7391	0.3555
4	6	0.9985	0.7702	0.3046
4	7	0.8002	0.6247	0.8303
5	6	0.9496	0.5978	0.3270
5	7	0.9991	0.8806	0.8052
6	7	1.0000	0.6619	0.4817
6	8	0.8492	0.4083	0.4200
6	9	0.5501	0.5348	0.5200
7	8	0.9977	0.9510	0.5323
7	9	0.8984	0.9141	0.5488
8	9	0.6505	0.7640	0.3614
8	11	0.9007	0.4426	0.7844
9	10	0.7498	0.4413	0.4248
9	11	0.8000	0.2073	0.7995
10	11	0.9995	0.6746	0.6228
10	12	0.6502	0.3852	0.5735
11	12	0.9986	0.9674	0.5126
11	13	0.9502	0.6392	0.4179
11	15	0.7734	0.9573	0.2955
11	16	0.8001	0.8431	0.4997
11	17	0.8503	0.7150	0.3896
12	13	0.9990	0.6971	0.4173
12	14	0.9495	0.6226	0.8088
12	16	0.7999	0.5880	0.5063
12	17	0.9490	0.5347	0.3503
13	14	0.9985	0.5636	0.7010
13	16	0.9996	0.4435	0.7922
13	17	0.6995	0.4924	0.4270
13	18	0.9496	0.4909	0.4024
14	15	0.9951	0.9689	0.5164
14	16	0.8998	0.8678	0.7487
14	17	0.9997	0.5642	0.4910
14	18	0.8995	0.7216	0.5673
14	19	0.9994	0.8758	0.5117
14	20	0.5002	0.8185	0.6559
15	16	0.8966	0.8079	0.4412
15	17	0.6506	0.5987	0.2728
15	18	0.9496	0.4103	0.9246
15	19	0.9263	0.6498	0.5944
15	20	0.5999	0.5849	0.4532
16	17	0.8989	0.7047	0.1630
16	18	0.5503	0.5266	0.6417
16	19	0.9999	0.5903	0.8478
16	20	0.5009	0.6417	0.2611
17	18	0.9981	0.4351	0.4836
17	19	0.9488	0.5129	0.6447
17	20	0.5509	0.2181	0.2927
18	19	0.9994	0.9725	0.2822
18	20	0.9996	0.8115	0.5461
19	20	1.0000	0.8237	0.2787
19	21	0.6999	0.1576	0.8133
19	22	0.7997	0.4381	0.4158
19	25	0.6986	0.8935	0.4194
20	21	0.9991	0.9097	0.0902
20	22	0.9488	0.6058	0.4808
20	23	0.9978	0.8546	0.0167
21	22	0.5031	0.4752	0.4882
21	23	0.8997	0.6737	0.2957
22	23	0.9492	0.7445	0.4917
23	24	0.9996	0.9989	0.2344
23	25	0.7990	0.6388	0.7155
24	25	0.9983	0.7110	0.2509
24	26	0.9997	0.7350	0.5326
24	29	0.5503	0.5430	0.2973
24	30	0.6999	0.6029	0.4901
25	26	0.9991	0.5210	0.3233
25	27	0.9994	0.4850	0.4709
25	28	0.6988	0.0340	0.9153
25	29	0.5499	0.5904	0.3834
25	30	0.9002	0.6483	0.4651
25	31	0.5505	0.5343	0.1564
26	27	1.0000	0.6334	0.4749
26	28	0.7501	0.6701	0.6628
26	29	0.9499	0.5667	0.5145
26	30	0.9993	0.3668	0.5565
26	31	0.8002	0.4176	0.3263
26	32	0.8006	0.1686	0.6610
26	33	0.8012	0.6541	0.4539
26	44	0.5001	0.5075	0.7047
27	28	0.8985	0.8573	0.7088
27	29	0.9995	0.7217	0.4229
27	30	1.0000	0.5173	0.5059
27	31	0.8002	0.4921	0.4226
27	32	0.9495	0.4977	0.8485
27	33	1.0000	0.5100	0.5901
27	34	0.7002	0.7379	0.4962
27	35	0.5639	0.4787	0.2569
27	36	0.9501	0.5551	0.5572
27	42	0.6499	0.2675	0.5966
27	45	0.5513	0.3111	0.6072
28	29	0.9481	0.8551	0.2682
28	30	0.8003	0.3926	0.2337
29	30	0.9977	0.6773	0.1463
30	31	0.9990	0.9412	0.2058
30	32	0.9483	0.6611	0.6128
30	33	0.9999	0.7925	0.3606
30	34	0.9979	0.6549	0.3592
30	35	0.7496	0.4282	0.2911
30	36	0.8498	0.6267	0.2487
31	32	0.9502	0.7698	0.5975
31	33	0.6000	0.5781	0.4733
31	34	0.6006	0.6996	0.6157
32	33	0.5500	0.8256	0.2097
33	35	0.8501	0.7022	0.3480
33	36	0.9000	0.7705	0.5355
34	35	0.9993	0.7948	0.3207
34	36	0.9998	0.8241	0.7896
34	39	0.5994	0.7317	0.6292
35	36	0.9500	0.6455	0.6490
35	37	0.8996	0.3902	0.5303
35	38	0.6149	0.4975	0.4338
36	37	0.9971	0.9547	0.2604
36	38	0.9486	0.9328	0.7050
37	38	0.9982	0.7440	0.8873
37	39	0.9996	0.5278	0.9338
38	39	0.9991	0.7869	0.7775
39	40	0.9992	0.8549	0.5667
39	41	0.6039	0.6046	0.5258
40	41	0.9996	0.6915	0.7444
41	42	0.9999	0.8032	0.3661
41	43	0.8000	0.5263	0.7310
41	44	0.9991	0.8704	0.2928
42	43	0.9998	0.4865	0.5833
42	44	0.9997	0.7296	0.5856
42	45	0.9981	0.8048	0.3875
43	44	0.9999	0.6979	0.5626
43	45	0.8497	0.3239	0.3722
44	45	0.9993	0.9128	0.2773
