0	1	1.0000	0.5830	0.5507
0	2	1.0000	0.5068	0.7197
0	14	0.7493	0.6137	0.7410
0	15	0.6006	0.5407	0.0797
0	26	0.8997	0.8423	0.5660
0	27	0.6506	0.5802	0.5949
1	2	0.9994	0.6497	0.6150
1	3	0.8492	0.5661	0.1202
1	14	0.9981	0.5593	0.7698
1	15	0.9963	0.8004	0.0154
1	26	0.9976	0.7026	0.6913
1	27	0.9987	0.8938	0.7925
2	3	0.7994	0.6362	0.4939
2	13	0.8499	0.7580	0.7796
2	14	0.9991	0.6864	0.8494
2	15	0.9965	0.5563	0.0756
2	23	0.9484	0.5995	0.4992
2	26	1.0000	0.5045	0.7808
2	27	0.9998	0.4826	0.8325
3	4	0.6500	0.7930	0.1677
3	13	0.9994	0.7791	0.8769
3	14	0.9978	0.5704	0.6249
3	15	0.9958	0.8417	0.0280
3	23	0.6099	0.7585	0.4166
3	26	0.9991	0.7706	0.5716
4	10	0.9488	0.5595	0.3548
4	12	0.9989	0.2996	0.7372
4	13	0.7006	0.4079	0.6405
4	14	0.9498	0.1350	0.3077
4	15	0.9990	0.2297	0.4403
4	16	0.9981	0.6597	0.4639
4	17	0.9997	0.4604	0.5269
4	18	0.9487	0.4545	0.2348
4	19	0.7499	0.2436	0.5223
4	20	0.9998	0.1577	0.3070
4	22	1.0000	0.0481	0.3974
4	23	0.9997	0.1122	0.3932
4	26	1.0000	0.0905	0.4538
4	27	0.9992	0.0701	0.6165
5	6	0.9982	0.6148	0.6867
5	7	0.9486	0.4297	0.2169
5	8	0.6503	0.6447	0.7833
5	9	0.9989	0.7284	0.6805
5	10	1.0000	0.4826	0.9655
5	11	0.9000	0.6940	0.4532
6	7	0.9480	0.5061	0.6108
6	8	0.5506	0.4950	0.5885
6	9	0.8484	0.4911	0.3979
6	10	0.9003	0.1339	0.8550
7	8	0.9489	0.8717	0.2873
7	9	0.9994	0.7798	0.3467
7	10	0.9977	0.6967	0.3413
7	11	0.6003	0.4497	0.3212
8	9	0.9978	0.9920	0.1107
8	11	0.9494	0.7972	0.5634
8	13	0.8502	0.4399	0.6818
9	10	0.9999	0.5107	0.8080
9	11	0.9981	0.7691	0.2433
10	11	0.9997	0.9263	0.2571
10	15	0.5993	0.3644	0.6135
12	13	0.9476	0.9476	0.2620
12	14	0.5003	0.7180	0.4496
13	14	0.8995	0.6886	0.1302
14	15	0.9972	0.9601	0.0274
14	26	0.9997	0.9116	0.5636
15	16	0.9979	0.8129	0.0173
15	17	0.9494	0.8786	0.4634
15	20	0.7498	0.7512	0.3283
15	22	0.5999	0.2397	0.6065
15	23	0.9998	0.3694	0.6274
15	26	0.9995	0.3593	0.4982
16	17	0.9981	0.5700	0.6043
17	18	0.6494	0.8279	0.3761
17	19	0.6995	0.8342	0.5343
17	23	0.7000	0.7266	0.6762
17	27	0.7518	0.5563	0.6510
18	19	0.9982	0.5217	0.6253
18	20	0.9980	0.3541	0.5943
18	21	0.6971	0.3754	0.3641
19	20	0.9984	0.7926	0.7261
19	21	0.5481	0.3584	0.5991
20	21	0.9979	0.8749	0.6090
20	22	0.9978	0.4101	0.7262
20	23	0.5040	0.3345	0.3001
21	22	0.5508	0.3750	0.2115
22	23	0.9985	0.6952	0.2422
23	24	0.9970	0.8358	0.2648
23	25	0.8487	0.5058	0.3974
23	26	0.9995	0.5857	0.4073
23	27	0.9997	0.6261	0.4896
25	26	0.5483	0.7774	0.2834
25	27	0.9499	0.7481	0.6851
26	27	0.9496	0.4590	0.4120
