0	1	0.9999	0.8064	0.3223
0	2	0.9993	0.5440	0.5116
0	3	0.9499	0.9688	0.3098
0	4	0.9999	0.8494	0.4247
0	5	0.5504	0.3529	0.5085
0	7	0.9993	0.6826	0.6316
0	8	0.8001	0.3672	0.4170
0	10	0.6002	0.4017	0.5463
0	11	0.9998	0.8391	0.5882
0	12	0.9998	0.3413	0.7994
0	13	0.9989	0.4196	0.4488
0	14	0.9996	0.8269	0.8077
0	15	0.8500	0.4671	0.5604
1	2	0.9999	0.6163	0.4489
1	3	0.6505	0.1836	0.4187
1	4	0.7004	0.5723	0.5542
1	11	0.7501	0.2226	0.6496
1	13	1.0000	0.4038	0.7805
1	14	0.8496	0.3718	0.3827
2	3	0.9993	0.9693	0.3989
2	4	0.9995	0.6962	0.5522
2	5	0.9996	0.6174	0.5009
2	6	0.9487	0.9938	0.7430
2	7	0.9984	0.8920	0.6946
2	8	0.9974	0.5606	0.5828
2	9	0.8004	0.7831	0.3569
2	11	0.9987	0.9306	0.7910
2	12	0.9482	0.7058	0.7692
2	13	0.6006	0.4323	0.3154
3	4	0.9988	0.7029	0.1324
3	5	0.9500	0.4207	0.9519
3	7	0.7504	0.3893	0.1183
4	5	0.9993	0.6995	0.2768
4	8	0.5515	0.5508	0.3600
5	6	0.8497	0.9577	0.6359
5	7	0.9977	0.7581	0.6936
5	8	0.9982	0.5174	0.5304
5	9	0.5012	0.8531	0.5464
6	7	0.9985	0.8070	0.1550
6	8	0.7500	0.5144	0.9368
6	9	0.6003	0.7026	0.2913
7	8	0.9997	0.7400	0.3943
7	9	0.9999	0.4284	0.5984
7	10	0.9495	0.7529	0.2442
8	9	0.9993	0.7646	0.5422
8	10	0.9492	0.4970	0.4435
8	11	0.8997	0.9384	0.5786
8	13	0.7002	0.5425	0.4103
9	10	0.9992	0.5882	0.5020
9	12	0.8001	0.5163	0.4171
9	13	0.5503	0.5532	0.2757
10	11	0.7501	0.8281	0.3656
10	12	0.9000	0.6629	0.5198
10	13	0.8496	0.5555	0.3763
11	12	0.9993	0.6477	0.2790
11	13	0.9999	0.5323	0.7844
11	14	0.6005	0.5462	0.5869
12	13	0.9999	0.6756	0.3084
12	14	0.6504	0.3478	0.6123
12	15	0.6003	0.6712	0.3687
13	14	0.9997	0.8441	0.5144
13	15	0.7998	0.5579	0.4652
14	15	0.9994	0.7447	0.4955
