0	1	0.9996	0.4357	0.4211
0	5	0.6497	0.3698	0.6660
0	6	0.9500	0.7119	0.3954
0	7	0.9993	0.9630	0.2236
0	8	0.9996	0.7780	0.5017
0	9	0.9489	0.4531	0.7937
0	14	0.7998	0.8541	0.1416
0	17	0.9500	0.8547	0.4319
0	19	0.9996	0.6553	0.3595
1	2	0.9997	0.7921	0.5137
1	3	0.8500	0.5744	0.4005
1	5	0.9995	0.2550	0.8338
1	6	0.9996	0.5917	0.4172
1	7	0.7492	0.3085	0.3465
1	8	0.9995	0.4663	0.6295
1	9	0.9646	0.4491	0.7382
2	3	0.9491	0.4016	0.4335
2	4	1.0000	0.4169	0.9940
2	5	0.9995	0.3789	0.6797
2	6	0.9999	0.4851	0.4210
2	7	0.7508	0.4770	0.5963
2	8	0.8985	0.4825	0.7377
2	9	0.9997	0.7663	0.9675
3	4	0.9999	0.7160	0.5641
3	5	0.9988	0.4193	0.4836
3	6	0.9994	0.5739	0.2659
3	9	0.7499	0.8183	0.7418
4	5	0.9998	0.6186	0.3595
4	6	1.0000	0.6578	0.4535
4	7	0.5295	0.8778	0.3853
4	9	0.9494	0.8869	0.8361
5	6	1.0000	0.4655	0.5133
5	7	0.9991	0.4956	0.4929
5	8	0.9996	0.4706	0.5932
5	9	0.9992	0.6465	0.6079
6	7	0.9996	0.8253	0.5731
6	8	0.9997	0.6087	0.6022
6	9	0.9997	0.5548	0.9025
7	8	0.9995	0.5775	0.5979
7	9	0.9985	0.7191	0.8163
7	15	0.5489	0.1922	0.1828
7	16	0.8491	0.5100	0.5375
8	9	0.9987	0.8505	0.7386
8	10	0.5932	0.6319	0.4391
8	11	0.9987	0.9155	0.4104
8	14	0.8958	0.8683	0.6321
8	15	0.9496	0.5745	0.3468
8	16	0.9980	0.6462	0.4823
8	17	0.9980	0.7364	0.5794
8	19	0.6505	0.7987	0.6728
10	11	1.0000	0.6119	0.5243
10	12	0.9495	0.5730	0.4852
10	13	0.8004	0.5433	0.4197
10	15	0.6124	0.5819	0.3949
10	16	0.5503	0.5194	0.4594
11	12	0.9996	0.6257	0.4549
11	13	0.9996	0.4996	0.8283
11	15	0.9992	0.4301	0.2826
11	16	0.9987	0.4647	0.5957
11	17	0.9990	0.4374	0.4503
12	13	0.9976	0.5709	0.6634
12	15	0.9494	0.4113	0.3413
12	16	0.9972	0.5208	0.6423
13	15	0.9994	0.5930	0.5276
13	16	0.9976	0.6061	0.6864
13	17	0.9983	0.7895	0.6595
14	15	0.8495	0.6471	0.2540
14	16	0.9497	0.1418	0.3696
14	17	0.9977	0.5711	0.4405
14	18	0.9461	0.7705	0.2882
14	19	0.9965	0.5300	0.9650
14	20	0.7997	0.4294	0.7531
14	21	0.8977	0.6459	0.7718
14	23	0.9997	0.9681	0.0324
15	16	0.9984	0.4175	0.5196
15	17	0.9479	0.4886	0.5693
15	18	0.5491	0.3221	0.1521
15	19	0.7988	0.3365	0.5705
16	17	0.9989	0.5935	0.5579
16	18	0.9001	0.7709	0.3078
16	19	0.9981	0.7624	0.7449
16	20	0.8008	0.3331	0.4146
16	21	0.7001	0.4467	0.5477
16	23	0.7004	0.9072	0.1265
17	18	0.9993	0.9386	0.3029
17	19	0.9971	0.5969	0.7143
17	20	0.7002	0.5582	0.4828
17	21	0.7983	0.9000	0.5850
18	19	1.0000	0.3784	0.9510
18	20	0.9997	0.0439	0.7229
18	21	0.9999	0.1322	0.7856
18	22	0.7511	0.2286	0.5350
18	23	0.9995	0.7645	0.2293
18	24	0.9995	0.7934	0.6191
18	26	0.8502	0.8437	0.7191
19	20	0.9496	0.9045	0.6938
19	21	0.8986	0.9345	0.4402
19	23	0.9496	0.8301	0.2252
20	21	0.9485	0.6430	0.4649
20	23	0.9493	0.6673	0.1095
21	22	0.7503	0.7733	0.4467
21	23	0.9988	0.8945	0.1353
22	23	0.9969	0.7795	0.0916
23	24	0.9981	0.5832	0.5814
23	25	0.9474	0.6764	0.7679
23	26	0.8497	0.5498	0.4288
24	25	0.9488	0.9601	0.6471
24	26	0.9994	0.6259	0.6236
24	27	0.9002	0.7597	0.6929
24	28	1.0000	0.7387	0.5537
24	29	0.5018	0.5648	0.4451
25	26	0.8974	0.7678	0.2788
26	27	0.9998	0.4369	0.7724
26	28	0.9998	0.5562	0.5386
26	29	0.9991	0.6576	0.5582
27	28	0.9984	0.9321	0.4276
27	29	0.6011	0.6284	0.3798
27	31	0.7000	0.2448	0.6063
28	29	1.0000	0.7525	0.5683
28	30	0.9999	0.6545	0.4167
28	31	0.9989	0.7664	0.4411
28	32	0.9996	0.7250	0.8557
29	30	1.0000	0.6091	0.4401
29	31	0.9997	0.4270	0.5990
29	32	0.9998	0.7351	0.8560
29	33	0.9495	0.7834	0.5119
29	34	0.6531	0.6610	0.8151
30	31	0.9995	0.7420	0.5322
30	32	0.7969	0.5762	0.6764
30	33	0.9988	0.3476	0.6488
30	34	0.9998	0.3934	0.8639
31	32	0.9995	0.7671	0.3079
31	33	0.6499	0.6445	0.5025
32	33	0.8982	0.9491	0.1048
33	34	0.9995	0.5569	0.4554
33	35	0.9991	0.6575	0.7499
33	36	0.8491	0.5609	0.5136
33	37	0.9978	0.6763	0.7051
33	38	0.9495	0.6115	0.4366
34	35	0.8998	0.9489	0.4815
34	36	0.9995	0.5440	0.4618
34	37	0.9994	0.7873	0.6462
34	38	0.7501	0.6312	0.5522
35	36	0.9996	0.6753	0.3636
35	37	0.9492	0.6573	0.3445
35	38	0.8997	0.6687	0.3791
36	37	0.9990	0.4767	0.5218
36	39	0.8980	0.4785	0.5403
36	40	0.8950	0.5773	0.5235
36	41	0.8491	0.5200	0.2807
36	42	0.9484	0.4447	0.2608
37	38	0.9995	0.5227	0.4837
37	39	0.9986	0.5939	0.5708
37	40	0.7999	0.7413	0.4232
37	42	0.7995	0.6571	0.4483
38	39	0.9992	0.5767	0.5375
38	40	0.9992	0.7228	0.4914
38	41	0.8997	0.4178	0.4184
38	42	0.8992	0.2301	0.3455
39	40	0.9498	0.6384	0.3355
39	41	0.9979	0.8905	0.3469
39	42	0.9488	0.4410	0.3749
39	44	0.5502	0.7107	0.1239
40	41	0.9989	0.9355	0.3935
40	42	0.8992	0.8142	0.4125
40	43	0.5004	0.5702	0.6263
40	44	0.8025	0.8959	0.1578
41	42	1.0000	0.5084	0.5779
41	43	1.0000	0.5745	0.5847
41	44	0.9495	0.7224	0.3490
41	57	0.5496	0.4782	0.7374
42	43	0.9998	0.7443	0.4883
42	44	0.9992	0.6058	0.2880
42	57	0.9998	0.6561	0.7953
43	44	0.9999	0.6142	0.3562
43	45	0.7504	0.6569	0.2226
43	57	0.9002	0.6113	0.7496
44	45	0.9000	0.8811	0.1880
44	46	0.6998	0.2332	0.2428
44	53	0.9963	0.7630	0.4738
44	57	0.9998	0.9651	0.8542
45	46	0.9993	0.6006	0.5143
46	47	0.9987	0.8077	0.6445
46	48	0.9500	0.7641	0.4062
46	49	0.5516	0.5496	0.2879
47	48	0.9989	0.7075	0.7250
47	49	0.8000	0.6684	0.5209
47	50	0.8002	0.5647	0.4803
48	49	0.9997	0.6989	0.5496
48	51	0.6124	0.6420	0.4274
49	50	0.9995	0.6222	0.6235
49	51	0.5991	0.5143	0.5531
50	51	0.9971	0.5875	0.5204
50	53	0.9995	0.6710	0.3743
51	52	0.6939	0.4963	0.5122
51	53	0.9498	0.6475	0.3712
51	54	0.5002	0.4584	0.4404
52	53	0.9999	0.6874	0.4600
52	54	0.9491	0.3371	0.6276
52	55	0.9998	0.5840	0.5796
52	56	0.7003	0.6111	0.3858
53	54	0.9999	0.7540	0.5235
53	55	0.9997	0.6050	0.6563
53	56	0.9994	0.5806	0.6626
53	57	0.7503	0.8386	0.1193
54	55	0.9998	0.6627	0.5216
54	56	0.9995	0.7508	0.4966
54	57	0.5508	0.4246	0.1599
55	56	1.0000	0.6964	0.4410
55	57	0.9994	0.8719	0.0267
56	57	0.9497	0.9013	0.0477
