0	1	0.9986	0.9162	0.4144
0	3	0.5001	0.8296	0.0634
0	15	0.9484	0.7308	0.1373
0	17	0.9990	0.9314	0.2994
0	18	0.9995	0.6649	0.1770
0	19	0.9996	0.7609	0.7859
1	2	0.9993	0.8506	0.2414
1	3	0.8998	0.5544	0.6522
1	4	0.9978	0.7993	0.2099
1	16	0.5989	0.8915	0.0444
1	17	0.9482	0.5351	0.3297
1	18	0.9987	0.6987	0.1516
1	19	0.8995	0.5911	0.6277
2	3	0.9994	0.7665	0.8018
2	4	0.9978	0.4858	0.2861
2	6	0.9984	0.4210	0.2566
2	14	0.9501	0.2439	0.8942
2	15	0.9502	0.0480	0.2017
2	16	0.9999	0.3991	0.5606
2	17	0.9500	0.8690	0.1671
2	18	0.7511	0.0274	0.1829
3	4	1.0000	0.8505	0.2405
3	5	0.9999	0.2881	0.6986
3	6	0.8490	0.6356	0.0766
3	17	0.9988	0.5039	0.5220
3	18	0.9989	0.7755	0.1397
4	5	0.9990	0.9047	0.6745
4	6	0.9996	0.4587	0.4483
4	8	0.9984	0.5761	0.6078
4	14	0.8507	0.1543	0.9811
4	16	0.9973	0.2713	0.8662
5	6	0.9997	0.6011	0.3324
6	7	0.9986	0.9431	0.7448
6	8	0.9998	0.6080	0.4503
6	10	0.9972	0.8944	0.8151
6	12	0.9980	0.7811	0.9987
6	14	0.9986	0.6700	0.9513
6	16	0.9970	0.7357	0.8811
7	8	1.0000	0.6204	0.4760
7	9	0.9964	0.2189	0.6949
7	10	0.5503	0.5072	0.2790
8	9	0.9989	0.6679	0.5933
8	10	0.9992	0.5189	0.5880
8	12	0.9991	0.5478	0.9038
8	14	0.9994	0.6152	0.7004
8	16	0.9981	0.8348	0.8738
9	10	0.9996	0.6045	0.4125
9	11	0.9420	0.2256	0.6119
9	12	0.7003	0.4774	0.3288
10	11	0.9981	0.6528	0.7944
10	12	0.9992	0.4912	0.6216
10	13	0.6005	0.6350	0.8201
10	14	1.0000	0.6282	0.4547
10	16	0.7490	0.8024	0.5314
11	12	0.9999	0.6987	0.4733
11	13	0.9935	0.3557	0.5711
11	14	0.5665	0.6701	0.0033
12	13	0.9991	0.7567	0.8254
12	14	1.0000	0.8059	0.5130
12	16	0.9988	0.9869	0.4994
13	14	0.9999	0.8339	0.1314
13	15	0.8965	0.3322	0.7796
14	15	0.9997	0.9679	0.8406
14	16	0.9998	0.7889	0.4341
15	16	1.0000	0.5939	0.3792
15	17	0.9996	0.0803	0.4042
15	18	1.0000	0.3020	0.7013
15	19	0.9993	0.2996	0.4428
16	17	0.9991	0.9946	0.4474
16	18	0.9972	0.7849	0.7211
16	19	0.5022	0.4546	0.4934
17	18	0.9998	0.6733	0.3725
17	19	0.7985	0.5532	0.1864
18	19	1.0000	0.5774	0.5213
