0	1	0.9989	0.6720	0.4838
0	3	0.8005	0.4257	0.6301
0	4	0.9972	0.7448	0.4414
1	2	0.9487	0.8486	0.3435
1	3	0.9500	0.7148	0.5553
1	4	1.0000	0.4641	0.5886
1	6	0.7197	0.4691	0.5921
1	7	0.8491	0.6475	0.5281
2	4	0.7993	0.3230	0.5298
3	4	0.9994	0.7899	0.4046
4	5	0.9487	0.8331	0.1454
4	6	0.6510	0.6292	0.6913
4	7	0.9493	0.7503	0.5765
5	6	0.9498	0.4686	0.5168
5	7	0.8000	0.4871	0.4196
5	8	0.5995	0.2862	0.3345
5	9	0.8498	0.5314	0.5600
5	10	0.8993	0.4759	0.5150
5	11	0.9994	0.5555	0.4916
5	12	0.9991	0.4313	0.5885
5	13	0.7020	0.1972	0.4659
6	7	0.9993	0.4541	0.5272
6	8	0.9492	0.5881	0.6334
6	9	0.8992	0.5398	0.6590
6	10	0.9980	0.5075	0.5547
6	11	0.9997	0.5412	0.5517
6	12	0.9997	0.5577	0.5086
6	13	0.6003	0.4032	0.4183
7	8	0.9968	0.9371	0.5571
7	9	0.9998	0.7264	0.4886
7	10	0.9484	0.4464	0.5513
7	11	0.7999	0.4934	0.6057
7	12	0.9997	0.5857	0.5836
8	9	0.9987	0.7645	0.2180
8	11	0.5500	0.5630	0.5578
8	12	0.8002	0.6450	0.2760
9	10	0.9994	0.6447	0.4985
9	11	0.9206	0.5997	0.5803
9	12	0.9493	0.5726	0.5329
10	11	0.9996	0.5561	0.3304
10	12	0.9999	0.5408	0.5148
10	13	0.6991	0.2358	0.4054
11	12	1.0000	0.4720	0.5262
11	13	0.5011	0.1335	0.3108
11	14	0.6004	0.1533	0.6568
12	13	0.9497	0.9200	0.3960
13	14	0.9998	0.7290	0.4870
14	15	0.8031	0.8046	0.2134
15	16	0.9984	0.5117	0.4919
15	17	0.9984	0.6574	0.5838
15	18	0.9991	0.5947	0.4531
15	19	0.9992	0.4725	0.5374
16	17	0.9986	0.5368	0.5389
16	18	0.9999	0.5478	0.3988
16	19	0.9991	0.5995	0.3566
16	20	0.5004	0.7237	0.2452
17	18	0.9995	0.5540	0.3407
17	19	0.9988	0.4511	0.5804
17	20	0.7498	0.5558	0.4376
18	19	0.9494	0.6495	0.4525
19	20	0.8000	0.7146	0.3924
