0	1	0.8994	0.5144	0.5188
0	2	0.9995	0.5859	0.5275
0	3	0.9999	0.6125	0.5473
0	5	0.8002	0.6609	0.4346
1	2	0.9988	0.5539	0.5473
1	3	0.9998	0.6327	0.5452
1	5	0.7494	0.6196	0.5255
2	3	0.9995	0.6087	0.5465
2	4	0.5498	0.3781	0.4810
2	5	0.9984	0.5328	0.4989
3	4	0.9982	0.7931	0.5941
3	5	0.9998	0.4816	0.5534
3	6	0.8003	0.5717	0.5739
4	5	0.9973	0.4440	0.4943
4	6	0.7502	0.4449	0.4823
5	6	0.9999	0.7304	0.5460
5	7	0.7947	0.4934	0.5178
6	7	1.0000	0.7323	0.4837
6	8	0.9002	0.7672	0.3858
7	8	0.9996	0.5672	0.4889
7	9	0.9501	0.6502	0.4155
8	9	1.0000	0.5735	0.4839
8	10	1.0000	0.7023	0.5761
9	10	1.0000	0.5982	0.5407
9	12	0.6551	0.4103	0.4289
10	11	0.9940	0.9755	0.3964
10	12	0.9998	0.7572	0.3758
11	12	0.9975	0.5361	0.2517
12	13	0.9978	0.9347	0.6268
12	14	0.9999	0.5798	0.5319
12	15	0.7977	0.5505	0.3774
13	14	0.9988	0.8788	0.1046
14	15	1.0000	0.6313	0.4837
14	16	1.0000	0.6716	0.4256
14	17	0.9497	0.6746	0.3013
15	16	0.8968	0.4908	0.5115
15	17	0.8499	0.5980	0.3723
16	17	1.0000	0.6146	0.5364
16	18	0.9999	0.6611	0.4963
16	19	0.5016	0.6016	0.2834
17	18	0.9973	0.5396	0.4783
17	19	0.8997	0.5727	0.3914
18	19	0.8958	0.5106	0.4459
18	20	0.9000	0.5629	0.4542
19	20	0.9967	0.4871	0.4709
19	21	0.7502	0.6104	0.3774
20	21	0.9994	0.5177	0.5011
20	22	0.9998	0.6150	0.4841
21	22	0.9997	0.5431	0.5071
21	23	0.9998	0.5697	0.3792
22	23	0.9999	0.5918	0.4120
22	24	0.9999	0.7344	0.3819
22	25	0.7009	0.5594	0.3932
23	24	1.0000	0.5173	0.5039
23	25	1.0000	0.5392	0.4007
23	26	0.5573	0.3536	0.3766
24	25	0.9999	0.6578	0.3578
24	26	1.0000	0.5680	0.4189
25	26	0.9993	0.5017	0.4681
25	27	1.0000	0.6599	0.4577
25	28	0.6502	0.6226	0.4771
26	27	1.0000	0.7029	0.4328
26	28	1.0000	0.7250	0.4737
27	28	1.0000	0.5296	0.5406
27	29	0.9986	0.4518	0.3418
28	29	1.0000	0.5651	0.3512
28	30	0.9995	0.5458	0.3188
29	30	1.0000	0.5499	0.4804
