0	13	0.8495	0.6597	0.5230
0	21	0.5506	0.7325	0.5237
1	2	0.6987	0.4794	0.2514
1	3	0.9981	0.5986	0.7729
2	3	0.9988	0.7900	0.5930
2	4	0.9981	0.5255	0.5363
2	6	0.7500	0.7759	0.3941
2	12	0.9989	0.5062	0.2984
2	13	0.9489	0.5867	0.5623
3	4	0.9992	0.7979	0.5451
3	6	0.6010	0.2252	0.5131
3	12	0.9999	0.6563	0.5339
3	13	0.9998	0.6968	0.4795
3	14	1.0000	0.6155	0.9004
3	21	0.8504	0.6720	0.5447
4	5	0.6500	0.9825	0.4109
4	6	0.9497	0.9659	0.4631
4	9	0.8992	0.8083	0.6507
4	10	0.9989	0.5768	0.5360
4	11	0.9992	0.5594	0.8449
4	12	0.9997	0.4527	0.3632
4	13	0.7976	0.5331	0.6021
4	20	0.5491	0.6026	0.7308
5	6	0.9482	0.7747	0.3659
5	7	0.7494	0.7234	0.3347
5	9	0.8500	0.3800	0.6139
5	10	0.6501	0.7961	0.3674
5	12	0.8984	0.6645	0.7052
6	7	1.0000	0.8474	0.5090
6	8	0.9173	0.8483	0.4665
6	9	0.8999	0.7133	0.6642
6	10	0.9996	0.6512	0.4166
6	12	0.7498	0.4826	0.6312
7	8	0.8998	0.7175	0.4060
7	9	0.8495	0.7141	0.5453
8	9	0.9990	0.6238	0.3741
8	10	0.6503	0.4802	0.4206
9	10	0.9987	0.6648	0.3407
9	12	0.9990	0.8409	0.5189
10	11	0.9981	0.9578	0.3028
10	12	0.9985	0.6715	0.3400
10	13	1.0000	0.5047	0.8510
10	20	0.9998	0.3456	0.6668
11	12	0.9966	0.9515	0.1776
11	13	0.9972	0.8664	0.9854
12	13	0.9999	0.4719	0.4290
12	14	0.8244	0.3900	0.4507
12	20	0.9978	0.5671	0.8501
12	21	0.9497	0.2829	0.2742
12	31	0.8494	0.6932	0.4028
13	14	0.9999	0.7240	0.3218
13	18	0.5021	0.8420	0.3519
13	20	0.9973	0.6625	0.7737
13	21	0.8993	0.7980	0.3970
13	31	0.8994	0.7497	0.5133
14	15	0.9004	0.8669	0.3698
14	16	1.0000	0.7188	0.5517
14	17	0.9999	0.6474	0.6015
14	20	1.0000	0.3661	0.8806
14	21	0.8502	0.7220	0.5306
14	22	0.7994	0.9447	0.3785
14	23	0.8503	0.3981	0.0919
14	31	0.5507	0.7566	0.3544
15	16	0.9996	0.5024	0.7238
15	17	0.9498	0.6173	0.5050
15	21	0.9997	0.4187	0.8096
16	17	0.9993	0.3860	0.5326
16	21	0.9990	0.6339	0.5136
16	22	0.9994	0.5925	0.3456
16	23	0.7002	0.4282	0.3167
16	24	0.7504	0.2911	0.4620
16	25	0.5013	0.3950	0.4461
16	27	0.8996	0.5782	0.4361
16	29	0.5003	0.3371	0.5052
16	31	0.8000	0.6064	0.4636
16	37	0.5005	0.3010	0.3595
17	18	0.6502	0.8830	0.4389
17	20	1.0000	0.6194	0.4688
17	21	0.9496	0.4261	0.5505
17	22	0.7037	0.6511	0.4158
18	19	0.8502	0.6444	0.6378
18	20	0.9492	0.3911	0.0639
19	20	0.9998	0.2587	0.0928
20	21	0.9968	0.9690	0.1553
21	22	0.8993	0.8455	0.2914
22	23	0.6994	0.5366	0.0489
23	24	1.0000	0.7953	0.4038
23	25	0.9993	0.5010	0.5278
23	26	1.0000	0.6695	0.5398
23	27	0.9982	0.4197	0.5137
23	28	0.7706	0.7494	0.3864
23	29	0.9995	0.4782	0.4222
23	31	0.9995	0.1209	0.6051
24	25	0.9498	0.4534	0.6410
24	26	0.8994	0.3987	0.4278
24	27	0.9499	0.3552	0.6843
24	29	0.9499	0.3913	0.7186
24	31	0.9499	0.7140	0.2270
25	26	0.9988	0.8320	0.6079
25	27	0.9493	0.5022	0.5576
25	28	0.7003	0.7923	0.5211
25	29	0.8493	0.5658	0.3651
25	31	0.9997	0.2442	0.6414
26	27	1.0000	0.6269	0.6771
26	28	0.9998	0.1910	0.4749
26	29	0.9978	0.6355	0.1613
26	31	0.9501	0.6558	0.4940
27	28	0.9993	0.8878	0.3777
27	29	0.9995	0.5340	0.4753
27	31	0.9992	0.2388	0.6303
27	32	0.6001	0.4805	0.3344
28	29	0.9985	0.4322	0.4305
28	30	0.8005	0.3607	0.3194
28	31	0.9996	0.5438	0.3544
29	30	0.9499	0.7787	0.2068
29	31	0.9993	0.3713	0.5759
30	31	0.9977	0.4927	0.1125
31	32	0.9986	0.9245	0.1494
31	33	0.6505	0.6647	0.6090
31	36	0.6016	0.5296	0.5266
32	33	0.9980	0.8683	0.4830
32	34	0.9999	0.7349	0.3604
32	35	0.9502	0.8985	0.5248
32	36	0.9997	0.4527	0.6482
32	37	0.9496	0.4140	0.5608
33	34	0.9995	0.4714	0.4796
33	37	0.7010	0.5674	0.6872
34	35	0.9997	0.7519	0.6443
34	36	0.9993	0.3641	0.5739
34	37	0.8997	0.4973	0.6141
35	36	0.9994	0.5458	0.3804
35	37	0.9218	0.6672	0.4467
36	37	1.0000	0.7142	0.4254
