0	1	0.9984	0.5649	0.2354
0	2	1.0000	0.5555	0.8655
0	4	0.6508	0.5906	0.6592
0	5	0.9493	0.5894	0.3683
0	6	1.0000	0.4003	0.6741
1	2	0.9996	0.4778	0.4049
1	3	0.7494	0.5554	0.1759
1	5	0.6982	0.2812	0.2166
1	6	0.9971	0.4499	0.7439
2	3	0.9996	0.8796	0.1939
2	5	0.9990	0.5111	0.1961
2	6	0.9995	0.5030	0.6039
3	4	0.9500	0.6634	0.4463
3	5	0.9999	0.6834	0.2863
3	6	1.0000	0.4937	0.4775
3	9	0.9003	0.6035	0.9458
3	10	0.7509	0.8735	0.0532
3	14	0.9981	0.8149	0.7612
4	5	0.9992	0.7177	0.3019
4	6	0.9998	0.5791	0.4665
4	9	0.9500	0.9680	0.8925
4	14	0.7475	0.8584	0.7084
5	6	1.0000	0.4454	0.3954
6	13	0.9991	0.9867	0.6302
7	8	0.8997	0.8191	0.1485
7	9	0.9486	0.3319	0.3095
7	11	0.9487	0.5460	0.6734
7	12	0.9991	0.5962	0.8119
7	13	0.9971	0.3399	0.0618
8	9	0.6979	0.4575	0.2476
8	11	0.8991	0.2997	0.5896
8	13	0.9994	0.1911	0.0564
8	17	0.9497	0.4057	0.8982
8	21	0.9996	0.7822	0.7631
9	10	0.9998	0.9632	0.3361
9	11	0.9968	0.9612	0.5768
9	13	1.0000	0.4574	0.2796
9	14	0.7974	0.9891	0.1228
9	17	0.9997	0.5603	0.5559
9	18	0.9005	0.2121	0.3408
9	19	0.5004	0.4788	0.5248
9	20	0.9997	0.5442	0.4632
9	21	0.9992	0.2725	0.4910
10	14	1.0000	0.3614	0.6017
10	17	1.0000	1.0000	0.1466
10	19	0.9999	0.9786	0.6947
11	12	0.9990	0.6034	0.9821
11	13	0.9999	0.7776	0.5686
11	15	0.9997	0.5163	0.9780
11	17	1.0000	0.0067	0.8081
12	13	1.0000	0.8734	0.1365
12	15	0.5021	0.1588	0.9341
12	17	0.9999	0.2539	0.8530
13	17	0.9986	0.0527	0.5878
15	16	0.9998	0.1651	0.8452
15	17	0.9985	0.9946	0.6389
15	18	0.9986	0.4471	0.1312
16	17	0.9981	0.2667	0.2531
16	18	0.9988	0.3973	0.3883
17	18	1.0000	0.5796	0.7679
17	19	1.0000	0.4410	0.7684
17	20	0.9992	0.3557	0.3814
18	19	0.9994	0.8166	0.8535
19	20	0.8001	0.5562	0.5345
20	21	0.9993	0.9883	0.2979
