0	1	1.0000	0.4512	0.9373
0	2	0.9950	0.1882	0.0260
0	8	0.9996	0.9960	0.0002
0	10	1.0000	1.0000	0.0001
0	13	0.9040	0.9947	0.0030
0	19	1.0000	0.9959	0.2615
0	21	0.9960	0.6565	0.0273
0	24	0.9971	0.2796	0.0154
1	2	0.9999	0.9999	0.2880
1	7	0.9991	0.2716	0.9809
1	8	0.9966	0.6522	0.0359
1	10	1.0000	0.1790	0.0032
1	13	0.9505	0.0038	0.0106
1	19	0.9991	0.8242	0.6792
1	21	0.9999	0.9992	0.1018
2	3	0.9993	0.9628	0.9535
2	8	1.0000	0.7484	0.2054
2	10	1.0000	0.8699	0.3724
2	13	0.8493	0.9612	0.4575
2	19	0.9974	0.5865	0.6809
2	20	0.9990	0.0179	0.3930
2	21	0.9997	0.5090	0.4989
2	22	0.9999	0.8982	0.3024
2	23	0.9983	0.2082	0.2228
2	24	0.5513	0.0678	0.0260
3	4	0.9984	0.4152	0.0000
3	7	0.9994	0.2358	0.4620
3	8	0.9960	0.6750	0.1656
3	22	0.9965	0.7026	0.4396
3	23	0.9995	0.8915	0.0165
4	5	1.0000	0.8166	0.3539
4	6	0.9992	0.6619	0.5350
4	17	0.5989	0.9254	0.0084
4	22	0.7022	0.0064	0.1728
5	6	0.9463	0.3012	0.6207
5	16	0.9484	0.1609	0.5456
5	17	0.9493	0.4437	0.2955
5	18	0.6080	0.0016	0.0466
5	22	0.8500	0.5895	0.1024
6	16	0.7992	0.1627	0.3700
6	22	0.7020	0.1039	0.0496
7	8	0.9995	0.4196	0.2795
7	9	0.9973	0.1227	0.8014
8	9	0.9957	0.8565	0.6007
8	10	1.0000	0.5273	0.3843
8	13	1.0000	0.5640	0.4300
8	19	0.9997	0.3045	0.8612
8	21	0.9994	0.2892	0.6538
9	10	0.9997	0.5336	0.3227
9	11	0.5192	0.0317	0.0118
9	12	0.9981	0.3172	0.8143
9	13	0.9966	0.4939	0.0000
10	11	0.9999	1.0000	0.0790
10	12	0.9957	0.8360	0.7141
10	13	0.9997	0.4592	0.4711
10	15	0.9999	0.3991	0.6197
10	19	0.9999	0.3212	0.6226
10	21	0.9990	0.5991	0.5881
11	12	0.9977	0.5679	0.1730
11	13	0.9992	0.6180	1.0000
11	14	0.9500	0.9679	0.2632
12	13	0.9994	0.7034	0.3990
12	18	0.9991	0.1477	0.9502
13	14	0.9965	0.9410	0.6841
13	15	0.9999	0.5333	0.4781
13	18	0.9992	1.0000	0.7353
13	19	0.9998	0.5610	0.5160
13	21	0.9981	0.7334	0.6729
14	15	1.0000	0.6765	0.3174
14	18	0.9998	0.2621	0.6871
14	19	0.9482	0.6314	0.0047
15	18	0.9986	0.9958	0.8399
15	19	0.9988	0.6805	0.5149
15	21	0.9993	0.9879	0.6446
16	17	0.9997	0.8025	0.5648
18	19	0.9992	0.5742	0.4304
18	20	0.9996	0.2570	0.7195
18	21	0.9447	0.5379	0.0092
19	20	0.9976	0.8362	0.7168
19	21	0.9995	0.7784	0.4272
20	21	0.9996	0.4835	0.2624
20	23	1.0000	0.2708	0.5388
20	24	0.9990	0.8311	0.5109
21	22	0.9997	1.0000	0.1456
21	23	0.9998	0.8525	0.1146
21	24	0.8552	0.0192	0.1187
22	23	0.9969	0.6696	0.0847
23	24	0.9999	0.7352	0.2081
