0	1	0.9999	0.8256	0.3186
0	2	0.8002	0.8666	0.2030
0	4	0.8000	0.7945	0.6219
0	13	0.9991	0.2955	0.4028
1	13	0.8001	0.1427	0.4823
2	4	0.5500	0.4272	0.4889
2	5	0.7988	0.4177	0.6790
2	12	0.9005	0.5248	0.4475
2	13	0.9512	0.0089	0.6561
3	4	0.9976	0.7187	0.3003
4	5	0.9978	0.9993	0.0123
4	6	0.9979	0.9349	0.6769
4	7	0.9995	0.6958	0.5483
4	8	0.9996	0.5718	0.4118
4	9	0.9995	0.3092	0.9688
4	10	0.8002	0.3511	0.6997
4	11	0.9999	0.5466	0.3953
4	12	0.9500	0.9235	0.6566
4	14	1.0000	0.4771	0.8042
4	15	0.8000	0.7089	0.1959
5	6	0.9945	0.7644	0.1047
5	12	0.9980	0.2268	0.9915
5	13	0.9980	0.2111	0.0710
6	7	0.9998	0.9036	0.5360
6	12	0.9996	0.8483	0.8612
6	13	0.9992	0.1146	0.4112
6	15	0.9995	0.6046	0.7636
7	8	0.9989	0.9166	0.0547
7	9	0.9975	0.9724	0.9048
7	11	1.0000	0.8874	0.8781
7	12	1.0000	0.7439	0.4349
7	14	0.9502	0.4803	0.6763
8	9	0.9993	0.5809	0.5430
8	10	0.9973	0.2187	0.5418
8	11	0.9999	0.6279	0.4651
9	10	0.9997	0.9199	0.5082
9	11	0.9997	0.7936	0.3265
10	11	0.9979	0.6460	0.1196
11	12	1.0000	0.9435	0.3445
11	14	0.9999	0.5709	0.4118
12	13	0.9996	0.6341	0.6284
12	14	1.0000	0.5869	0.4453
13	14	0.9992	0.7375	0.1622
14	15	0.9993	0.7635	0.7232
