0	1	0.9994	0.4437	0.4717
0	2	0.9988	0.4278	0.2653
0	18	0.9996	0.7009	0.2036
0	19	0.9998	0.5684	0.4487
1	2	0.9998	0.5363	0.3890
1	3	0.9997	0.6818	0.4980
1	18	0.9008	0.2553	0.2154
1	19	0.9989	0.5489	0.5944
2	3	1.0000	0.6114	0.4920
2	4	0.9996	0.6207	0.4424
3	4	0.9993	0.4878	0.4577
3	5	0.9478	0.3433	0.6350
3	6	0.8493	0.5160	0.4966
4	5	0.9989	0.5658	0.5883
4	6	0.9990	0.6963	0.6781
5	6	0.9999	0.5202	0.5008
5	7	0.9993	0.0295	0.9694
5	8	0.8998	0.5523	0.4395
5	9	0.9490	0.4501	0.5181
6	7	0.9974	0.9895	0.8059
6	8	1.0000	0.5917	0.4054
6	9	0.9997	0.5351	0.5896
6	10	0.9500	0.5683	0.4861
7	8	0.9972	0.9923	0.1050
7	9	0.9979	0.8887	0.5063
7	10	0.9968	0.9694	0.4380
7	11	0.8980	0.9766	0.2275
8	9	0.9993	0.4149	0.4969
8	10	0.9991	0.3279	0.4821
8	11	0.8495	0.3368	0.4286
9	10	0.9997	0.5306	0.4664
9	11	0.9997	0.5150	0.4813
9	12	0.9990	0.4662	0.4428
10	11	0.5431	0.4017	0.4012
10	12	0.9500	0.4414	0.3971
11	12	0.9469	0.4813	0.4470
11	13	0.9501	0.6255	0.4073
11	14	0.7001	0.3575	0.4607
12	13	1.0000	0.7286	0.4625
12	14	0.9996	0.4917	0.5223
13	14	1.0000	0.4691	0.4883
13	15	0.5481	0.4960	0.4437
13	16	0.9990	0.5359	0.4809
13	17	0.7503	0.6777	0.3726
14	15	0.9957	0.9127	0.4393
14	16	0.9995	0.5311	0.3744
14	17	0.9998	0.5998	0.4538
15	16	0.9975	0.7413	0.2097
15	17	1.0000	0.4516	0.9555
16	17	0.9995	0.5611	0.4729
16	18	0.9997	0.5101	0.4198
17	18	1.0000	0.4957	0.4433
17	19	0.8001	0.4541	0.2689
18	19	0.9986	0.3674	0.3111
