0	1	0.9998	0.6467	0.5459
0	2	0.9995	0.5188	0.4485
0	3	0.9995	0.5346	0.4972
0	9	0.6505	0.6385	0.5756
0	11	0.9997	0.6635	0.7085
1	2	0.9993	0.5505	0.4084
1	3	0.9995	0.6230	0.4796
1	4	0.8499	0.6026	0.4326
1	11	0.9489	0.5274	0.6911
2	3	0.9495	0.6242	0.5060
2	4	0.9994	0.5753	0.3324
3	4	1.0000	0.6197	0.4491
3	5	0.5020	0.3595	0.4528
3	6	0.6510	0.6061	0.4340
3	11	0.6015	0.3795	0.5300
4	5	0.9995	0.8713	0.5176
4	6	0.9998	0.6911	0.6192
4	7	0.9999	0.5306	0.4944
4	8	0.8485	0.5516	0.5618
4	9	0.5021	0.6411	0.4529
4	11	0.7994	0.5052	0.5216
5	6	0.9987	0.8491	0.0762
5	7	0.8002	0.6147	0.5008
6	7	1.0000	0.7241	0.4299
6	8	0.8000	0.6137	0.6555
6	9	0.5511	0.6619	0.5484
7	8	0.9993	0.5451	0.5333
7	9	0.9999	0.5435	0.5231
7	10	0.9997	0.5507	0.5595
7	11	0.9992	0.5447	0.5059
7	12	0.7501	0.4726	0.4564
8	9	0.9998	0.6807	0.6076
8	10	0.9501	0.6963	0.5507
8	11	0.9989	0.5393	0.5430
8	12	0.8001	0.6970	0.5445
9	10	0.9999	0.8129	0.4466
9	11	0.9502	0.5494	0.5549
9	12	0.9999	0.7294	0.6362
10	11	1.0000	0.5481	0.4809
10	12	0.9999	0.5442	0.5710
11	12	1.0000	0.5789	0.5357
