0	2	0.9975	0.6497	0.8176
0	3	0.9994	0.5987	0.2449
0	7	0.9986	0.4280	0.0991
0	9	0.9999	0.5560	0.5546
0	10	0.9996	0.2071	0.7719
0	11	0.9999	0.9945	0.0000
1	2	0.9978	0.4910	0.0378
1	7	0.9000	0.9770	0.9996
1	11	0.9999	0.4744	0.5143
1	14	0.9000	0.8418	0.9212
2	3	0.9996	0.5709	0.3481
2	6	0.9992	0.2878	0.5242
2	7	0.9999	0.4264	0.4393
2	8	0.5020	0.0133	0.9850
2	9	0.9996	0.5720	0.4289
2	10	0.9004	0.9419	0.8273
2	11	1.0000	0.2722	0.1372
3	4	0.9985	0.5439	0.4297
3	5	0.7016	0.0350	0.0053
3	6	1.0000	0.4581	0.3622
3	7	0.9991	0.3246	0.4037
3	8	0.9999	0.8452	0.8934
3	9	0.9968	0.5099	0.4402
3	10	1.0000	0.5267	0.6932
3	11	1.0000	0.5435	0.0281
4	5	0.9958	0.8562	0.5614
4	6	1.0000	0.7676	0.2120
4	7	0.9971	0.6535	0.5904
4	8	0.6171	0.0233	0.7707
4	9	0.9984	0.4562	0.3306
4	10	0.9481	0.2797	0.7003
5	6	1.0000	0.9481	0.1273
6	7	0.9996	0.4788	0.5011
6	8	1.0000	0.0000	1.0000
6	9	1.0000	0.0003	0.1293
6	11	0.9504	0.0000	0.4934
7	8	0.9998	0.9999	1.0000
7	9	1.0000	0.7279	0.2685
7	11	0.9999	1.0000	0.4831
8	9	0.9998	0.9579	0.1008
8	11	1.0000	0.5853	0.8154
9	10	0.9980	0.8028	0.5646
9	11	1.0000	0.1203	0.1706
11	14	0.9998	0.8901	0.9075
12	14	0.9997	0.4442	0.4266
12	15	1.0000	0.6758	0.5126
12	17	0.8997	0.8057	0.6530
12	21	0.9999	0.6234	0.4639
12	22	1.0000	0.6259	0.5070
13	14	0.9979	0.6618	0.0592
13	19	0.8495	0.8703	0.1286
13	20	0.9997	0.9456	0.4382
13	21	0.8005	0.7336	0.0341
14	15	0.9994	0.4686	0.4463
14	17	0.9994	0.4588	0.8468
14	18	0.9997	0.2745	0.8425
14	19	0.9982	0.1783	0.4626
14	20	0.9987	0.0672	0.6537
14	21	0.9994	0.3852	0.6272
14	22	0.9977	0.4094	0.5344
15	16	0.9983	0.9507	0.4314
15	17	0.9998	0.5761	0.4780
15	18	0.9995	0.7985	0.9796
15	19	1.0000	0.8085	0.4033
15	20	0.9981	0.9826	0.5845
15	21	0.9999	0.4998	0.4690
15	22	0.9994	0.5772	0.5138
16	17	0.9996	0.8187	0.6494
17	18	0.9490	0.5341	0.8749
17	20	0.9989	0.7812	0.6865
17	21	0.8490	0.2159	0.4799
17	22	0.8988	0.4501	0.7342
18	20	0.7499	0.9863	0.7276
18	21	0.7021	0.9338	0.2644
19	20	1.0000	0.5862	0.9291
19	21	0.9973	0.4087	0.2182
19	22	0.9997	0.4041	0.5418
20	21	0.9990	0.9844	0.0003
20	22	0.9995	0.8169	0.9986
21	22	1.0000	0.4664	0.4345
