0	2	0.7497	0.7011	0.3946
0	22	0.6495	0.4976	0.8978
0	23	0.9984	0.7239	0.6287
0	24	0.9997	0.7097	0.3669
1	2	0.9983	0.9033	0.0732
1	3	0.9968	0.9080	0.6320
1	4	0.6984	0.8344	0.0886
1	23	0.9975	0.8571	0.4525
1	24	0.9989	0.7426	0.4539
2	3	1.0000	0.4897	0.5439
2	4	1.0000	0.5003	0.4746
2	5	0.9490	0.2472	0.6464
2	6	0.5013	0.1960	0.6125
2	7	0.9497	0.2113	0.2327
2	8	0.9980	0.4097	0.2843
2	9	0.5056	0.3636	0.4246
2	13	0.5009	0.6853	0.3820
2	17	0.8496	0.3061	0.7120
2	23	1.0000	0.5962	0.6040
2	24	0.9991	0.4751	0.2490
3	4	0.9999	0.5472	0.5131
3	5	0.9471	0.9709	0.1868
3	6	0.9978	0.8696	0.3225
3	7	0.9994	0.4165	0.2291
3	8	0.9991	0.3955	0.4004
3	9	0.8998	0.2489	0.7607
3	23	0.9996	0.6397	0.5761
3	24	1.0000	0.6015	0.2553
4	5	0.9984	0.7479	0.4760
4	6	0.9984	0.7780	0.6004
4	7	0.9997	0.5410	0.3595
4	8	0.9995	0.6226	0.2567
4	9	0.7002	0.5204	0.5457
4	23	0.8494	0.3559	0.5403
4	24	0.9991	0.4796	0.2627
6	8	0.8984	0.5699	0.6914
6	9	0.7002	0.6095	0.6291
7	8	1.0000	0.7413	0.4060
7	9	0.9993	0.6466	0.5090
7	11	0.6006	0.6081	0.5396
7	13	0.9984	0.8972	0.6234
8	9	0.9996	0.4726	0.4207
8	10	0.9495	0.5795	0.4326
8	11	0.7997	0.5485	0.4918
8	12	0.9973	0.9275	0.6856
8	13	0.9993	0.4497	0.5604
8	14	0.9495	0.4081	0.4656
8	15	0.9985	0.5401	0.8979
9	10	0.9997	0.4595	0.4814
9	11	0.9501	0.5526	0.7036
9	12	0.7062	0.6188	0.6440
9	13	0.9498	0.3943	0.4528
10	11	0.9992	0.5679	0.5311
10	12	0.5493	0.3671	0.2312
11	12	0.5008	0.4743	0.1937
11	13	0.5516	0.4357	0.5210
12	13	0.5501	0.4299	0.2230
12	14	0.5507	0.1521	0.7611
13	14	0.9999	0.5378	0.3528
13	15	1.0000	0.5550	0.6338
13	16	0.9980	0.4670	0.5143
13	17	0.9992	0.3239	0.6778
13	18	0.9987	0.5695	0.4204
13	19	0.9995	0.5812	0.7126
13	20	0.9987	0.5798	0.6880
13	21	0.9979	0.9245	0.6522
13	23	0.8998	0.7082	0.4400
14	15	1.0000	0.4420	0.5935
14	16	0.9979	0.9044	0.5697
14	17	0.9501	0.5484	0.3607
14	18	0.9997	0.1213	0.4866
14	19	0.9999	0.5827	0.5490
14	20	0.9995	0.5907	0.6716
14	21	0.9991	0.3497	0.5979
14	23	0.8494	0.3495	0.2743
15	16	0.9967	0.8994	0.5210
15	17	0.9983	0.4371	0.3590
15	18	0.5490	0.3617	0.4193
15	19	0.9989	0.7579	0.6635
15	20	0.9979	0.6633	0.7001
15	21	0.9486	0.4413	0.4412
16	17	0.7997	0.3713	0.2253
16	21	0.5509	0.4013	0.3355
17	18	0.9484	0.5156	0.1782
17	19	0.7999	0.5019	0.5718
17	20	0.9980	0.3364	0.6134
17	21	0.7498	0.4152	0.3614
17	22	0.8261	0.6651	0.3321
17	23	0.9493	0.8380	0.1595
17	24	0.7504	0.7610	0.4694
18	19	0.9985	0.3265	0.4086
18	20	0.9989	0.4088	0.7649
18	21	0.6505	0.2934	0.6430
18	23	0.9990	0.2093	0.5364
18	24	0.7007	0.1785	0.9210
19	20	0.9996	0.5330	0.5585
19	21	0.8993	0.5094	0.4682
19	23	0.8998	0.7304	0.3768
19	25	0.8978	0.7246	0.3499
20	21	0.9996	0.7683	0.3292
20	22	0.6501	0.2504	0.4142
20	23	0.9501	0.5699	0.3808
20	25	0.6993	0.6629	0.3717
21	23	0.9496	0.8499	0.5108
21	24	0.9490	0.8522	0.9413
22	23	0.9988	0.3499	0.5184
22	24	0.9996	0.4523	0.8676
22	25	0.8492	0.6377	0.6341
23	24	0.9996	0.6159	0.5361
23	25	0.9982	0.4998	0.1616
24	25	0.9993	0.9575	0.2276
