0	1	0.9995	0.6767	0.6713
0	2	0.9995	0.5025	0.5038
0	3	0.9998	0.8150	0.7201
0	4	0.9998	0.5729	0.5471
0	5	0.8501	0.5868	0.5169
1	2	0.9998	0.5319	0.4179
1	3	1.0000	0.3754	0.8557
1	4	0.9998	0.5903	0.4830
2	3	0.9995	0.8404	0.5723
3	4	0.9999	0.7556	0.5186
3	5	0.9498	0.6369	0.4318
4	5	0.8497	0.6897	0.5845
5	6	0.6503	0.5757	0.3079
5	7	0.7002	0.2113	0.4323
6	7	0.9992	0.5117	0.5475
6	8	0.9991	0.5208	0.5545
6	9	0.5026	0.1568	0.1204
6	30	0.8492	0.6197	0.7965
7	8	0.9495	0.5529	0.4564
7	9	0.9993	0.9420	0.6308
7	30	0.5999	0.4355	0.8427
8	9	0.9492	0.7219	0.1919
9	10	0.9985	0.9487	0.3017
9	11	0.8977	0.9888	0.2692
9	12	0.9990	0.5519	0.3505
9	13	0.9993	0.1406	0.6796
9	18	0.8486	0.5789	0.0912
9	21	0.9984	0.6612	0.2927
9	23	0.9995	0.7348	0.3950
9	25	0.5989	0.2541	0.5853
9	26	1.0000	0.2212	0.6458
9	27	0.5503	0.3299	0.3942
9	30	0.9000	0.2834	0.7985
9	41	0.5511	0.1148	0.4969
10	11	0.5004	0.4306	0.2506
10	13	0.5025	0.3408	0.7852
10	26	0.5006	0.4795	0.7602
11	12	0.9485	0.3751	0.0904
11	13	0.8508	0.2388	0.9225
12	13	0.9998	0.8392	0.3999
12	14	0.9994	0.5472	0.4684
12	18	0.9998	0.5577	0.5250
12	19	0.9960	0.9806	0.3948
12	20	0.5005	0.3141	0.6451
12	21	0.9997	0.5728	0.5801
12	22	0.8992	0.6991	0.6921
12	23	0.9998	0.6678	0.5215
13	14	0.9960	0.5302	0.0844
13	15	0.6007	0.2233	0.7228
13	18	0.9999	0.5562	0.5071
13	21	0.9996	0.5122	0.6636
13	23	0.9995	0.3149	0.6003
13	26	0.7502	0.6193	0.3508
13	27	0.5001	0.5642	0.4625
14	15	0.9996	0.6479	0.4724
14	16	0.9992	0.6256	0.7336
14	17	0.9996	0.5612	0.6756
14	18	0.9997	0.5064	0.4814
14	19	0.9462	0.9382	0.3640
14	20	0.9017	0.4775	0.6004
14	21	0.6998	0.5319	0.4706
15	16	0.9991	0.2773	0.3177
16	17	0.9477	0.9136	0.4637
16	19	0.6998	0.4585	0.5144
17	18	0.9994	0.7355	0.1509
17	19	0.7994	0.4901	0.6873
17	20	1.0000	0.5509	0.6790
18	19	0.9466	0.9925	0.4926
18	20	0.9498	0.3157	0.6260
18	21	0.8441	0.4355	0.4211
18	22	0.5023	0.5776	0.6497
18	23	0.9997	0.5595	0.4074
19	20	0.7996	0.6145	0.3156
19	21	0.5500	0.3001	0.9643
20	21	0.8003	0.5793	0.2244
20	22	0.8501	0.4782	0.6393
20	23	0.8012	0.7558	0.1749
21	22	0.9990	0.6210	0.5897
21	23	0.9994	0.5274	0.4881
21	24	0.7507	0.9990	0.3652
22	23	0.9995	0.7505	0.1854
22	28	0.5001	0.2082	0.3474
23	24	0.9969	0.9803	0.4220
23	25	0.7011	0.8043	0.3818
23	30	0.5496	0.6685	0.2673
24	25	0.9990	0.5641	0.2063
24	29	0.6513	0.1974	0.7934
24	30	0.9500	0.2276	0.0419
25	29	0.5874	0.5369	0.4191
25	30	0.9495	0.5938	0.3047
26	27	0.9989	0.6966	0.5511
26	28	0.9997	0.6397	0.5873
26	29	0.7000	0.2299	0.7396
26	30	0.9499	0.4824	0.4947
26	31	0.6501	0.6428	0.2740
27	28	0.9491	0.7710	0.4899
27	30	0.9999	0.7564	0.7108
27	31	0.7511	0.6485	0.5993
28	30	1.0000	0.7088	0.3220
28	31	0.9498	0.1999	0.7803
28	32	0.9974	0.5489	0.6632
28	33	0.9991	0.5364	0.3939
29	30	0.9954	0.7606	0.0386
30	31	0.9997	0.8741	0.3706
30	32	0.9998	0.4907	0.5289
30	33	0.9994	0.1974	0.2204
30	34	0.7558	0.3236	0.2978
31	32	0.9499	0.8566	0.0948
31	33	0.7516	0.7846	0.6458
31	34	0.5507	0.4735	0.5853
32	33	0.9994	0.5474	0.5136
32	34	0.7506	0.5693	0.4286
32	38	0.7991	0.5086	0.5821
33	34	0.9996	0.5733	0.5259
33	36	0.6998	0.3533	0.7434
33	37	0.9490	0.3565	0.4593
33	38	0.7501	0.5243	0.3946
33	39	0.5004	0.5013	0.3954
34	35	0.9996	0.6124	0.6009
34	36	0.9995	0.5323	0.8405
34	37	0.7996	0.5833	0.4381
34	38	0.9997	0.5866	0.7349
34	39	0.9494	0.5258	0.4302
34	40	0.9498	0.6520	0.3499
35	36	0.9987	0.4912	0.4778
35	37	0.9498	0.4271	0.5272
35	38	0.5510	0.5030	0.4236
35	39	0.7999	0.4090	0.5112
36	37	0.9998	0.8769	0.4432
36	38	0.9485	0.6506	0.7156
36	39	0.7999	0.5558	0.5032
37	38	0.9995	0.5740	0.6207
37	39	0.9479	0.3885	0.6369
37	40	0.8501	0.6352	0.5633
37	41	0.8500	0.4073	0.4422
38	39	0.9990	0.6755	0.3544
38	40	0.9996	0.5299	0.3507
38	42	0.8495	0.4973	0.4753
39	40	0.7503	0.5598	0.3742
39	42	0.5510	0.4798	0.3646
40	41	0.9984	0.5652	0.4141
40	42	0.9991	0.5460	0.6024
41	42	0.8499	0.5199	0.5522
