0	1	0.9972	0.9989	0.0076
0	3	0.8981	0.8307	0.3380
1	2	1.0000	0.8846	0.2210
1	3	0.9998	0.4146	0.5155
1	4	0.9992	0.6857	0.7100
1	5	1.0000	0.6602	0.2752
1	6	0.9981	0.9889	0.8544
1	7	1.0000	0.6478	0.9999
1	8	1.0000	0.6662	0.3268
1	13	0.9996	0.2404	0.5284
2	3	1.0000	0.5638	0.5582
2	5	0.9992	0.1804	0.5549
2	8	1.0000	0.2113	0.7806
2	13	0.9976	0.7168	0.0262
3	4	0.9989	0.8764	0.8640
3	5	1.0000	0.7030	0.2443
3	13	0.9998	0.0358	0.2532
4	5	0.9984	0.6103	0.1618
4	6	1.0000	0.0553	0.9341
4	7	0.9999	0.6956	0.9267
5	6	0.9969	0.7467	0.6490
5	7	0.9998	0.0253	0.9864
5	8	0.9995	0.4525	0.4867
5	9	0.9990	0.9978	0.0897
5	11	0.9988	0.9868	0.8079
5	12	0.9994	0.2477	0.1641
5	13	0.9995	0.1398	0.4661
6	7	0.9981	0.9661	0.3596
6	8	0.9999	0.8306	0.3025
6	9	0.6523	0.1329	0.2351
6	11	0.9973	0.4575	0.9167
6	12	0.9977	0.9248	0.0047
7	8	0.7507	0.9716	0.0659
8	9	0.9990	0.9987	0.0645
8	11	0.9977	0.8636	0.6641
8	12	0.9998	0.4665	0.4651
8	13	0.9994	0.4120	0.2986
9	10	0.9979	0.9611	0.6800
9	11	0.9979	0.4720	0.1677
9	12	0.9999	0.0446	0.9992
10	11	0.9987	0.7535	0.1444
11	12	0.9990	0.6536	0.5982
12	13	0.9993	0.4353	0.3427
