0	1	0.9981	0.8630	0.2942
0	3	0.9993	0.4273	0.4973
0	5	0.5500	0.8925	0.4399
0	6	0.9495	0.7040	0.4946
0	7	0.9989	0.5468	0.5110
0	12	0.5483	0.5325	0.5781
0	15	0.8488	0.5321	0.7122
0	27	0.8992	0.3435	0.7471
1	2	0.9485	0.7841	0.5123
1	3	0.8497	0.2849	0.3066
1	4	0.8496	0.2712	0.6673
1	12	0.7511	0.3008	0.5325
1	15	0.7500	0.1894	0.6481
2	3	0.5536	0.4650	0.1703
2	21	0.9469	0.7193	0.5058
3	4	0.9995	0.6665	0.2014
3	6	0.9500	0.2141	0.8562
3	7	0.9995	0.6109	0.3966
3	15	0.7003	0.5077	0.8127
3	16	0.5009	0.0911	0.7461
3	21	0.8494	0.1261	0.5942
3	27	0.5502	0.3989	0.5028
4	5	0.9998	0.9576	0.5992
4	6	0.9999	0.7570	0.5882
4	7	0.9987	0.4576	0.4802
4	9	0.9486	0.5461	0.5186
4	12	0.9485	0.3396	0.5755
4	15	0.8986	0.3610	0.7599
4	27	0.8491	0.3016	0.5789
5	6	0.9987	0.9265	0.1743
5	7	0.9003	0.5521	0.9802
6	7	0.9997	0.7178	0.2490
6	8	0.7501	0.3835	0.5871
6	9	0.5004	0.5551	0.1217
7	8	0.9994	0.7595	0.5853
7	9	0.9999	0.6418	0.4514
7	11	0.8493	0.7604	0.7310
7	12	0.9498	0.7893	0.5327
7	15	0.9990	0.7613	0.5927
7	27	0.9994	0.6736	0.8648
8	9	0.9497	0.5711	0.4135
8	10	0.8500	0.0810	0.8051
8	11	0.6504	0.5546	0.5215
9	10	0.9971	0.9960	0.5448
9	11	0.9990	0.6578	0.6099
9	12	0.9985	0.5594	0.4881
9	15	0.9994	0.5734	0.4103
9	27	0.9992	0.5712	0.8176
10	11	0.9980	0.8289	0.0876
10	13	0.5511	0.2598	0.4869
10	14	0.9484	0.4873	0.1456
11	12	0.9992	0.8041	0.1140
11	14	0.8519	0.3787	0.6899
11	15	0.8088	0.6436	0.0091
11	27	0.6996	0.4206	0.3944
12	13	0.9977	0.9926	0.6090
12	14	0.9997	0.6331	0.6833
12	15	0.9998	0.5154	0.4528
12	16	0.9497	0.9947	0.3901
12	18	0.9997	0.8946	0.7050
12	19	0.9974	0.5849	0.7609
12	20	0.9995	0.9167	0.3896
12	27	0.9987	0.3526	0.5578
13	14	0.9991	0.8692	0.2557
13	15	0.9998	0.5446	0.9188
13	16	0.6503	0.3278	0.5662
13	18	0.9996	0.5112	0.5838
14	15	0.9992	0.8609	0.1396
14	16	0.5510	0.2584	0.4476
14	18	0.8000	0.5652	0.8078
14	19	0.9982	0.9214	0.0603
14	27	0.6505	0.7003	0.1979
15	16	1.0000	0.9687	0.3864
15	17	0.7009	0.9772	0.3180
15	18	0.9998	0.6274	0.6617
15	19	0.9981	0.5661	0.7160
15	20	1.0000	0.9230	0.4206
15	27	0.6135	0.1828	0.3120
16	17	0.8498	0.4575	0.7229
16	18	0.9973	0.4898	0.1545
17	18	0.6001	0.8022	0.1089
18	19	1.0000	0.8097	0.2654
18	20	0.8001	0.4303	0.6488
19	20	0.9998	0.9390	0.3584
20	22	0.9000	0.7051	0.3510
20	23	0.7994	0.7319	0.4864
21	22	0.7500	0.6768	0.3156
21	27	0.6489	0.8433	0.0525
22	23	0.9997	0.8336	0.4145
22	24	0.6501	0.8442	0.7521
22	25	0.9500	0.6817	0.6487
23	24	0.5010	0.5059	0.5464
23	25	0.5504	0.6004	0.5451
24	25	0.9498	0.7089	0.5558
24	26	0.9984	0.7746	0.4241
24	27	0.5509	0.5385	0.1808
25	26	0.9971	0.9536	0.1770
25	27	0.8497	0.5549	0.1531
26	27	0.9985	0.4235	0.0834
