0	1	0.9997	0.8727	0.4507
0	2	0.9986	0.4059	0.4207
0	3	0.9994	0.5295	0.5594
0	4	0.9998	0.5593	0.3960
0	5	0.9495	0.6363	0.6553
0	6	0.7497	0.4334	0.4388
0	7	0.7007	0.5179	0.2368
0	8	0.8009	0.6820	0.4088
0	9	0.9977	0.7317	0.1563
0	21	0.7991	0.4680	0.6149
1	2	0.9996	0.8011	0.2713
1	3	1.0000	0.6687	0.7233
1	4	0.9998	0.6237	0.6913
1	7	0.8995	0.4093	0.3400
1	19	0.7996	0.2837	0.3859
1	21	0.7990	0.4145	0.2169
2	3	0.9992	0.4491	0.3247
2	4	0.9989	0.5046	0.3831
2	5	0.9490	0.7959	0.5247
2	6	0.9988	0.5649	0.4801
2	7	0.9995	0.7077	0.2896
2	8	0.5502	0.7504	0.1678
3	4	0.9992	0.4616	0.4254
3	5	0.8003	0.2781	0.3253
3	6	0.9495	0.3965	0.5270
3	7	0.8496	0.4538	0.3618
3	8	0.5007	0.4616	0.4079
4	5	0.8999	0.6852	0.5333
4	6	0.9501	0.3165	0.7489
4	7	0.9497	0.5639	0.3458
4	8	0.5004	0.4949	0.3412
5	6	0.8496	0.5791	0.4760
5	7	0.9999	0.3905	0.9048
5	8	0.5503	0.4689	0.7698
6	7	0.9983	0.5865	0.3197
7	8	0.7991	0.4388	0.5942
8	9	0.9961	0.9309	0.1079
9	10	0.9993	0.8395	0.2793
9	11	0.9994	0.5387	0.3991
9	14	0.9996	0.6609	0.4134
9	16	0.9995	0.7465	0.6414
9	18	1.0000	0.6510	0.5760
9	19	0.7019	0.6188	0.4332
9	20	0.9998	0.5529	0.8070
9	21	1.0000	0.5809	0.4931
10	11	0.9995	0.8908	0.4450
10	12	0.9994	0.4715	0.4291
10	13	0.9997	0.6881	0.5834
10	14	0.9983	0.4290	0.5305
10	15	0.8995	0.8627	0.3991
10	16	0.9995	0.6491	0.4857
10	17	0.9001	0.7291	0.5767
10	18	0.9994	0.6321	0.3254
10	21	0.9978	0.5322	0.5362
11	12	0.9994	0.4688	0.4461
11	13	0.9998	0.6002	0.5975
11	14	1.0000	0.5026	0.8286
12	13	1.0000	0.6660	0.3734
12	14	0.9973	0.4149	0.5737
12	15	0.6503	0.4797	0.1979
13	14	0.9999	0.6628	0.7899
13	15	0.7012	0.4556	0.3882
14	16	0.6700	0.6312	0.3544
15	16	0.9998	0.6334	0.4483
15	17	1.0000	0.5158	0.5005
15	18	0.6006	0.6130	0.2459
16	17	1.0000	0.5682	0.5765
16	18	0.9001	0.5964	0.4365
16	20	0.7503	0.5880	0.4941
16	21	0.9990	0.5523	0.5080
17	18	0.9996	0.7181	0.2906
17	19	0.9996	0.3128	0.5296
17	20	0.9989	0.5688	0.4288
17	21	0.9999	0.5850	0.8181
18	19	0.9996	0.8771	0.3885
18	20	0.9990	0.5766	0.6171
18	21	0.9993	0.4695	0.5986
19	20	0.9996	0.5169	0.3950
19	21	0.9997	0.4816	0.3596
20	21	1.0000	0.5149	0.5104
