0	1	1.0000	0.5244	0.4111
0	2	0.9999	0.5385	0.5273
0	3	0.9979	0.9733	0.5238
0	4	0.9982	0.3266	0.4218
0	5	0.8970	0.3568	0.4045
0	6	0.9961	0.0273	0.6556
0	14	0.9990	0.7336	0.6103
1	2	0.9999	0.5565	0.2618
1	4	0.9997	0.5527	0.4455
1	6	0.9999	0.5077	0.4312
1	7	0.9999	0.0938	0.8194
1	9	1.0000	0.0463	0.2550
1	10	0.9997	0.1097	0.2802
1	12	1.0000	0.2275	0.9895
1	13	0.9999	0.5749	0.5280
1	14	0.9996	0.2487	0.3977
2	3	0.9988	0.9644	0.3326
2	4	0.9480	0.3593	0.3661
2	13	0.6487	0.4799	0.5849
2	14	0.9987	0.6013	0.7631
3	4	0.9969	0.7459	0.0611
3	5	0.6999	0.8079	0.7510
3	14	0.9000	0.3105	0.9868
4	5	0.9998	0.5186	0.5178
4	6	1.0000	0.5330	0.4502
4	14	0.5000	0.7095	0.8139
5	6	0.9990	0.7770	0.4551
6	7	0.9998	0.4231	0.3277
6	10	0.9987	0.4211	0.0021
7	8	1.0000	0.7958	0.5304
7	9	0.9990	0.8695	0.4289
7	10	0.9993	0.7290	0.4667
7	11	0.8490	0.7765	0.5271
7	14	0.8485	0.6760	0.2393
8	9	0.9998	0.6330	0.5530
8	10	1.0000	0.4863	0.7862
8	11	0.9494	0.5033	0.5685
8	12	0.9986	0.4344	0.2109
9	10	1.0000	0.6083	0.8762
9	11	0.9992	0.3663	0.6361
9	12	0.9984	0.6772	0.2760
10	11	0.9984	0.9528	0.3824
10	12	0.9994	0.5853	0.3442
10	13	0.9988	0.4249	0.6717
11	12	0.9981	0.5641	0.2099
12	13	1.0000	0.9642	0.5089
