0	1	0.9987	0.7002	0.6561
0	2	0.6191	0.3276	0.4565
0	3	0.9985	0.7208	0.3470
0	4	0.9484	0.3817	0.5074
1	2	0.9990	0.8270	0.2908
1	3	0.9000	0.5481	0.4060
1	4	0.9992	0.7927	0.4876
2	3	0.9998	0.5335	0.4187
2	4	0.9986	0.5301	0.5015
2	7	0.9991	0.8335	0.7507
2	8	0.9997	0.6401	0.4710
3	4	0.9998	0.5625	0.3162
3	7	0.9003	0.3759	0.7551
3	8	0.7008	0.4977	0.2021
4	7	0.9997	0.7250	0.6032
4	8	0.9992	0.5933	0.4392
4	12	0.6998	0.6995	0.7286
5	6	0.6506	0.4471	0.4228
5	7	0.5002	0.5049	0.1629
6	7	0.7986	0.7981	0.2519
6	12	0.5993	0.5446	0.1622
7	8	0.9997	0.7034	0.3185
8	9	0.5510	0.8168	0.4617
8	10	0.6007	0.8133	0.2573
8	12	0.8998	0.7789	0.6703
8	13	0.7500	0.5451	0.4922
9	10	0.9985	0.3951	0.6387
9	11	0.7499	0.3916	0.2614
9	12	0.7504	0.7327	0.3675
9	13	0.6012	0.3018	0.7485
9	14	0.5509	0.3823	0.3316
10	11	0.7000	0.9936	0.3804
10	12	0.9980	0.8581	0.3627
10	14	0.6501	0.8486	0.1770
11	12	0.8995	0.8254	0.2544
11	20	0.5997	0.4469	0.5451
11	22	0.5011	0.5223	0.3574
12	13	0.9998	0.7947	0.4071
12	14	0.8939	0.3118	0.7520
12	15	0.9510	0.7786	0.3754
12	22	0.8502	0.6247	0.8830
13	14	0.9997	0.7319	0.5708
13	15	0.9986	0.4523	0.4777
13	22	0.6495	0.4537	0.5766
14	15	0.9999	0.7319	0.4530
14	20	0.7986	0.6102	0.2790
14	22	0.8991	0.7778	0.5270
15	16	0.7445	0.7181	0.2667
15	18	0.6008	0.5684	0.4201
15	21	0.5006	0.6481	0.4186
15	22	0.6998	0.5897	0.5175
16	17	0.8995	0.8114	0.3751
16	18	0.9495	0.4430	0.2335
16	22	0.6498	0.4297	0.1907
17	18	0.8998	0.5683	0.2835
18	19	0.9496	0.8024	0.6272
18	20	0.9997	0.7099	0.5752
18	21	0.9998	0.6731	0.4140
18	22	0.9502	0.7267	0.3878
19	20	0.9992	0.7142	0.1425
19	21	1.0000	0.7555	0.6403
19	22	1.0000	0.8428	0.7140
20	21	0.9998	0.5431	0.4855
20	22	0.9999	0.3767	0.4865
21	22	1.0000	0.5264	0.4776
