0	1	0.9996	0.6836	0.3046
0	2	0.9996	0.5511	0.5388
0	11	0.9990	0.9839	0.1133
0	14	1.0000	0.6098	0.5432
0	15	0.9996	0.0234	0.8505
0	16	0.9987	0.1106	0.0729
1	2	0.9997	0.6648	0.0934
1	7	0.8986	0.2565	0.0188
1	11	0.9999	0.4548	0.6129
1	12	0.9937	0.4197	0.0020
1	13	0.9989	0.2133	0.9436
1	14	1.0000	0.4989	0.5213
2	3	0.9990	0.6178	0.0400
2	6	1.0000	0.7012	0.3126
2	11	1.0000	0.3767	0.5061
2	14	1.0000	0.1687	0.6907
2	16	0.6513	0.1347	0.1634
2	19	0.8483	0.2401	0.1543
3	4	0.9996	0.6333	0.6250
3	5	0.9995	0.0705	0.5875
3	6	0.9978	0.4036	0.6840
3	7	0.9980	0.9021	0.3382
3	8	0.6512	0.7319	0.1988
3	10	0.8993	0.2248	0.2692
3	11	0.9953	0.1040	0.5519
4	5	0.9993	0.9962	0.0153
4	6	0.9998	0.7933	0.7295
4	8	0.9999	0.5807	0.3827
4	9	0.9996	0.8058	0.6517
4	10	0.9970	0.9469	0.2466
4	11	0.8980	0.5322	0.6052
5	6	0.9974	0.8026	0.0358
5	8	1.0000	0.0640	0.9450
5	9	0.9983	0.5464	0.2091
5	10	0.7017	0.5404	0.7160
5	11	0.6494	0.5051	0.0393
6	7	0.9984	0.9890	0.2370
6	8	0.9983	0.9014	0.6107
6	9	0.8503	0.5736	0.6424
7	8	0.9979	0.0639	0.5800
7	11	0.9993	0.0002	0.7945
7	12	0.8510	0.0476	0.4283
7	13	0.9985	0.0004	0.9149
8	9	1.0000	0.8314	0.3466
8	10	0.9979	0.9594	0.5113
8	11	0.9999	0.8177	0.3164
8	12	0.9990	0.2922	0.7129
8	13	0.9990	0.6001	0.5081
9	10	1.0000	0.6118	0.5533
11	12	0.9982	0.9794	0.0004
11	13	0.9994	0.6425	0.9921
11	14	0.9998	0.5720	0.3006
12	13	0.9995	0.5437	0.5510
12	14	0.9998	0.0216	0.6788
13	14	1.0000	0.9781	0.1466
15	16	0.9954	0.3440	0.0675
15	18	0.9982	0.6945	0.3785
15	19	0.9456	0.4434	0.0873
16	17	1.0000	0.7374	0.9474
16	18	0.9999	0.1341	0.9203
16	19	0.9991	0.4816	0.3699
16	20	0.9982	0.5975	0.3814
16	21	0.5512	0.4610	0.2530
16	22	0.9998	0.7933	0.5766
16	23	0.6502	0.3728	0.4857
17	18	0.9980	0.9962	0.2824
17	19	0.9974	0.9974	0.7049
17	20	0.9994	0.9189	0.4744
17	21	0.9466	0.9998	0.0954
17	22	0.7501	0.7528	0.2075
18	19	1.0000	0.7981	0.3465
18	20	0.9991	0.2806	0.9977
18	21	0.7502	0.3353	0.4771
18	23	0.7003	0.7039	0.7776
18	24	0.6501	0.6363	0.3511
19	20	0.9999	0.7680	0.9079
19	21	0.9973	0.7259	0.6325
19	22	0.9994	0.7329	0.6446
19	23	0.9494	0.3881	0.7861
19	24	0.7514	0.7688	0.6650
20	21	0.9005	0.9329	0.2464
21	22	0.6998	0.3496	0.2563
22	23	0.9999	0.6458	0.4781
22	24	0.9991	0.3142	0.4756
23	24	0.9998	0.8299	0.5813
