0	2	0.9995	0.7905	0.5195
0	3	0.9988	0.5047	0.4918
0	9	0.9987	0.2925	0.8255
0	11	0.9976	0.3177	0.6964
1	2	0.6499	0.7851	0.1153
1	4	0.6006	0.4394	0.5853
2	3	0.9997	0.7292	0.3131
2	4	0.7503	0.3121	0.5269
2	8	0.5005	0.6768	0.1863
2	11	0.9999	0.6483	0.7511
2	14	0.6495	0.5043	0.2333
3	4	0.9495	0.8436	0.1621
3	6	0.5688	0.7583	0.2262
3	7	0.6006	0.2299	0.5488
3	8	0.9984	0.4641	0.3584
3	9	0.8482	0.8573	0.4344
3	11	0.9989	0.4339	0.5711
4	5	0.9998	0.6836	0.7295
4	6	0.9491	0.3932	0.2603
4	8	0.8994	0.2134	0.6093
4	9	0.5988	0.0679	0.6355
4	11	1.0000	0.0841	0.9160
4	14	0.8984	0.5972	0.1637
5	6	0.8471	0.9184	0.4288
6	7	0.9484	0.8949	0.3587
6	8	0.6505	0.3259	0.6743
6	9	0.5496	0.3624	0.5681
7	8	0.9010	0.7293	0.4041
7	9	0.6006	0.5310	0.7508
7	10	0.8497	0.4605	0.5993
8	9	0.9971	0.9399	0.4179
8	10	0.9987	0.8009	0.3970
8	11	0.9991	0.4958	0.4722
9	10	0.9480	0.5712	0.4411
9	11	0.9497	0.1760	0.5301
9	12	0.8504	0.2889	0.3783
10	11	0.9961	0.4862	0.0227
12	13	0.9999	0.5373	0.5122
12	14	0.9995	0.6646	0.5394
12	17	0.9497	0.6170	0.4810
13	14	0.5005	0.6137	0.3324
13	17	0.9990	0.7809	0.4587
14	15	0.9998	0.8899	0.3809
14	17	0.5501	0.2833	0.2909
15	16	0.6006	0.7635	0.4368
15	17	0.9991	0.7004	0.5812
15	18	0.8007	0.4562	0.5600
16	17	0.9980	0.7152	0.2726
17	18	0.9503	0.7034	0.5591
17	19	0.8504	0.5319	0.5377
18	19	0.5506	0.6276	0.4666
19	20	0.5512	0.8392	0.1915
20	22	0.7499	0.4406	0.2147
21	22	0.8001	0.3468	0.2653
