0	1	0.9984	0.9553	0.7439
0	2	0.9991	0.5002	0.5642
0	3	0.9001	0.8540	0.4406
0	4	0.9996	0.6845	0.4295
0	5	0.9991	0.9279	0.7177
0	6	0.8498	0.6086	0.3538
1	2	0.9971	0.9003	0.5093
1	3	0.8506	0.5475	0.5601
1	4	0.9469	0.9380	0.5651
1	5	0.7005	0.6069	0.5751
1	9	0.8003	0.3929	0.7638
1	10	0.6499	0.8713	0.4860
1	14	0.6993	0.4611	0.5072
1	15	0.8002	0.6175	0.2941
2	3	0.9996	0.5599	0.3718
2	4	1.0000	0.6322	0.4456
2	5	0.9991	0.8160	0.6512
2	6	0.9998	0.6661	0.3262
2	8	0.5493	0.3757	0.3835
3	4	0.9979	0.5735	0.1518
3	5	0.8507	0.2665	0.6747
3	6	0.6504	0.3257	0.1637
4	5	1.0000	0.6742	0.5955
4	6	0.9981	0.5380	0.5544
4	7	0.8991	0.9294	0.7141
4	8	0.9481	0.4604	0.5580
5	6	0.9987	0.7499	0.2584
6	7	0.9972	0.9647	0.7152
6	8	0.8997	0.5000	0.4945
6	10	0.9498	0.8352	0.7899
7	8	0.9986	0.6799	0.7289
7	9	0.6225	0.5943	0.5076
7	10	0.9989	0.5135	0.6133
7	11	0.7099	0.4863	0.3302
7	12	0.5513	0.0076	0.8467
8	10	0.9992	0.8271	0.7649
8	11	0.9495	0.6047	0.3929
8	13	0.9986	0.5927	0.3608
9	10	0.9979	0.5882	0.1307
9	12	0.8220	0.1707	0.1989
10	11	1.0000	0.7512	0.3419
10	12	1.0000	0.3671	0.8066
10	13	1.0000	0.8056	0.2212
11	12	0.9998	0.7046	0.5381
11	13	0.9982	0.3765	0.4269
11	15	0.8499	0.7332	0.4236
11	19	0.8984	0.6192	0.6910
12	13	1.0000	0.7321	0.3782
12	14	0.7500	0.1050	0.6670
12	19	0.9989	0.6927	0.7490
13	14	0.5509	0.9555	0.3511
13	15	0.9000	0.7630	0.5160
13	19	0.8989	0.5481	0.8560
14	15	0.7005	0.5270	0.2382
15	16	0.9500	0.7554	0.6443
15	17	0.9998	0.7400	0.6077
15	18	0.9002	0.5495	0.4329
15	19	1.0000	0.6501	0.5302
16	17	0.9985	0.6223	0.1614
16	18	0.8001	0.6694	0.5305
16	19	1.0000	0.7443	0.7812
17	18	1.0000	0.5558	0.4907
17	19	0.9999	0.4838	0.5231
18	19	1.0000	0.4927	0.5137
