0	1	0.9998	0.9937	0.2846
0	2	0.9985	0.5460	0.6520
0	3	0.9983	0.5592	0.1535
0	7	0.9985	0.4191	0.1205
0	9	0.9995	0.3898	0.5794
0	10	0.9998	0.1050	0.9665
0	11	0.9984	0.8758	0.0007
1	2	0.9980	0.5751	0.0979
1	7	0.9991	0.9020	0.9996
1	11	0.9996	0.3028	0.5999
2	3	1.0000	0.6248	0.2832
2	6	0.9994	0.4340	0.3539
2	7	0.9999	0.4655	0.4458
2	8	0.9500	0.0732	0.9830
2	9	1.0000	0.5375	0.4590
2	10	0.5002	0.9364	0.8158
2	11	0.9980	0.3212	0.0555
3	4	0.9998	0.4975	0.4199
3	5	1.0000	0.0203	0.0045
3	6	0.9998	0.4936	0.3547
3	7	0.9991	0.3299	0.4265
3	8	1.0000	0.8530	0.9861
3	9	0.9996	0.4587	0.5216
3	10	1.0000	0.5655	0.9998
3	11	0.9987	0.4126	0.0296
3	14	0.6501	0.4946	0.5334
4	5	0.9995	0.9204	0.4241
4	6	0.9985	0.6090	0.1091
4	7	0.9974	0.6538	0.5919
4	8	0.9527	0.2037	0.7294
4	9	0.9496	0.5397	0.2948
5	6	0.9990	0.9479	0.0838
5	7	0.8501	0.9778	0.4798
5	9	0.5507	0.3150	0.3933
6	7	0.9993	0.4041	0.5218
6	8	1.0000	0.0034	0.9983
6	9	1.0000	0.0461	0.2094
6	11	0.8506	0.0155	0.3066
7	8	0.9977	0.9979	1.0000
7	9	0.9999	0.5860	0.3487
7	11	0.9985	0.9495	0.4356
8	9	0.9981	0.9988	0.0232
8	11	0.9996	0.9928	0.8913
9	10	0.9999	0.8198	0.8708
9	11	1.0000	0.0994	0.0970
9	14	0.5510	0.5869	0.3739
9	15	0.9992	0.4331	0.5605
12	13	0.5506	0.7262	0.5470
12	14	0.9986	0.5333	0.4789
12	15	0.9496	0.5101	0.5253
12	19	0.5008	0.4017	0.2703
12	20	0.5498	0.4951	0.4727
12	21	0.8492	0.6594	0.5779
13	14	0.9972	0.8399	0.1980
13	15	0.8500	0.5454	0.3604
14	15	0.9999	0.5274	0.4846
14	16	0.9994	0.3993	0.5024
14	17	0.8501	0.4012	0.3072
14	18	0.9982	0.4514	0.7390
14	19	0.8994	0.3689	0.5304
14	20	0.9989	0.2137	0.6082
14	21	0.9987	0.4364	0.3580
15	16	0.9997	0.4977	0.4482
15	17	0.7002	0.6028	0.3513
15	18	0.5001	0.5225	0.4516
15	19	0.9515	0.4374	0.5251
15	20	0.9493	0.4842	0.6703
15	21	0.9490	0.4940	0.3155
16	17	0.9989	0.6814	0.7577
16	18	0.8000	0.5880	0.9537
16	19	0.9994	0.7684	0.3483
16	20	0.9983	0.7108	0.3934
16	21	0.8996	0.6065	0.5894
17	18	0.9971	0.9818	0.8089
17	19	0.8496	0.6704	0.1002
17	20	0.9482	0.7995	0.4988
17	21	0.8501	0.5205	0.6320
18	19	0.9987	0.9888	0.0276
18	21	0.8989	0.7938	0.7646
19	20	0.9996	0.4378	0.5495
19	21	1.0000	0.5050	0.4552
20	21	0.9998	0.6052	0.3352
21	23	0.9495	0.7026	0.6287
22	23	0.7498	0.7033	0.4463
23	26	0.8005	0.4888	0.4403
23	27	0.5989	0.3879	0.8186
24	25	0.9497	0.7497	0.4226
24	26	0.9996	0.3415	0.4439
24	27	0.9990	0.4061	0.6549
24	29	0.9484	0.3762	0.4828
24	31	0.6004	0.8168	0.4381
24	33	0.9992	0.5447	0.4834
24	34	0.8488	0.5857	0.7571
24	35	0.7997	0.5061	0.3684
24	36	0.8999	0.4260	0.2959
24	40	0.6496	0.6925	0.5126
24	41	0.5001	0.4787	0.6686
25	26	0.9980	0.5097	0.0930
25	33	0.7512	0.4741	0.1202
26	27	0.9999	0.4903	0.5258
26	28	0.6005	0.4908	0.5054
26	29	0.9496	0.5568	0.5669
26	31	0.9984	0.0865	0.6404
26	32	0.6513	0.1115	0.4686
26	33	0.9999	0.4774	0.5245
26	34	0.9492	0.5284	0.4858
26	35	0.7501	0.4284	0.3824
26	40	0.6423	0.5999	0.3902
27	28	0.9996	0.9418	0.7707
27	29	0.9996	0.7679	0.4259
27	30	0.6500	0.8920	0.8563
27	33	0.9990	0.5216	0.5313
27	34	0.8006	0.7721	0.5822
28	29	0.9489	0.6898	0.3912
29	30	0.9994	0.6501	0.7775
29	31	0.5006	0.5325	0.3604
29	33	0.9982	0.5082	0.5090
29	34	0.6500	0.6285	0.5607
30	31	0.7995	0.9262	0.2624
31	32	0.9488	0.8676	0.4408
31	33	0.9975	0.6346	0.0875
31	34	0.9999	0.5124	0.9021
31	36	0.8988	0.7856	0.1201
31	40	0.6499	0.9200	0.7258
32	34	0.7001	0.5815	0.7198
33	34	0.9995	0.4486	0.5504
33	35	0.9988	0.4293	0.5828
33	36	0.5556	0.3311	0.3816
33	37	0.6007	0.6751	0.5023
33	40	0.8513	0.6339	0.3903
34	35	0.8995	0.5649	0.5300
34	36	0.9992	0.5149	0.4056
34	40	0.7498	0.4091	0.4263
35	36	0.9996	0.5622	0.2785
35	37	0.9500	0.5658	0.7968
35	40	0.9993	0.8242	0.3967
35	41	0.9984	0.7629	0.3616
35	42	0.9490	0.7032	0.3295
36	37	0.9997	0.6295	0.4131
36	39	0.9991	0.8723	0.8222
36	40	0.9994	0.4617	0.4387
36	41	0.8999	0.5165	0.2834
36	42	0.8991	0.3195	0.4124
37	39	0.9974	0.9745	0.3703
37	40	0.9992	0.4734	0.4019
37	41	0.9995	0.4513	0.8356
37	42	0.9996	0.6488	0.4846
38	39	0.7002	0.6654	0.1335
39	40	0.9983	0.9422	0.1618
39	41	0.9992	0.6820	0.9589
39	42	0.5010	0.4262	0.5261
40	41	0.9999	0.7549	0.4206
40	42	0.9993	0.7251	0.4496
41	42	0.9991	0.5426	0.4793
