0	1	0.9985	0.9384	0.4214
0	3	0.9999	0.9352	0.9344
0	4	0.9997	0.8262	0.4556
0	5	0.9997	0.7150	0.5606
0	6	0.6500	0.5371	0.7384
0	7	0.9984	0.9079	0.7723
0	8	0.9488	0.7881	0.7444
0	15	0.5006	0.7069	0.3438
0	16	0.8493	0.6479	0.6717
0	17	0.9483	0.8496	0.5579
1	2	0.9998	0.9216	0.2348
1	3	0.9997	0.5291	0.5278
1	4	0.9996	0.6809	0.4519
1	5	0.8503	0.7491	0.3989
1	7	0.9991	0.6157	0.6504
1	8	0.7011	0.7220	0.4949
2	3	0.9994	0.4862	0.4639
2	4	0.8499	0.3045	0.7203
2	7	0.7499	0.6092	0.7020
3	4	0.9998	0.6490	0.5017
3	5	0.9093	0.8150	0.5759
3	7	0.9998	0.7158	0.5870
3	8	0.7001	0.5932	0.4270
4	5	0.9969	0.5679	0.5505
4	6	0.9989	0.5446	0.6691
4	7	0.9980	0.5004	0.6597
4	8	0.9497	0.4920	0.6052
5	6	1.0000	0.6695	0.5052
5	7	0.9999	0.7056	0.6824
5	8	1.0000	0.7576	0.5103
6	7	1.0000	0.6241	0.6254
6	8	0.9997	0.6403	0.4070
7	8	0.9999	0.6757	0.4423
9	10	0.7496	0.5693	0.4204
10	11	0.9997	0.6342	0.4216
11	12	0.9991	0.8179	0.4881
11	13	0.6031	0.5728	0.4034
11	14	0.9487	0.6690	0.5478
11	15	0.8995	0.5223	0.6264
11	16	0.6004	0.7097	0.4552
12	13	0.9995	0.7748	0.1506
12	15	0.5505	0.5345	0.6154
13	14	0.9986	0.8551	0.5246
13	15	0.8000	0.5142	0.6825
13	16	0.8995	0.7723	0.3718
13	17	0.9497	0.6915	0.6842
14	15	0.9978	0.6238	0.3629
14	16	0.9982	0.5957	0.5572
14	17	0.9985	0.5218	0.5777
15	16	0.9989	0.5346	0.2283
15	17	1.0000	0.4465	0.8882
16	17	0.9999	0.5581	0.5454
