0	7	0.8990	0.4010	0.5418
0	9	0.7503	0.5523	0.6013
0	11	0.9993	0.3313	0.5948
0	12	0.9500	0.7848	0.2241
0	15	0.7493	0.7107	0.1522
0	18	0.8002	0.3925	0.8647
1	2	0.5005	0.4433	0.2011
1	8	0.7509	0.6380	0.3876
1	9	0.5999	0.4463	0.6881
1	11	0.9989	0.2600	0.6816
2	3	0.9987	0.7994	0.5327
2	4	0.8487	0.8277	0.5738
2	6	0.9497	0.2944	0.5250
2	7	0.7993	0.2322	0.6838
2	8	0.8491	0.4579	0.2004
3	4	0.8498	0.5509	0.4334
3	5	0.9986	0.6759	0.5832
3	6	0.7001	0.6865	0.4812
3	21	0.9980	0.6206	0.8548
3	23	0.8978	0.5962	0.9377
3	26	0.5488	0.8416	0.5465
3	29	0.5999	0.6583	0.6269
4	5	0.9989	0.8963	0.6021
4	21	0.9485	0.5402	0.6147
4	29	0.6008	0.3753	0.5158
4	30	0.6501	0.3758	0.1733
5	6	0.6998	0.4823	0.3688
6	8	0.8002	0.5058	0.2479
7	8	0.9996	0.7625	0.3924
7	9	0.9988	0.3880	0.5299
7	11	0.9991	0.0382	0.5929
7	12	0.5712	0.4651	0.4275
7	15	0.5997	0.7764	0.8813
7	29	0.6499	0.8250	0.5091
8	9	0.9980	0.5437	0.4782
8	21	0.6004	0.3277	0.7208
8	30	0.9997	0.8232	0.1428
9	11	0.9983	0.4749	0.7022
9	12	0.5007	0.4367	0.2027
10	11	0.9972	0.8394	0.0312
10	12	0.7504	0.6236	0.9938
10	13	0.9979	0.5339	0.0242
10	17	0.6995	0.6456	0.2835
11	12	0.9994	0.5580	0.1095
11	13	0.9999	0.0659	0.8398
11	14	1.0000	0.6334	0.8954
11	15	0.7012	0.4533	0.0052
11	18	0.8505	0.3527	0.9372
12	13	0.9998	0.9560	0.3752
12	14	0.9497	0.1726	0.6824
12	15	0.9991	0.5842	0.5111
12	16	0.9496	0.9997	0.2107
12	17	0.9978	0.9856	0.6655
12	18	0.8000	0.3454	0.7652
12	19	0.9998	0.7168	0.4999
12	28	0.7992	0.7938	0.4045
12	30	0.9000	0.1540	0.6165
13	14	0.9983	0.9622	0.1943
13	15	0.9997	0.4812	0.5013
13	16	0.6014	0.0674	0.3558
13	17	0.6191	0.1883	0.5157
13	18	0.7498	0.8065	0.2790
13	19	0.9987	0.2091	0.5447
13	22	0.7994	0.4323	0.5629
14	15	0.9969	0.8876	0.0001
14	17	0.7508	0.0943	0.9812
14	18	0.6502	0.4462	0.6519
15	16	0.9998	0.9981	0.2173
15	17	0.9494	0.9512	0.8023
15	18	0.9991	0.0078	0.8977
15	19	0.9993	0.6092	0.5636
15	27	0.9987	0.9008	0.7524
15	28	0.9996	0.6980	0.5283
15	29	0.9989	0.9916	0.4499
15	30	0.9988	0.3202	0.7368
16	17	0.9990	0.3952	0.1377
16	19	0.9999	0.2315	0.9926
16	20	0.6001	0.4654	0.6959
16	21	0.9495	0.6266	0.3842
16	22	0.9992	0.5485	0.5167
16	27	0.9002	0.1715	0.1758
17	18	0.9976	0.9758	0.0827
17	19	0.9997	0.6606	0.8707
17	20	0.9497	0.0502	0.7980
17	22	0.8497	0.6016	0.5771
18	19	0.9978	0.6696	0.0385
19	21	0.5991	0.9768	0.4934
19	22	0.7499	0.8696	0.6581
19	27	0.9984	0.9465	0.6221
19	28	0.8994	0.6502	0.4736
20	21	0.9975	0.7118	0.2350
20	22	0.9482	0.8151	0.3225
20	23	0.8002	0.4652	0.5539
20	27	0.9475	0.4266	0.0265
21	22	0.9498	0.6131	0.1935
21	23	0.8487	0.5043	0.6040
21	29	0.8997	0.5098	0.4370
22	23	0.9976	0.7307	0.3966
22	27	0.7002	0.4961	0.4234
23	24	0.9995	0.7068	0.3624
23	25	0.9499	0.6955	0.5933
23	26	0.7984	0.7176	0.3183
23	27	0.9992	0.3975	0.4618
23	28	0.8493	0.7123	0.4195
23	29	0.7999	0.9313	0.5020
23	30	0.5009	0.3383	0.6043
24	25	0.9986	0.5717	0.5121
25	26	0.9482	0.8739	0.4395
25	27	0.9982	0.7425	0.1743
26	27	0.9981	0.7829	0.2191
26	28	0.9492	0.2446	0.9342
26	29	0.7987	0.3153	0.8294
27	28	0.9999	0.6352	0.2859
28	29	0.9997	0.9713	0.3333
28	30	0.9992	0.5444	0.5911
29	30	0.9999	0.8730	0.1482
