0	1	1.0000	0.7907	0.4645
0	2	0.9994	0.4792	0.4343
0	3	0.9977	0.9856	0.4490
0	4	0.9995	0.7882	0.4143
0	8	0.9998	0.4477	0.6966
0	9	0.9995	0.5618	0.3705
0	10	0.9981	0.9438	0.0698
0	25	0.5003	0.2259	0.6893
1	2	0.9998	0.6195	0.2810
1	3	1.0000	0.2119	0.8707
1	4	0.9487	0.3078	0.3342
1	9	0.9009	0.4855	0.7208
1	10	0.7505	0.1909	0.0371
1	21	0.7010	0.2318	0.2727
1	22	0.7003	0.4261	0.8975
1	23	0.9495	0.2774	0.1454
1	24	0.8498	0.4573	0.7428
1	25	0.9495	0.8584	0.3712
2	3	0.9986	0.9393	0.5302
2	4	0.9995	0.6515	0.4804
2	8	0.9988	0.4387	0.6867
2	9	0.9996	0.5162	0.3592
3	4	0.9999	0.5409	0.7119
3	5	0.9000	0.3269	0.6339
3	7	0.7012	0.3948	0.5335
3	8	0.6995	0.6536	0.4153
3	9	0.5013	0.4055	0.7701
4	5	0.6002	0.8318	0.4245
4	8	0.9990	0.5279	0.6972
4	9	0.9977	0.5527	0.5423
5	6	0.9000	0.7814	0.3912
5	7	0.9497	0.5539	0.5100
5	8	0.6501	0.6552	0.3522
5	10	0.6500	0.4312	0.1634
6	7	0.7502	0.7980	0.6505
6	8	0.9996	0.8708	0.5690
6	10	0.6004	0.1464	0.2921
7	8	0.9976	0.5822	0.1599
7	10	0.9986	0.4914	0.2887
8	9	1.0000	0.7889	0.2854
8	10	0.9998	0.4614	0.5701
9	10	1.0000	0.8493	0.2714
9	11	0.8997	0.5179	0.2858
9	12	0.8997	0.9813	0.3878
9	22	0.8987	0.5969	0.6864
9	25	0.6499	0.4703	0.8436
10	11	0.9991	0.4826	0.3553
10	22	0.9998	0.3112	0.8173
11	12	0.9990	0.9366	0.4655
11	13	0.5959	0.4892	0.4264
11	14	0.9495	0.9269	0.3621
11	15	0.9487	0.5377	0.4503
11	16	0.5502	0.5814	0.4356
11	17	0.7502	0.7240	0.5459
11	19	0.8996	0.5880	0.4605
11	22	0.9484	0.5020	0.5603
12	13	0.9997	0.4976	0.7482
12	14	0.9995	0.2226	0.3347
12	15	0.8991	0.5996	0.5480
12	17	0.6013	0.4454	0.7291
12	19	0.7510	0.3649	0.6770
12	22	0.9997	0.4799	0.7103
13	14	0.9992	0.8901	0.5461
13	15	0.9985	0.4869	0.4477
13	16	0.9992	0.5234	0.4738
13	17	0.7697	0.6161	0.4676
13	18	0.9489	0.8986	0.4202
14	15	0.9996	0.6348	0.6996
14	16	0.7012	0.4577	0.2872
14	18	0.7999	0.4451	0.1285
15	16	0.9977	0.9182	0.5518
15	17	0.9990	0.4720	0.3998
15	18	0.9978	0.9343	0.4757
15	19	0.6506	0.5231	0.4060
16	17	0.9996	0.6178	0.3182
16	18	0.9999	0.7021	0.5019
16	19	0.9490	0.6244	0.3801
17	18	0.9997	0.7581	0.4725
17	19	0.9494	0.5350	0.4733
17	20	0.9993	0.9960	0.1313
17	21	0.9993	0.6597	0.7499
17	22	0.9493	0.6058	0.4076
18	19	0.9986	0.7289	0.2812
18	21	0.5504	0.2809	0.7834
19	20	1.0000	0.9908	0.1888
19	21	0.9995	0.5878	0.7230
19	22	0.9482	0.5292	0.5086
19	25	0.5007	0.6864	0.5548
20	21	0.9996	0.6039	0.3211
21	22	1.0000	0.7671	0.2520
21	23	0.9004	0.1591	0.4971
21	24	0.7504	0.1918	0.4888
21	25	0.5008	0.5844	0.3259
22	24	0.5005	0.5269	0.5135
22	25	0.9501	0.7909	0.6401
23	24	0.9995	0.5405	0.5307
23	25	0.7497	0.5823	0.1840
24	25	0.7501	0.7438	0.2778
