0	1	0.9999	0.5784	0.4883
0	2	0.9994	0.5637	0.5441
0	3	0.9992	0.7601	0.4790
0	4	0.5497	0.4177	0.4449
0	5	0.8997	0.6472	0.4049
0	6	0.6002	0.5184	0.5382
0	7	0.9991	0.3901	0.4587
0	8	0.8000	0.6748	0.3450
1	2	0.9999	0.5923	0.5322
1	3	0.9997	0.6071	0.4912
1	4	0.9473	0.2938	0.6693
1	5	0.9993	0.5618	0.5455
1	6	0.9493	0.5067	0.5043
1	7	0.8988	0.3911	0.4544
1	8	0.6498	0.5309	0.6584
2	3	0.9999	0.5557	0.5381
2	4	0.9984	0.4369	0.5718
2	5	0.9992	0.6195	0.5169
2	6	0.9492	0.4363	0.4747
2	7	0.9987	0.3590	0.3812
3	4	0.9959	0.8761	0.4284
3	5	0.9997	0.6512	0.4792
3	6	0.9983	0.6160	0.6461
3	7	0.9988	0.5770	0.5040
4	5	0.9964	0.9303	0.0826
4	6	0.9987	0.6706	0.8653
4	7	0.9969	0.5477	0.5898
5	6	0.9997	0.5206	0.4979
5	7	0.9988	0.5105	0.4833
5	8	0.7003	0.3338	0.6542
6	7	0.9997	0.4986	0.5094
6	8	0.9488	0.7794	0.4892
7	8	0.9982	0.6067	0.5691
9	10	0.9982	0.6425	0.2108
9	12	0.9498	0.5024	0.7442
10	11	0.9967	0.9388	0.4247
10	12	0.9996	0.4932	0.6459
10	13	0.8508	0.1122	0.4981
10	14	0.9494	0.5815	0.4743
10	15	0.8001	0.5207	0.3094
11	12	0.8497	0.5082	0.1822
12	13	0.7503	0.6928	0.3324
12	14	0.8495	0.4606	0.3997
14	15	0.9997	0.5309	0.4685
14	16	0.9493	0.5873	0.4870
14	17	0.9997	0.6818	0.6079
14	18	0.9998	0.6265	0.5153
14	19	0.9996	0.5949	0.5440
14	20	0.9988	0.4505	0.4094
15	16	0.9999	0.5125	0.4945
15	17	0.9989	0.5162	0.5991
15	18	0.9995	0.5456	0.5526
15	19	0.9998	0.5722	0.5409
15	20	0.9992	0.4467	0.4635
16	17	0.9995	0.5997	0.5901
16	18	0.9996	0.5251	0.4937
16	19	0.9996	0.5713	0.5108
16	20	0.9998	0.5278	0.4853
17	18	0.9997	0.6704	0.5311
17	19	0.9996	0.7378	0.5790
17	20	0.9992	0.7545	0.5738
18	19	0.9978	0.5275	0.5050
18	20	0.9996	0.5460	0.4571
19	20	0.9996	0.4240	0.4788
