0	1	0.9995	0.9529	0.5216
0	2	0.9495	0.5883	0.3573
0	4	0.9991	0.5031	0.2779
0	25	0.5004	0.4211	0.2973
1	2	0.9986	0.5960	0.4146
2	3	0.9960	0.9886	0.6083
2	32	0.9986	0.3664	0.1826
3	32	0.8453	0.7512	0.0900
4	5	0.9996	0.5538	0.5777
4	25	0.9982	0.5180	0.3075
4	26	0.5528	0.1179	0.0594
5	7	0.9979	0.7210	0.6332
5	17	0.5475	0.9960	0.6412
5	18	0.8993	0.9945	0.5165
5	19	0.6445	0.9871	0.7388
5	20	0.9987	0.9954	0.7342
5	21	1.0000	0.8964	0.7018
5	24	0.8989	0.2477	0.7678
5	25	0.9995	0.3708	0.4930
5	26	0.5505	0.9936	0.1604
6	7	0.9984	0.9552	0.0071
6	18	0.9991	0.6229	0.9893
6	19	0.9000	0.8235	0.8843
6	20	0.9984	0.9827	0.0029
6	21	0.9992	0.9395	0.9995
6	22	0.8992	0.8012	0.0835
7	8	0.9996	0.9694	0.2472
7	16	0.9985	0.1596	0.6033
7	18	0.7492	0.4826	0.3075
7	19	0.5998	0.1716	0.1592
7	20	0.9996	0.7787	0.5633
7	21	1.0000	0.6135	0.4982
7	22	0.9494	0.4509	0.0599
7	24	0.9966	0.9574	0.5160
7	25	0.7493	0.9356	0.3093
8	9	0.9999	0.8513	0.4128
8	10	0.9979	0.6022	0.1532
8	11	0.9984	0.2594	0.3709
8	12	0.6510	0.7241	0.0743
8	14	1.0000	0.5840	0.4968
8	16	0.9993	0.6335	0.7929
8	20	0.9998	0.4209	0.7635
8	21	0.9988	0.2744	0.3668
8	22	0.9986	0.7968	0.5560
8	24	0.7999	0.2494	0.3505
9	10	0.9960	0.6909	0.0123
9	11	0.7008	0.2365	0.8149
9	12	0.9487	0.7305	0.1216
9	14	0.9988	0.8039	0.0513
10	11	1.0000	0.5820	0.4606
10	12	0.9995	0.6113	0.3769
10	13	1.0000	0.3078	0.8277
10	14	0.9997	0.4804	0.3992
10	15	0.6505	0.9463	0.3715
10	16	0.9496	0.6839	0.3453
11	12	0.9982	0.7182	0.1726
11	14	1.0000	0.3842	0.6929
11	16	1.0000	0.1787	0.9027
11	20	0.6012	0.1408	0.3649
11	21	0.8102	0.1184	0.2652
12	13	0.9990	0.8026	0.8451
12	14	0.9976	0.3650	0.2612
13	14	0.9990	0.8843	0.0534
13	15	1.0000	0.3105	0.8940
14	15	0.9997	0.7996	0.3442
14	16	0.9995	0.6286	0.5181
14	17	0.6501	0.9886	0.1559
14	18	0.9974	0.9969	0.2292
14	20	0.9991	0.6046	0.2154
14	21	0.7000	0.4345	0.3830
14	22	0.8503	0.0209	0.0756
15	16	0.9997	0.4533	0.2650
15	18	0.9500	0.0895	0.9690
15	19	0.7481	0.8043	0.5172
16	17	0.8986	0.9997	0.2381
16	18	0.9982	0.9387	0.5469
16	19	0.9003	0.0780	0.1838
16	20	0.9994	0.6062	0.2157
16	21	0.9498	0.5604	0.5671
16	22	1.0000	0.0106	0.1142
17	18	0.9982	0.8172	0.2257
17	25	0.9998	0.4361	0.9562
17	26	0.9980	0.7162	0.1506
17	28	0.6490	0.7874	0.1448
17	31	0.7489	0.8193	0.6676
17	32	0.5009	0.8526	0.3314
18	19	0.7983	0.9914	0.1546
18	20	0.9969	0.4342	0.2761
18	21	0.5006	0.5008	0.2603
18	26	0.9993	0.3071	0.3509
18	28	0.8993	0.5682	0.7319
19	20	1.0000	0.0722	0.0195
19	21	0.8014	0.2503	0.9798
20	21	1.0000	0.4407	0.4872
20	22	0.9504	0.0013	0.0641
20	25	0.5507	0.9540	0.6431
21	22	0.9999	0.9856	0.1225
21	25	0.6510	0.0524	0.2176
23	24	0.7505	0.5063	0.6676
24	25	0.5496	0.4263	0.2755
25	26	0.9987	0.9684	0.0578
26	27	0.9960	0.9821	0.5146
26	28	0.9997	0.8903	0.4175
26	29	0.5509	0.7674	0.3475
26	30	0.9992	0.9556	0.1700
26	31	1.0000	0.7084	0.7463
26	32	0.9999	0.5443	0.4312
27	28	0.9991	0.3751	0.7099
27	29	0.9498	0.2294	0.7142
27	30	0.5043	0.2334	0.3601
27	31	0.9995	0.4788	0.3325
27	32	0.9997	0.0548	0.7750
28	29	1.0000	0.6776	0.4250
28	30	0.9998	0.6622	0.5984
28	31	0.9999	0.4690	0.3992
28	32	0.9998	0.5269	0.4220
29	30	0.9999	0.5484	0.3897
29	31	0.9982	0.4793	0.1808
29	32	0.9996	0.5270	0.6267
30	31	0.9998	0.5252	0.3696
30	32	0.9994	0.0112	0.6063
31	32	0.9994	0.8518	0.5006
