0	1	0.9989	0.9304	0.4279
0	2	0.9997	0.3617	0.0520
0	3	0.9484	0.6572	0.8532
0	5	0.9992	0.7285	0.9566
0	6	0.7494	0.5919	0.3263
0	7	0.8991	0.6655	0.3900
1	2	0.9951	0.5296	0.0117
1	3	0.9992	0.8134	0.7341
1	5	0.9985	0.0307	0.9605
1	6	0.9992	0.2111	0.2124
1	7	0.9503	0.0092	0.1270
2	3	0.9991	0.4030	0.4067
2	5	0.9971	0.0499	0.8295
2	6	0.9971	0.1455	0.4573
2	7	0.9967	0.2342	0.3182
3	4	1.0000	0.9412	0.4191
3	5	0.9998	0.5272	0.3433
3	6	1.0000	0.7943	0.4494
3	7	0.9985	0.7209	0.6266
4	5	0.9997	0.8618	0.0840
4	6	1.0000	0.5939	0.4597
4	7	0.9499	0.4974	0.2617
4	8	1.0000	1.0000	0.9509
4	12	0.9988	0.8698	0.4751
5	6	1.0000	0.7639	0.3295
5	7	0.9998	0.5496	0.5796
6	7	0.9990	0.3919	0.2919
7	11	0.9983	0.9955	0.5807
8	9	0.9999	0.8997	0.1959
8	11	0.9992	0.4586	0.1629
8	15	1.0000	0.5198	0.6376
8	17	1.0000	0.1208	0.0721
8	19	1.0000	0.5483	0.3189
9	10	0.7008	0.1932	0.7182
9	11	0.9998	0.4890	0.4847
9	12	0.7992	0.2791	0.2618
9	13	1.0000	0.3624	0.9861
9	15	0.9999	0.3489	0.4287
10	11	1.0000	0.7935	0.1652
10	13	0.9996	0.2674	0.9951
10	15	0.9998	0.5976	0.8360
11	15	0.9953	0.0172	0.7301
13	14	0.9952	0.1335	0.6495
13	15	0.9955	0.9887	0.5667
13	16	0.9968	0.3376	0.1820
14	15	1.0000	0.1391	0.1496
14	16	1.0000	0.4189	0.6653
14	18	0.9993	0.2584	0.0051
15	16	1.0000	0.3992	0.9096
15	17	0.9997	0.6465	0.7336
15	18	1.0000	0.0771	0.0263
15	19	0.9990	0.3177	0.0357
17	18	0.9997	0.9985	0.9894
17	19	0.9998	0.4267	0.5452
