0	1	0.8998	0.8578	0.5626
0	2	0.9995	0.5943	0.6670
0	4	0.7505	0.6857	0.7042
0	5	0.8499	0.6133	0.4586
1	2	0.9994	0.7231	0.3965
1	3	0.8997	0.1996	0.7150
1	4	0.7008	0.3732	0.8453
1	5	0.9989	0.8544	0.3462
2	3	0.9993	0.8610	0.2401
2	4	0.9998	0.7405	0.6644
2	5	0.9993	0.7367	0.4540
3	4	0.9975	0.4959	0.5530
3	5	0.9497	0.1142	0.3263
4	5	0.9484	0.9548	0.4358
5	6	0.9974	0.5697	0.2018
5	7	0.8488	0.7213	0.5049
5	8	0.5501	0.4684	0.1624
5	21	0.6000	0.4672	0.6691
5	22	0.6187	0.7755	0.4792
6	7	0.9989	0.6760	0.3305
6	8	0.9994	0.5110	0.4799
6	9	0.9982	0.8990	0.3315
6	10	0.9486	0.7498	0.6396
6	11	0.9983	0.6150	0.7344
6	22	0.5002	0.2773	0.3697
7	8	0.9995	0.6719	0.2808
7	9	0.9999	0.3171	0.7449
7	10	0.9993	0.2184	0.2673
7	11	0.9994	0.4620	0.6383
7	12	0.7000	0.2010	0.2497
7	21	0.7002	0.3897	0.4645
8	9	0.9982	0.7649	0.5892
8	10	0.7498	0.5944	0.5362
8	11	0.8992	0.5541	0.6538
9	10	0.9985	0.7377	0.2758
9	11	0.9994	0.6923	0.6261
9	12	0.6503	0.4224	0.3593
9	21	0.9986	0.7135	0.5292
10	11	0.9983	0.5560	0.6878
10	21	0.9985	0.4662	0.4652
10	22	0.6995	0.2551	0.4170
11	12	0.8505	0.6354	0.3727
11	14	0.7989	0.5829	0.6092
11	16	0.5016	0.4324	0.6872
11	21	0.9995	0.8631	0.5558
11	22	0.5501	0.8261	0.3689
12	13	0.9989	0.8306	0.7670
12	14	0.9995	0.5233	0.4874
12	15	0.9992	0.8049	0.5593
12	16	0.9990	0.4713	0.4876
12	17	0.8988	0.8360	0.5136
12	20	0.9483	0.5879	0.4906
13	14	0.9977	0.6627	0.2115
13	15	0.5007	0.4435	0.5570
13	16	0.9985	0.7160	0.2498
13	20	0.5006	0.5062	0.1221
14	15	0.9998	0.7893	0.4141
14	16	0.9998	0.5085	0.4715
14	17	0.7019	0.9464	0.3657
14	20	0.9974	0.4997	0.5134
14	21	0.7998	0.5483	0.2726
15	16	0.9998	0.5687	0.4434
15	17	0.7502	0.3170	0.3956
15	18	0.9136	0.3052	0.7526
15	19	0.6002	0.6519	0.6338
15	20	0.9981	0.5380	0.2712
15	21	0.9493	0.3077	0.3630
16	17	0.8986	0.9469	0.2647
16	20	0.9977	0.5733	0.5863
16	21	0.9499	0.5566	0.3988
17	18	0.8504	0.5848	0.7824
17	19	0.9979	0.6767	0.3581
17	20	0.7497	0.3918	0.2610
17	21	0.9987	0.4365	0.1206
18	19	0.9498	0.6929	0.4832
19	20	0.5504	0.6259	0.3262
20	21	0.9995	0.5841	0.2794
21	22	0.9970	0.9747	0.1366
