0	1	0.9995	0.5371	0.4323
0	2	0.8501	0.6543	0.6093
0	3	0.7500	0.4192	0.5862
0	12	0.6029	0.7706	0.7181
0	20	0.8718	0.5518	0.6496
0	21	0.9508	0.7919	0.7433
0	22	0.9995	0.7080	0.7876
0	23	0.9995	0.7326	0.7161
1	2	1.0000	0.7145	0.4622
1	3	0.9494	0.6374	0.5894
1	4	0.9998	0.6256	0.5685
1	5	0.8499	0.5961	0.2770
1	11	0.6012	0.4573	0.3892
1	20	0.7994	0.2397	0.5212
1	21	0.8986	0.4934	0.6541
1	22	0.9994	0.5081	0.6170
1	23	0.9984	0.4065	0.3145
2	3	0.9993	0.5208	0.5384
2	4	0.9991	0.4979	0.3995
2	5	0.9992	0.5350	0.4657
2	6	0.8493	0.5949	0.4487
2	13	0.5500	0.5492	0.5330
2	23	0.9496	0.4447	0.1621
3	4	1.0000	0.6177	0.3896
3	5	1.0000	0.5989	0.4659
3	6	0.7071	0.4453	0.5240
3	23	0.9983	0.7845	0.2995
4	5	0.9997	0.5525	0.3871
4	6	0.9990	0.4489	0.5361
4	7	0.7004	0.5262	0.6328
4	8	0.5010	0.5548	0.2507
4	13	0.5019	0.5407	0.6519
5	6	1.0000	0.5453	0.5619
5	7	0.9991	0.6710	0.7253
5	8	0.9972	0.8006	0.4649
5	9	0.9488	0.9223	0.9001
5	12	0.5453	0.7570	0.8051
5	13	0.9993	0.7995	0.8311
6	7	0.9980	0.5548	0.6322
6	8	0.9993	0.2131	0.4411
6	9	0.9496	0.3057	0.7312
6	10	0.8500	0.1883	0.7666
6	12	0.5459	0.5342	0.3391
6	13	0.9998	0.7597	0.6569
6	14	0.5003	0.4436	0.3285
7	8	0.8976	0.8151	0.4594
7	9	0.7996	0.5731	0.6161
7	10	0.5497	0.8622	0.7156
7	12	0.6503	0.6024	0.5684
7	13	0.9990	0.6117	0.6756
8	9	0.9485	0.8607	0.9571
8	10	0.7994	0.5491	0.5181
9	10	0.9970	0.9774	0.4828
9	13	0.7502	0.4869	0.3902
10	11	0.5511	0.6551	0.0634
10	13	0.5001	0.5643	0.5015
11	12	0.9994	0.6558	0.5260
11	13	0.6744	0.4956	0.5165
11	14	0.9995	0.6469	0.3763
11	15	0.9479	0.5510	0.4865
11	16	1.0000	0.6996	0.5155
11	17	0.9996	0.6057	0.4634
11	20	0.8501	0.6250	0.4633
11	21	0.9501	0.5882	0.4384
11	22	0.9003	0.5359	0.4839
11	23	0.9992	0.4637	0.6438
12	13	0.9992	0.5827	0.6332
12	14	0.9988	0.5923	0.4715
12	15	0.9989	0.4932	0.4915
12	16	0.9995	0.4754	0.3456
12	17	0.7499	0.4494	0.5585
12	20	0.8994	0.5379	0.4243
12	21	0.5010	0.5058	0.3776
12	22	0.6011	0.4445	0.5933
12	23	0.9490	0.8222	0.8340
13	14	0.9497	0.5825	0.3859
13	15	0.9987	0.6422	0.5749
13	16	0.9986	0.6203	0.4660
14	15	1.0000	0.5898	0.4858
14	16	0.9498	0.6804	0.5775
14	17	0.5508	0.5482	0.3358
14	20	0.6005	0.6645	0.3184
15	16	0.9997	0.5860	0.4159
15	17	0.9987	0.5507	0.6373
15	20	0.9990	0.6117	0.5383
15	21	0.7003	0.6529	0.4923
15	22	0.7007	0.5767	0.5938
16	17	0.9998	0.6626	0.4981
16	18	0.9492	0.7452	0.8395
16	19	0.8496	0.6443	0.5778
16	20	0.9996	0.6898	0.4869
16	21	0.9994	0.7064	0.4934
16	22	0.9992	0.7399	0.5688
16	23	0.8498	0.4901	0.7460
17	18	0.9997	0.6977	0.9280
17	19	0.9494	0.4984	0.6692
17	20	0.9991	0.4072	0.3701
17	21	0.9490	0.2331	0.4688
17	22	0.6003	0.1708	0.4271
18	19	0.9981	0.8673	0.3622
19	20	0.9976	0.8592	0.0928
20	21	0.9999	0.5951	0.5055
20	22	0.9998	0.6849	0.5697
20	23	0.9996	0.6724	0.7580
21	22	0.8954	0.4485	0.4873
21	23	1.0000	0.5640	0.5162
22	23	0.9997	0.5868	0.4409
