0	1	0.9999	0.5471	0.5067
0	2	0.9980	0.3409	0.3358
0	4	0.8504	0.0710	0.5334
0	5	0.9948	0.8689	0.4961
0	6	0.9983	0.5661	0.5002
0	7	0.9996	0.3714	0.4958
0	11	0.9999	0.3387	0.9000
0	12	0.9979	0.1458	0.4872
0	13	0.9988	0.0007	0.9971
1	2	1.0000	0.5292	0.4433
1	3	0.8485	0.4320	0.2837
1	4	1.0000	0.9987	0.2766
1	5	1.0000	0.0298	0.4884
1	6	0.9998	0.1739	0.2988
1	12	0.9976	0.9973	0.6726
1	13	0.9986	0.9703	0.9631
1	15	0.9997	0.9979	1.0000
1	19	0.7400	0.8491	0.0136
2	3	0.9996	0.3799	0.4630
2	4	0.9989	0.0316	0.2833
2	5	0.9998	0.7512	0.2326
2	12	1.0000	0.4118	0.6880
2	13	0.9984	0.0783	0.8121
2	15	0.9994	0.0006	0.9958
2	19	0.9996	0.0004	0.0000
3	4	0.9993	0.9677	0.4329
3	5	0.9980	0.5700	0.1225
3	12	0.9983	0.6162	0.6170
3	13	0.8997	0.0445	0.7375
4	5	0.9962	0.7871	0.0154
4	12	0.9980	0.5494	0.8162
4	13	0.9994	0.1990	0.5048
5	6	0.9975	0.6427	0.1817
5	7	1.0000	0.8280	0.9966
5	8	1.0000	0.9573	0.4762
5	10	0.9983	0.9827	0.4467
5	11	0.9988	0.4898	0.7676
5	12	1.0000	0.0073	0.3886
6	7	0.9994	0.5594	0.6369
6	8	0.9997	0.2261	0.2855
6	9	0.6014	0.4663	0.2739
6	11	0.9999	0.6210	0.7931
6	12	0.9999	0.9720	0.2789
7	8	0.9965	0.8310	0.5291
7	9	1.0000	0.7490	0.2731
7	10	0.9993	0.8672	0.7442
7	11	0.9999	0.5020	0.5916
7	12	1.0000	0.0137	0.0776
8	9	0.9995	0.7082	0.4715
8	10	0.9997	0.4312	0.4029
8	11	0.9984	0.9447	0.5390
9	10	0.9961	0.4180	0.7484
9	11	0.9977	0.1887	0.4456
10	11	0.9994	0.9388	0.0548
11	12	0.9989	0.9748	0.0076
12	13	1.0000	0.9060	0.3587
13	15	0.9957	0.9209	1.0000
14	15	1.0000	0.4473	0.4175
14	16	0.9999	0.4549	0.5918
14	19	0.9995	0.7471	0.7257
14	20	0.9999	0.3103	0.4598
14	21	0.9997	0.2579	0.6187
15	16	1.0000	0.4007	0.4974
15	17	0.5020	0.1576	0.0570
15	18	0.9972	0.7301	0.0201
15	19	1.0000	0.5402	0.3759
15	20	1.0000	0.4623	0.3885
15	21	0.9983	0.4323	0.8668
16	17	1.0000	0.6058	0.7894
16	19	0.9997	0.5012	0.4781
16	20	0.9980	0.4989	0.4701
16	21	0.9968	0.6264	0.7802
17	19	0.9996	0.5361	0.3432
18	19	0.9997	0.3688	0.1179
19	20	0.9989	0.6971	0.0331
20	21	0.9993	0.4471	0.5021
