0	1	0.9997	0.4324	0.4443
0	2	1.0000	0.7421	0.5297
0	3	0.9999	0.4887	0.7053
0	4	1.0000	0.0939	0.3717
0	6	1.0000	0.2788	0.6079
0	23	0.9967	0.9906	0.4637
0	26	0.9976	0.9836	0.7339
1	2	1.0000	0.4519	0.4146
1	3	0.9996	0.1129	0.3263
1	4	0.9483	0.7296	0.4368
1	6	0.9986	0.7310	0.6126
1	7	0.6997	0.8644	0.2385
1	21	0.9976	0.4056	0.1416
1	23	0.9999	0.0315	0.0719
1	26	0.9996	0.4996	0.3262
2	3	0.8002	0.9679	0.6560
2	6	0.9992	0.6680	0.5835
2	21	0.9941	0.5177	0.0067
2	23	0.8989	0.5874	0.0759
2	26	0.9983	0.1253	0.1478
3	4	1.0000	0.9924	0.2486
3	5	0.9491	0.9937	0.3510
3	6	0.8483	0.9021	0.1547
4	5	1.0000	0.8229	0.4507
4	6	1.0000	0.6206	0.3733
4	17	0.9994	0.4087	0.5656
4	19	0.9571	0.8773	0.0865
5	6	1.0000	0.3581	0.3900
5	17	0.8496	0.8210	0.5307
5	19	0.9973	0.4751	0.1104
6	7	1.0000	0.9335	0.0823
6	17	0.8045	0.0261	0.0792
6	19	0.9983	0.4037	0.0278
6	21	0.9986	0.5602	0.2947
7	8	1.0000	0.9455	0.0609
7	10	0.9998	0.9923	0.0175
7	21	0.9977	0.0249	0.6193
7	22	0.9997	0.6137	0.3400
7	24	0.9994	0.5412	0.7287
7	25	0.9985	0.3899	0.3791
8	9	0.9977	0.9030	0.6446
8	10	0.9998	0.5869	0.5109
8	11	1.0000	0.9994	0.6310
8	12	0.9996	0.5384	0.5610
8	14	0.9999	0.5102	0.3486
8	21	0.9996	0.0001	0.8930
8	22	1.0000	0.2405	0.7005
8	24	0.9974	0.0677	0.6018
8	25	0.8511	0.0156	0.2782
9	10	0.9995	0.6142	0.2054
9	11	0.9963	0.1092	0.7215
9	12	0.9491	0.3482	0.0054
10	11	0.9960	0.7503	0.6831
10	12	0.9970	0.5597	0.6437
10	13	0.5507	0.9380	0.7291
10	14	0.9987	0.6238	0.5313
10	16	0.7496	0.6374	0.8363
10	22	1.0000	0.3925	0.8485
11	12	1.0000	0.6356	0.3368
11	13	0.9995	0.3100	0.7974
12	13	0.9963	0.8326	0.7412
12	14	0.9999	0.6509	0.4354
12	16	0.9999	0.8531	0.6646
12	22	0.9998	0.8385	0.9116
13	14	1.0000	0.6651	0.3918
13	15	0.9981	0.1659	0.6793
13	16	0.9980	0.5571	0.1163
14	15	0.9985	0.6835	0.5023
14	16	0.9999	0.4995	0.5305
14	18	0.6974	0.3023	0.0086
14	20	0.8975	0.1193	0.5187
14	22	1.0000	0.5135	0.6724
15	16	1.0000	0.4758	0.4119
15	17	0.9997	0.0464	0.8221
15	18	0.8497	0.5525	0.0000
16	17	0.9970	0.9892	0.4804
16	18	0.9972	0.5191	0.1961
17	18	0.9998	0.7729	1.0000
17	19	0.9996	0.4761	0.4594
17	20	0.7498	0.5056	0.9719
18	19	0.9990	1.0000	0.7233
18	20	0.8491	0.3587	0.1900
19	20	1.0000	0.7363	0.9713
19	21	0.9993	0.0922	0.7864
20	21	1.0000	1.0000	0.9298
20	22	1.0000	0.9808	0.1298
21	22	0.9999	0.6486	0.1829
21	23	0.9992	0.0982	0.4204
21	24	0.9984	0.0997	0.4467
21	25	0.9998	0.5480	0.7839
22	23	0.5510	0.7135	0.1834
22	24	0.9996	0.8869	0.3886
22	25	0.9963	0.4840	0.4788
23	24	0.9476	0.6884	0.2752
23	26	0.9993	0.5700	0.4389
24	25	0.9986	0.8411	0.6595
