0	1	0.9999	0.3870	0.5528
0	2	0.9989	0.3198	0.6813
0	4	0.9985	0.3615	0.1845
1	2	0.9994	0.8220	0.3760
1	3	0.9998	0.7061	0.4586
1	4	0.9962	0.5104	0.1533
1	5	0.6496	0.9232	0.1201
1	20	0.8988	0.8962	0.5286
2	3	0.9999	0.7242	0.3734
2	4	0.9999	0.4800	0.3987
2	5	0.7179	0.7071	0.2385
2	20	0.5009	0.1316	0.6944
3	4	0.9984	0.4299	0.2294
4	5	0.9971	0.4868	0.1458
6	7	0.9952	0.9545	0.2110
6	9	0.9971	0.9333	0.2394
6	20	0.8510	0.3086	0.9821
7	8	0.9994	0.9878	0.8228
7	9	0.9997	0.6845	0.4724
7	11	0.9997	0.9907	0.8927
7	18	0.9988	1.0000	0.0378
7	21	0.9949	1.0000	0.0087
8	9	0.9961	0.6933	0.0236
8	10	0.9960	0.4913	0.1698
8	11	1.0000	0.4219	0.5397
8	23	0.9984	0.6187	0.2126
8	24	1.0000	0.7740	0.8571
8	25	0.9996	0.4459	0.4907
8	26	0.9997	0.2443	0.8026
9	10	0.9951	0.4888	0.0560
9	11	0.9960	0.0726	0.3901
9	18	0.9983	0.2603	0.0249
9	20	0.6019	0.5941	0.9507
9	21	0.9993	0.1848	0.0809
9	23	0.9958	0.5263	0.0540
9	24	0.6488	0.8427	0.8727
10	11	0.9981	0.8624	0.0378
10	18	0.9486	0.1492	0.8310
10	20	0.9994	0.0000	0.8812
10	21	1.0000	0.4706	0.6648
10	22	0.9991	0.1061	0.3766
10	23	0.9999	0.5817	0.3882
10	24	0.9982	0.7320	0.6232
11	12	0.9976	0.8791	1.0000
11	13	0.9999	0.5416	0.2236
11	14	1.0000	0.3498	0.7320
11	15	0.9999	0.7974	0.9861
11	16	0.9972	0.4818	0.0326
11	18	1.0000	0.2945	0.6023
11	21	1.0000	0.1347	0.7537
11	23	0.9998	0.1530	0.6139
11	24	0.9989	0.1226	0.2029
11	25	0.9999	0.1242	0.9564
11	26	0.9992	0.1561	0.3483
12	14	0.9990	0.4129	0.8903
13	14	0.9972	0.4814	0.2859
13	15	1.0000	0.0343	0.9457
13	16	0.9991	0.5232	0.5004
13	17	0.9994	0.6017	0.6088
13	18	0.9994	0.5184	0.5031
13	20	0.9991	0.7323	0.8005
13	21	0.9985	0.3581	0.4170
14	15	0.9997	0.7061	0.3435
14	16	0.9973	0.2561	0.0664
14	25	1.0000	0.7406	0.8934
14	26	0.9998	0.8828	0.2016
15	16	0.9971	0.8456	0.0115
16	17	0.9982	0.7413	0.5367
16	18	0.9997	0.6046	0.3651
17	18	0.9999	0.6068	0.2679
17	19	1.0000	0.0205	0.4062
17	20	1.0000	0.3337	0.6525
17	21	0.9958	0.6171	0.0075
18	20	1.0000	0.5153	0.7645
18	21	1.0000	0.5668	0.3843
19	20	0.9975	0.6083	0.1034
19	22	0.6990	0.6329	0.1758
20	21	1.0000	0.7910	0.2326
20	22	1.0000	0.2805	0.7575
21	22	0.9981	0.9948	0.2940
21	23	0.9999	0.7708	0.1401
21	24	0.9998	0.9572	0.8775
22	23	0.9997	0.2722	0.5412
22	24	0.9997	0.4116	0.6543
23	24	0.9996	0.5896	0.4843
23	25	0.9971	0.8288	0.6822
24	25	1.0000	0.4481	0.6278
25	26	1.0000	0.8994	0.3120
