0	1	0.7976	0.7625	0.4497
0	2	0.8491	0.5812	0.5184
0	3	0.8999	0.5391	0.5204
0	4	0.7506	0.7356	0.4573
1	2	0.9999	0.8369	0.2916
1	3	0.9499	0.5266	0.8196
1	4	0.9492	0.5601	0.2199
2	3	0.8009	0.7634	0.3722
2	4	0.8001	0.3600	0.5694
3	4	0.9993	0.8421	0.4847
3	5	0.9999	0.7319	0.5454
4	5	0.9500	0.8019	0.3716
4	6	0.9997	0.6922	0.6029
5	6	1.0000	0.7462	0.4841
5	7	0.6496	0.6208	0.4951
5	8	0.9500	0.6098	0.4367
6	7	0.9999	0.8001	0.5100
6	8	0.9989	0.5802	0.6132
6	9	0.5998	0.5330	0.5358
7	8	0.9500	0.7211	0.5016
7	9	0.9497	0.6920	0.7010
8	9	0.9000	0.7056	0.4823
9	10	0.9996	0.8021	0.5777
9	11	0.9999	0.7168	0.5308
9	12	0.9483	0.7788	0.4837
9	13	0.8005	0.7483	0.6248
10	11	0.9996	0.6888	0.6870
10	12	0.9994	0.4598	0.8717
10	13	0.9499	0.6173	0.6144
10	14	0.6494	0.5755	0.6385
11	12	0.9983	0.7291	0.6495
11	13	0.9494	0.6774	0.7191
11	14	0.6508	0.6650	0.3765
12	13	0.9984	0.8347	0.3985
12	14	0.9494	0.5914	0.8166
13	14	0.9999	0.7604	0.5707
13	15	0.5508	0.4203	0.4867
13	16	0.7504	0.5968	0.6050
13	18	0.5025	0.6210	0.3775
14	15	0.9989	0.9634	0.3101
14	16	0.9990	0.7513	0.6560
14	17	0.9995	0.6652	0.6297
14	18	0.9999	0.5951	0.4670
14	19	0.5828	0.4868	0.4467
15	16	0.9483	0.5910	0.1789
15	17	0.6004	0.4933	0.2297
15	18	0.9994	0.6023	0.5014
16	17	0.9495	0.6822	0.4825
16	18	0.9996	0.5977	0.4003
16	19	0.6012	0.6696	0.5250
17	18	0.9982	0.6748	0.1135
18	19	0.9994	0.6354	0.6476
18	20	0.9500	0.4557	0.6524
18	21	0.8000	0.4229	0.5555
18	22	0.7994	0.4622	0.5064
19	20	0.9999	0.8943	0.4485
19	21	0.9496	0.6570	0.5857
19	22	0.9993	0.6016	0.5461
20	21	0.9985	0.7488	0.1196
20	22	0.7003	0.4375	0.5645
21	22	0.9999	0.6623	0.4431
21	23	0.6511	0.5478	0.4182
21	24	0.7505	0.6606	0.4822
22	23	0.9502	0.6396	0.4434
22	24	0.9497	0.6152	0.5787
22	25	0.9498	0.7314	0.4217
23	24	0.9998	0.7579	0.4357
23	25	0.9997	0.6119	0.5667
24	25	1.0000	0.7309	0.3957
24	26	0.8004	0.2012	0.7297
24	27	0.9497	0.6010	0.7839
24	28	0.7511	0.7328	0.4800
25	26	0.9989	0.9366	0.5024
25	27	0.9997	0.5299	0.6990
25	28	0.9980	0.6251	0.6714
25	29	0.7506	0.6486	0.4515
26	27	0.9994	0.8751	0.1667
26	28	0.7501	0.6416	0.7545
26	29	0.9001	0.6984	0.5494
27	28	0.9998	0.7741	0.4511
27	29	0.8997	0.6616	0.6660
28	29	0.9991	0.7832	0.6199
28	30	0.8500	0.8481	0.4868
29	30	0.9993	0.8221	0.4670
29	31	0.9996	0.7033	0.5649
30	31	1.0000	0.5135	0.7523
30	33	0.6507	0.4894	0.5458
31	32	0.9500	0.7137	0.4467
31	33	0.9493	0.6132	0.5830
31	36	0.5016	0.5188	0.3956
32	33	0.9500	0.5169	0.7582
32	34	0.6499	0.4127	0.6714
32	35	0.5512	0.5880	0.4323
32	36	0.6985	0.3412	0.3784
33	34	0.9998	0.9428	0.4969
33	35	0.8504	0.6463	0.6083
33	36	0.9999	0.6142	0.3836
34	35	0.9492	0.8297	0.2375
34	36	0.9999	0.4451	0.8022
35	36	1.0000	0.6624	0.3494
35	37	0.6509	0.3236	0.7303
35	38	0.6502	0.3789	0.4088
36	37	0.9997	0.8884	0.4842
36	38	0.9992	0.8586	0.4359
36	39	0.9498	0.6244	0.4962
37	38	0.9493	0.8037	0.2700
37	39	0.6509	0.6890	0.3423
39	40	0.7432	0.6138	0.5437
39	41	0.9000	0.6007	0.4044
40	41	0.9019	0.6366	0.5044
40	42	0.9498	0.5936	0.4529
40	44	0.7002	0.5638	0.3573
41	42	0.9999	0.5710	0.4427
41	43	0.9001	0.6038	0.5635
41	44	0.9999	0.6129	0.5086
41	45	0.9000	0.7190	0.3908
42	43	0.9994	0.5448	0.5576
42	44	0.9498	0.5083	0.5272
42	45	0.9998	0.5823	0.4874
42	46	0.8501	0.6850	0.5403
42	47	0.6505	0.5559	0.3886
43	44	1.0000	0.6607	0.5231
43	45	1.0000	0.5679	0.6076
43	47	0.5504	0.6258	0.4892
44	45	0.9999	0.6644	0.5187
44	46	0.9995	0.6931	0.5248
44	47	0.9002	0.6097	0.4954
45	46	0.9997	0.8266	0.4695
45	47	0.9996	0.7048	0.6332
45	48	0.5508	0.6135	0.4080
45	49	0.6010	0.5080	0.5168
46	47	0.9999	0.5861	0.6091
46	49	0.9999	0.5785	0.6478
47	48	0.9996	0.8808	0.5745
47	49	0.9992	0.6685	0.6419
47	50	0.8004	0.5595	0.5232
47	52	0.8998	0.6724	0.3978
48	49	0.9998	0.6492	0.3903
48	50	0.6005	0.2045	0.7152
48	52	0.9987	0.6466	0.0994
49	50	0.9998	0.8429	0.5136
49	51	0.9997	0.5073	0.6840
49	52	0.9496	0.6131	0.3910
49	53	0.7004	0.7227	0.6362
50	51	0.9993	0.8893	0.1504
50	52	1.0000	0.6559	0.5400
50	53	0.8007	0.6542	0.5376
50	54	0.5508	0.7610	0.3071
51	52	0.9997	0.7383	0.2249
51	53	1.0000	0.3851	0.8556
51	54	0.7005	0.5960	0.5985
51	55	0.9001	0.7458	0.3321
52	53	0.9999	0.7070	0.5338
52	54	0.9999	0.3489	0.6912
52	55	0.9499	0.5657	0.5664
53	54	0.9994	0.8622	0.4220
53	55	0.9997	0.6462	0.6182
54	55	0.9999	0.8944	0.4166
