0	1	0.9991	0.9572	0.1138
0	2	0.9997	0.9077	0.3271
0	3	0.9991	0.9540	0.9541
0	4	0.9492	0.9235	0.3068
0	28	0.9490	0.3880	0.3870
0	29	1.0000	0.5295	0.3398
1	2	0.9997	0.4903	0.5097
1	3	0.9988	0.4243	0.7927
1	4	0.9987	0.3394	0.6618
1	5	0.9498	0.3741	0.3077
1	6	0.9990	0.3539	0.7096
1	7	0.9994	0.5751	0.3462
1	23	0.6500	0.2973	0.5514
1	27	0.9999	0.4605	0.6595
1	28	0.9972	0.3574	0.4355
1	29	0.9961	0.3022	0.0594
2	3	0.9406	0.4173	0.7240
2	4	0.9993	0.4144	0.6300
2	5	0.9994	0.4697	0.3882
2	6	0.9994	0.2635	0.6828
2	7	0.9991	0.4476	0.4025
2	27	0.9979	0.4738	0.6747
2	28	0.9998	0.4731	0.4569
2	29	0.9949	0.4780	0.0794
3	4	0.9499	0.6780	0.5550
3	5	0.9976	0.4272	0.2014
3	6	0.9997	0.2538	0.8092
3	8	0.7500	0.1044	0.8415
3	29	0.9992	0.9228	0.0475
4	5	0.9984	0.5582	0.2252
4	6	0.8002	0.5629	0.4684
4	7	0.9990	0.7475	0.2441
4	8	0.9988	0.7337	0.8995
4	29	0.9997	0.5882	0.2629
5	6	0.9993	0.3883	0.6730
5	7	0.9998	0.6812	0.3046
5	8	0.9996	0.8121	0.6856
6	7	0.9974	0.7978	0.0726
6	8	0.9990	0.7199	0.6652
7	8	1.0000	0.4325	0.4397
7	9	0.9999	0.2947	0.4142
7	10	0.9996	0.5012	0.3878
7	11	1.0000	0.6052	0.5004
8	9	1.0000	0.2868	0.4701
8	10	0.9994	0.2063	0.3893
8	11	0.9998	0.2977	0.4155
8	12	0.9993	0.1376	0.2570
9	10	0.9992	0.6740	0.2116
9	11	0.9993	0.6993	0.1689
9	12	1.0000	0.8781	0.1795
9	13	0.7000	0.7061	0.6813
10	11	1.0000	0.5993	0.3871
10	12	1.0000	0.5830	0.4030
10	13	0.8499	0.4576	0.5364
10	14	0.6086	0.3024	0.1379
11	12	0.9999	0.4745	0.4886
11	13	0.9994	0.3871	0.5329
11	14	0.9986	0.2490	0.4875
11	15	0.9998	0.5191	0.5044
11	16	0.9999	0.5877	0.4798
12	13	1.0000	0.4544	0.5417
12	14	0.9993	0.5670	0.4965
12	15	0.9978	0.4196	0.1433
12	16	0.9489	0.5411	0.1906
13	14	0.9991	0.3344	0.5011
13	15	0.9992	0.2740	0.2073
13	16	0.9994	0.1959	0.4490
13	17	0.7504	0.1129	0.6488
14	15	0.9984	0.9291	0.1115
14	16	0.9975	0.9930	0.1735
14	17	0.9994	0.8996	0.6876
14	18	0.8983	0.9737	0.0897
15	16	0.9502	0.6256	0.4011
15	17	0.9999	0.6015	0.5630
15	18	0.9492	0.5321	0.1794
15	19	1.0000	0.8758	0.3918
15	20	0.9491	0.9521	0.3992
16	17	0.9993	0.4333	0.4948
16	18	0.9494	0.2299	0.4580
16	19	0.9999	0.4959	0.4819
16	20	0.9994	0.5042	0.3668
17	18	0.9973	0.5000	0.2790
17	19	1.0000	0.4675	0.3805
17	20	0.9987	0.3347	0.2664
17	21	0.9988	0.1140	0.8493
18	19	0.9999	0.9193	0.2571
18	20	1.0000	0.9303	0.2109
18	21	0.9998	0.7904	0.8612
18	22	0.5496	0.8784	0.1901
19	20	1.0000	0.5163	0.4600
19	21	0.9992	0.4183	0.3952
19	23	1.0000	0.5920	0.4637
19	24	0.9996	0.6848	0.4480
19	27	0.7502	0.8332	0.5322
20	21	0.9832	0.2813	0.4029
20	22	0.9996	0.1220	0.8640
20	23	1.0000	0.5283	0.3686
20	24	0.9999	0.5094	0.3877
20	25	1.0000	0.4035	0.9495
21	22	1.0000	0.5111	0.5671
21	23	0.9998	0.2559	0.2405
21	24	0.9995	0.1605	0.3826
21	25	0.9999	0.1239	0.9219
22	23	0.9976	0.9215	0.3781
22	24	0.9994	0.9714	0.3088
22	25	1.0000	0.8452	0.9584
22	26	0.7985	0.6202	0.0618
23	24	0.9997	0.4920	0.4493
23	25	1.0000	0.4543	0.5757
23	27	1.0000	0.6356	0.5420
23	28	1.0000	0.6860	0.4152
24	25	1.0000	0.4626	0.5148
24	26	0.9992	0.2117	0.6036
24	27	1.0000	0.4322	0.5044
24	28	0.9992	0.4172	0.3653
25	26	0.9999	0.4732	0.4965
25	27	0.9997	0.0963	0.2560
25	28	1.0000	0.0376	0.4042
25	29	0.9960	0.0065	0.7400
26	27	0.9971	0.9996	0.0468
26	28	0.9989	0.9991	0.1400
26	29	0.9987	0.9881	0.8148
27	28	0.9999	0.6130	0.4443
27	29	0.9998	0.5879	0.2090
28	29	0.9983	0.3346	0.2672
