0	1	0.9983	0.7376	0.2703
0	21	0.6512	0.8753	0.8299
0	22	0.9993	0.6902	0.2976
0	26	0.9502	0.8690	0.2100
0	27	1.0000	0.8242	0.6744
1	21	0.8999	0.1150	0.9566
1	22	1.0000	0.4388	0.7774
1	24	0.9999	0.9752	0.9998
1	25	0.9978	0.9888	0.8168
1	26	0.9993	0.0001	0.3218
1	27	0.9970	0.0001	0.7646
2	17	0.9990	0.7519	0.1671
3	4	0.9999	0.6224	0.3726
3	12	0.9980	0.9802	0.7737
3	13	0.9963	0.9848	0.2502
3	14	0.9997	0.9832	0.4713
3	15	0.9962	0.8411	0.5611
3	16	1.0000	0.3799	0.6901
3	17	1.0000	0.5543	0.5025
3	18	0.9992	0.9896	0.0176
4	5	1.0000	0.9779	0.3213
4	13	0.9497	0.0104	0.2904
4	14	0.9992	0.5041	0.3657
4	15	0.9998	0.5201	0.5154
4	16	1.0000	0.3775	0.5770
4	17	0.9999	0.9104	0.3828
5	6	0.9997	0.8122	0.0630
5	9	0.9999	0.7952	0.1168
5	11	1.0000	0.4951	0.5058
5	14	1.0000	0.3639	0.4920
5	15	0.9987	0.2860	0.3434
5	16	0.9969	0.7012	0.6099
6	7	0.9994	0.4767	0.5436
6	8	0.9999	0.4499	0.6208
6	9	1.0000	0.4934	0.4443
6	11	0.8993	0.3690	0.3200
7	8	0.9995	0.6932	0.6204
7	9	0.9996	0.7312	0.5102
7	10	0.9498	0.9971	0.3110
8	9	0.9987	0.6582	0.2277
8	10	0.7084	0.3345	0.4140
9	10	0.9999	0.5652	0.3394
9	11	0.9993	0.5816	0.5033
9	14	0.9989	0.4640	0.2283
10	11	0.9972	0.4001	0.0476
10	12	0.6034	0.0218	0.6945
10	13	0.9989	0.3790	0.3945
11	12	0.9497	0.9937	0.1282
11	13	0.9974	0.3279	0.1861
11	14	0.9999	0.5823	0.3193
11	15	0.9999	0.5177	0.4909
11	16	1.0000	0.0088	0.1490
12	13	0.9960	0.6467	0.0346
12	14	1.0000	0.0613	0.9099
12	15	0.5006	0.1325	0.1402
12	17	1.0000	0.4013	0.9270
12	18	0.9966	0.4595	0.1153
12	20	0.9966	0.4215	0.1913
12	24	0.6507	0.2633	0.9030
12	25	0.9951	0.5861	0.0656
13	14	0.9995	0.1232	0.0069
13	15	0.9991	0.3285	0.9841
14	15	0.9976	0.2514	0.4636
14	16	1.0000	0.0007	0.2904
14	17	0.9495	0.9172	0.7490
15	16	1.0000	0.9149	0.2469
15	17	0.9999	0.0207	0.5636
17	18	0.9985	0.9920	0.0000
17	25	0.5492	0.9101	0.3698
18	19	0.9999	0.8001	0.5767
18	20	0.9998	0.7420	0.4102
18	24	1.0000	0.7441	0.9116
18	25	1.0000	0.1977	0.6062
18	26	1.0000	0.8147	0.2726
19	20	0.9993	0.4319	0.5608
19	24	0.9490	0.6262	0.3464
20	21	0.9997	0.9851	0.1788
20	23	0.9984	0.5858	0.6456
20	24	0.9996	0.4058	0.4827
20	25	0.9983	0.2154	0.2100
20	26	0.9998	0.9932	0.8247
21	22	0.9993	0.8852	0.2903
21	23	0.9982	0.2064	0.3052
21	24	0.9987	0.2015	0.2253
21	26	1.0000	0.5830	0.9347
21	27	0.9500	0.8360	0.4360
22	23	1.0000	0.9997	0.0316
22	24	0.9999	0.9792	0.9159
22	25	0.7501	0.4145	0.4873
22	26	0.9979	0.0180	0.6917
22	27	0.9459	0.0355	0.5606
23	24	0.9997	0.4902	0.5089
24	25	0.9999	0.9935	0.2237
24	26	0.9990	0.7337	0.8253
25	26	0.9993	0.6784	0.1791
26	27	0.9996	0.5542	0.3773
