0	1	0.9999	0.5354	0.5706
0	2	0.9996	0.2208	0.9468
0	3	0.9497	0.5507	0.4332
0	4	0.9994	0.6588	0.1772
0	5	0.9993	0.2535	0.1841
1	2	0.9990	0.6642	0.6953
1	3	0.9993	0.4685	0.4992
1	4	0.9993	0.4177	0.5086
1	5	0.9999	0.9272	0.4622
1	21	0.9507	0.0037	0.9760
2	3	0.9975	0.5809	0.1403
2	4	0.9997	0.5868	0.7021
2	5	1.0000	0.6156	0.4889
2	6	1.0000	0.0725	0.0019
3	4	0.9991	0.6206	0.5091
3	5	0.9981	0.1533	0.5999
3	19	0.9991	0.1042	0.3077
3	21	0.9999	0.5652	0.8348
4	5	0.9000	0.6797	0.3669
4	16	0.5497	0.7334	0.8229
4	19	0.9994	0.9980	0.1513
4	21	0.9998	0.7050	0.9510
6	7	0.9969	0.9567	1.0000
6	8	0.9493	0.7649	0.9998
6	19	0.9985	0.7516	0.8319
7	8	0.9500	0.9850	0.8230
7	15	0.9502	0.8391	0.0217
7	19	0.9961	0.9063	0.9918
8	15	0.8500	0.8266	0.4629
8	19	0.9981	0.9947	0.6684
8	20	0.6999	0.5099	0.3659
9	10	1.0000	0.9092	0.9599
10	11	0.7504	0.7481	0.7656
11	12	0.5503	0.0928	0.3823
11	13	0.7008	0.4854	0.0996
11	23	0.6504	0.8207	0.1109
11	28	0.5019	0.0079	0.1062
11	30	0.7535	0.0292	0.0661
12	13	0.8492	0.2332	0.0830
12	14	0.9997	0.0744	0.7027
12	25	0.8992	0.3305	0.3108
12	27	1.0000	0.9416	0.6836
12	28	1.0000	0.9790	0.0838
12	29	0.9997	0.0699	0.9852
12	30	0.9993	0.1487	0.2165
13	14	0.9982	0.8513	0.0698
13	20	0.9984	0.3920	0.8230
13	22	0.9996	0.2669	0.9924
13	23	1.0000	0.4616	0.6323
13	24	0.9986	0.6419	0.7916
13	25	0.9990	0.5619	0.5864
13	26	0.5021	0.9047	0.0828
14	15	0.9498	0.6972	0.3425
14	16	0.8488	0.5440	0.2930
14	17	0.8965	0.5137	0.2607
14	20	0.9999	0.5955	0.7132
14	21	0.5012	0.0875	0.2290
14	23	1.0000	0.3321	0.7554
14	25	1.0000	0.0533	0.8798
15	16	0.9982	0.9351	0.0488
15	19	1.0000	0.4631	0.6474
15	20	0.9990	0.3984	0.5668
15	21	0.9987	0.9621	0.0732
15	22	0.9996	0.9912	0.8327
15	23	0.9979	0.1840	0.3118
16	17	0.9989	0.9119	0.6281
16	18	1.0000	0.8137	0.2731
16	19	0.8500	0.4767	0.0964
16	20	0.9998	0.0595	0.9941
17	18	0.9981	0.3935	0.3143
18	19	0.9983	0.8843	0.0000
19	20	1.0000	0.8539	0.3175
19	21	0.9999	0.4600	0.4964
19	22	1.0000	0.4985	0.9074
19	23	0.9992	0.9977	0.0022
20	21	0.9972	0.9975	0.0470
20	22	0.9997	0.9997	0.9077
20	23	0.9995	0.5203	0.4563
21	22	0.9994	0.2704	0.3994
21	23	0.9997	0.0128	0.9062
21	24	0.9981	0.0513	0.2977
22	23	0.9976	0.9572	0.5806
22	24	1.0000	0.4725	0.5645
23	24	1.0000	0.9893	0.6829
23	25	1.0000	0.8246	0.4189
24	25	1.0000	0.8751	0.3605
25	26	0.9999	0.9985	0.1698
26	27	0.9572	0.8338	0.0086
26	28	0.9502	0.7760	0.7471
26	29	0.9495	0.8795	0.8702
27	28	0.9979	0.3629	0.0989
27	30	0.9493	0.2915	0.1824
28	29	1.0000	0.5971	0.6316
28	30	0.9990	0.2068	0.6100
29	30	1.0000	0.8638	0.8531
29	31	0.9499	0.9649	0.5196
30	31	0.9502	0.7636	0.9028
30	32	0.8502	0.8477	0.2683
31	32	0.9991	0.4130	0.4526
