0	1	0.9980	0.7012	0.4240
0	3	0.9982	0.5695	0.6738
0	4	0.9498	0.6732	0.5957
0	6	0.8000	0.4769	0.3463
0	7	0.8005	0.6974	0.6700
1	3	0.9999	0.7341	0.9521
1	4	0.9999	0.3408	0.8175
1	6	0.9999	0.1173	0.9099
1	7	0.9999	0.2457	0.6904
1	8	0.8991	0.4122	0.5983
2	3	0.9991	0.3874	0.2350
2	4	0.8993	0.4901	0.5470
3	4	0.9998	0.4866	0.4555
3	6	0.8500	0.8656	0.2972
3	7	0.9966	0.8634	0.9313
3	8	0.9996	0.6524	0.7362
4	5	0.9999	0.9790	0.4036
4	6	0.9976	0.3242	0.2429
4	7	0.9985	0.6909	0.6332
4	8	1.0000	0.6716	0.4808
5	6	1.0000	0.7596	0.1620
5	7	1.0000	0.5204	0.6337
5	8	0.9978	0.6244	0.1065
5	9	0.7498	0.9414	0.9701
6	7	0.9999	0.5005	0.5180
6	8	0.9482	0.3744	0.4942
9	10	0.9990	0.9506	0.1491
9	11	0.9994	0.5348	0.4355
9	12	0.9967	0.5332	0.0764
9	15	1.0000	0.4509	0.6999
9	17	0.5497	0.1724	0.3140
9	18	0.9980	0.3027	0.0816
9	20	0.9987	0.5069	0.2463
10	11	0.9995	0.2758	0.9457
10	12	0.9988	0.4213	0.4557
10	13	0.9504	0.4462	0.9914
10	15	0.9998	0.0831	0.6465
11	12	1.0000	0.9718	0.1168
11	13	0.9966	0.9210	0.9992
11	15	0.9997	0.3019	0.9460
12	15	0.9998	0.0004	0.5730
13	14	0.9998	0.0450	0.9327
13	15	0.9995	0.9393	0.7065
13	16	0.9986	0.3032	0.4580
14	15	0.9972	0.3442	0.2082
14	16	0.9996	0.7479	0.7064
14	19	0.9984	0.3999	0.0035
15	16	1.0000	0.5172	0.8999
15	17	0.9999	0.9464	0.8625
15	18	1.0000	0.5365	0.4633
15	19	0.9998	0.2213	0.4332
15	20	0.9988	0.6880	0.0837
16	18	0.8000	0.9090	0.8058
17	18	0.9988	0.3566	0.6767
18	19	0.9999	0.8022	0.9784
18	20	0.9997	0.5334	0.3557
