0	1	0.9497	0.6347	0.2697
0	12	0.6007	0.4469	0.6935
0	15	0.7000	0.4073	0.5937
1	2	0.8002	0.8926	0.1471
1	3	0.9997	0.6767	0.8949
1	4	0.7506	0.6210	0.3317
1	6	0.6995	0.9179	0.2404
1	7	0.5816	0.7393	0.4716
1	9	0.5522	0.8861	0.2439
1	12	0.5509	0.5345	0.5669
1	15	0.9001	0.5326	0.6098
2	3	0.9991	0.8037	0.4804
2	4	0.9986	0.4949	0.6547
2	5	0.9999	0.6715	0.5281
2	6	0.9991	0.5706	0.6019
2	7	1.0000	0.6676	0.4357
2	8	0.9986	0.8916	0.7064
3	4	0.9998	0.6914	0.3845
3	5	0.9002	0.7001	0.4401
3	6	1.0000	0.7158	0.7174
3	7	0.6510	0.5573	0.7077
3	15	0.9495	0.5921	0.2143
4	5	0.9961	0.6337	0.5194
4	6	0.9497	0.6413	0.5020
5	6	0.9993	0.5777	0.3728
6	7	0.6506	0.4668	0.3063
6	8	0.9983	0.8641	0.4193
7	8	0.8014	0.7012	0.4320
7	9	0.6501	0.5174	0.4891
7	12	0.5504	0.5868	0.3123
7	15	0.6504	0.6880	0.3796
8	9	0.9994	0.7935	0.3143
8	10	0.8503	0.4208	0.6523
8	11	0.8997	0.6952	0.1519
8	12	0.7503	0.3363	0.7355
9	10	0.9993	0.8214	0.6653
9	11	0.9989	0.4883	0.4933
9	12	0.9991	0.9518	0.3101
9	13	0.9993	0.4692	0.5953
9	14	0.9987	0.5308	0.4927
9	15	0.9991	0.6619	0.5895
10	11	0.9994	0.6268	0.4890
10	12	0.9000	0.2814	0.6888
10	13	0.9000	0.7059	0.6938
10	14	0.9978	0.7126	0.2705
11	12	0.9997	0.7856	0.3728
11	13	0.8000	0.4496	0.6029
11	14	0.9995	0.5187	0.4460
11	15	0.8496	0.5411	0.4154
12	13	0.9996	0.7676	0.3786
12	14	0.9995	0.4424	0.5884
12	15	0.8002	0.6102	0.4170
13	14	0.8987	0.5229	0.2194
14	15	0.9992	0.8387	0.5735
