0	1	1.0000	0.8769	0.7463
0	2	0.6500	0.9086	0.5782
0	13	0.8533	0.4272	0.6207
0	21	0.9990	0.3940	0.9516
1	2	0.9500	0.9556	0.3399
1	3	0.6011	0.7348	0.3612
1	13	0.8498	0.5333	0.6502
1	21	0.9998	0.5481	0.9614
2	3	0.9486	0.4360	0.1560
2	4	0.5501	0.6107	0.1986
2	13	0.5004	0.1085	0.4044
3	4	0.9500	0.9291	0.1657
3	5	0.8415	0.7594	0.5543
3	7	0.6502	0.7423	0.4720
3	13	0.6499	0.6386	0.4334
4	13	0.5009	0.3230	0.4205
5	6	0.9988	0.9548	0.1626
5	7	0.9997	0.4848	0.4864
5	12	0.9987	0.8962	0.5548
5	16	0.9987	0.9444	0.6655
5	18	0.9998	0.7952	0.8743
5	19	0.9492	0.6976	0.8232
6	7	0.9987	0.5195	0.2908
6	8	0.9996	0.4549	0.3932
6	9	0.5011	0.9091	0.2260
6	10	0.9995	0.4706	0.5276
6	11	0.9982	0.8148	0.4252
6	12	0.9996	0.4521	0.4299
6	13	0.9984	0.9248	0.2892
6	15	0.9487	0.9208	0.8358
6	16	0.7007	0.6335	0.1214
7	8	0.9993	0.5479	0.1746
7	9	1.0000	0.4210	0.8565
7	10	0.9972	0.6457	0.0473
7	12	1.0000	0.4086	0.6128
8	9	1.0000	0.8308	0.4178
8	10	0.9998	0.5528	0.4751
8	11	0.9984	0.9637	0.3195
8	12	0.8493	0.2988	0.3274
8	13	0.5497	0.9405	0.3061
9	10	1.0000	0.4283	0.6442
10	11	0.9990	0.9914	0.4497
11	12	1.0000	0.5733	0.4177
11	14	0.5006	0.1865	0.4067
11	15	0.9502	0.5532	0.7272
12	13	0.9497	0.9878	0.2734
12	14	0.5003	0.8830	0.2363
12	15	0.9982	0.9256	0.7428
12	16	0.9998	0.7873	0.2800
13	14	0.9978	0.6921	0.2024
13	15	0.8996	0.4384	0.2713
13	16	0.9498	0.4195	0.8100
13	17	0.5046	0.2955	0.2031
13	19	0.9491	0.4920	0.4399
14	15	0.9985	0.1750	0.2981
14	19	0.5997	0.5249	0.5942
15	16	0.9999	0.8848	0.2668
15	17	0.9999	0.4130	0.7290
15	18	0.7988	0.8675	0.2814
15	19	1.0000	0.8105	0.9311
16	17	0.9998	0.7322	0.5321
16	18	1.0000	0.5965	0.3723
16	19	1.0000	0.5325	0.6069
17	18	0.9994	0.5636	0.2717
17	19	1.0000	0.6110	0.7740
18	19	1.0000	0.4523	0.6017
18	20	0.6503	0.1951	0.3856
