0	1	0.7006	0.4359	0.6542
0	2	0.6506	0.2823	0.5928
0	4	0.9995	0.6474	0.7890
0	5	0.6499	0.5364	0.3711
1	2	0.8501	0.6374	0.4122
1	3	0.5507	0.6802	0.5149
1	4	0.9490	0.7189	0.5967
2	3	0.9996	0.8318	0.6051
2	4	1.0000	0.5862	0.5559
3	4	0.9998	0.7190	0.5447
4	5	0.8000	0.7643	0.3264
4	22	0.6996	0.7625	0.4989
5	6	0.5006	0.5468	0.1847
6	7	0.9990	0.6657	0.5260
6	8	0.9499	0.6081	0.4597
6	10	0.5499	0.6215	0.6148
6	11	0.9000	0.6937	0.6065
6	14	0.8991	0.5149	0.5949
6	15	0.9497	0.7562	0.4243
6	20	0.5005	0.5245	0.4040
7	8	0.9989	0.6823	0.3472
7	10	0.6002	0.5773	0.2897
7	11	0.8008	0.4934	0.5597
7	12	0.7997	0.7811	0.3496
7	14	0.9994	0.5927	0.5780
7	15	0.9993	0.6377	0.7382
7	16	0.8992	0.6324	0.5166
7	17	0.8994	0.4173	0.5082
7	18	0.9990	0.3046	0.6162
7	19	0.5996	0.3480	0.7558
7	20	0.8991	0.6339	0.6237
7	21	0.7491	0.2675	0.6229
7	22	0.8998	0.5821	0.6035
8	9	0.9998	0.8705	0.4457
8	10	0.9992	0.5836	0.5859
8	11	0.9486	0.5977	0.3743
8	12	0.9995	0.6301	0.4898
8	13	0.9983	0.6146	0.5602
8	14	0.9995	0.4884	0.5942
8	15	0.9983	0.7085	0.4571
8	16	0.6498	0.5658	0.5398
8	17	0.6498	0.4423	0.4951
8	18	0.8492	0.6918	0.5040
8	20	0.5507	0.2587	0.2608
9	10	0.9997	0.5608	0.4191
9	12	0.9499	0.6793	0.6720
9	14	0.9998	0.4106	0.4505
9	15	0.9996	0.4835	0.6083
9	16	0.8499	0.4806	0.1810
9	17	0.5512	0.2505	0.5439
9	18	0.8002	0.2820	0.3148
10	11	0.9988	0.6061	0.3324
10	12	0.9992	0.5414	0.5089
10	13	0.9498	0.9078	0.4658
10	14	0.9998	0.5349	0.4877
10	15	0.9997	0.6753	0.4824
10	16	0.5510	0.5135	0.2132
10	18	0.5508	0.4682	0.4185
10	22	0.8995	0.2559	0.4779
11	12	0.9494	0.4909	0.4115
11	13	0.5007	0.5240	0.5004
11	14	0.9499	0.3615	0.5519
11	15	0.9000	0.4001	0.4582
11	16	0.5004	0.2945	0.5230
11	22	0.6505	0.5627	0.5885
12	13	0.9993	0.7265	0.5998
12	14	0.9496	0.5313	0.5503
12	15	0.7554	0.4823	0.2962
12	18	0.6500	0.4865	0.4174
13	14	0.9990	0.5428	0.3549
13	15	0.5506	0.4021	0.6208
13	17	0.7506	0.2421	0.4532
13	21	0.6004	0.2459	0.5846
14	15	0.9977	0.8993	0.4081
14	18	0.5509	0.7203	0.4557
14	20	0.6509	0.6049	0.4349
15	16	0.8497	0.6266	0.4881
15	17	0.9995	0.6624	0.5971
15	18	0.9990	0.4810	0.5497
16	17	0.9496	0.5639	0.5803
16	18	0.8000	0.4280	0.5636
17	18	0.9497	0.5243	0.5407
17	20	0.6501	0.4008	0.4256
18	19	0.7500	0.5211	0.4611
18	20	0.9500	0.5802	0.3604
18	21	0.8969	0.4553	0.4266
19	20	0.8996	0.6431	0.5294
20	21	0.9980	0.6256	0.4718
20	22	0.9496	0.6772	0.5829
21	22	0.9984	0.4873	0.2665
