0	1	0.9986	0.9406	0.1497
0	17	0.9990	0.2456	0.1641
1	2	0.9976	0.7412	0.0293
1	11	0.8489	0.8952	0.6960
1	12	0.6505	0.6704	0.3908
1	13	0.9976	0.5249	0.3632
1	14	0.9487	0.8895	0.0945
1	15	1.0000	0.6613	0.8070
1	16	0.9485	0.3261	0.2526
1	17	0.9975	0.3227	0.1410
2	3	0.9990	0.9814	0.3259
2	13	0.9481	0.0027	0.8921
2	14	0.9986	0.8772	0.6607
2	15	0.9990	0.4740	0.5203
2	16	0.9992	0.0749	0.7223
2	17	0.9496	0.9484	0.0301
3	4	1.0000	0.7220	0.1891
3	5	1.0000	0.2697	0.6906
3	8	1.0000	0.6918	0.7126
3	10	1.0000	0.5661	0.7859
3	11	0.5494	0.0807	0.6031
3	14	1.0000	0.3690	0.7521
3	15	0.9982	0.4055	0.1749
3	16	0.9999	0.7444	0.8903
4	5	0.9996	0.8937	0.4931
4	6	0.9999	0.6406	0.4976
4	7	0.9994	0.5366	0.8467
4	8	0.9982	0.3910	0.4645
4	9	0.9997	0.9240	0.5358
4	10	0.9991	0.5185	0.3546
5	6	0.9977	0.5051	0.1429
5	8	1.0000	0.4543	0.9659
5	10	1.0000	0.3266	0.9776
6	7	0.9967	0.9952	0.6614
6	8	0.9988	0.5596	0.5859
6	9	0.8005	0.9868	0.4406
7	8	0.9989	0.7831	0.0728
7	9	0.9995	0.0749	0.6494
8	9	0.9981	0.9165	0.5256
8	10	0.9501	0.7131	0.3654
9	10	0.9997	0.5962	0.3780
9	13	0.5019	0.4411	0.0555
10	11	0.9486	0.9951	0.4294
10	13	0.5011	0.0833	0.4858
10	14	0.9998	0.6866	0.3640
10	16	1.0000	0.0046	0.2366
11	12	0.9494	0.9586	0.4552
11	14	0.8000	0.5219	0.9263
12	13	0.9985	0.9914	0.0302
12	17	0.8498	0.3982	0.8820
12	18	0.8990	0.6777	0.4887
13	14	0.9979	0.4741	0.0170
13	15	0.9991	0.6160	0.9801
13	17	0.8508	0.0723	0.5636
14	15	0.9999	0.4800	0.4773
14	16	1.0000	0.0035	0.4556
15	16	1.0000	0.8823	0.3175
15	17	0.9997	0.2063	0.3471
16	17	0.8496	0.9454	0.0534
17	18	1.0000	0.9856	0.1262
18	19	0.9477	0.9208	0.5002
18	20	0.9998	0.6511	0.5705
18	21	0.6004	0.6494	0.2675
18	22	0.6003	0.5596	0.5975
18	24	0.9501	0.7214	0.3131
19	20	0.9993	0.6932	0.5649
19	21	0.7512	0.3450	0.0395
19	24	0.7996	0.3060	0.2117
20	21	0.9973	0.9371	0.0622
20	22	0.5206	0.7260	0.5638
20	24	0.7997	0.7469	0.1732
21	22	1.0000	0.6423	0.7057
21	23	0.9001	0.3439	0.7032
21	24	0.9998	0.6690	0.3923
22	23	0.9997	0.7155	0.4203
22	24	0.9496	0.4218	0.3810
23	24	0.7989	0.4820	0.2985
