0	1	0.9957	0.3822	0.0031
0	5	0.9442	0.2985	0.0093
0	7	0.6505	0.0901	0.0614
0	9	0.9996	0.0523	0.0000
0	11	0.9980	0.3214	0.0000
0	14	0.9943	0.6368	0.0091
0	16	0.9982	0.4904	0.0000
1	2	0.9993	0.8404	0.5790
1	3	0.9959	0.6642	0.4680
1	4	0.9976	0.9841	0.5805
1	5	0.9999	0.5626	0.5126
1	7	0.8485	0.4333	0.4100
1	11	0.9985	0.1453	0.4226
1	14	0.9970	0.1706	0.7392
1	15	0.9498	0.0259	0.6640
1	16	1.0000	0.3557	0.6396
1	17	0.9980	0.7472	0.7215
1	18	0.9998	0.0815	0.7474
2	3	0.9997	0.5656	0.3937
2	4	0.9986	0.2988	0.6980
2	17	1.0000	0.4740	0.8474
2	18	1.0000	0.7985	0.2324
3	4	0.9957	0.6939	0.5282
3	5	0.9999	0.5383	0.4596
3	6	0.9493	0.9690	0.8820
3	7	0.9999	0.4364	0.4559
3	9	0.5484	0.5357	0.4617
3	11	0.9987	0.3081	0.6246
3	14	0.9992	0.3514	0.8977
3	16	0.9978	0.4765	0.7212
3	17	0.5993	0.5253	0.7872
4	5	0.9999	0.5292	0.2546
4	6	0.9990	0.2580	0.9338
5	6	0.9967	0.8189	0.5497
5	7	1.0000	0.6235	0.5227
5	8	0.5544	0.9845	0.2504
5	9	0.9999	0.9375	0.4746
5	11	0.9994	0.9406	0.5178
5	14	0.7488	0.7310	0.8102
5	16	0.9966	0.8326	0.8622
6	7	1.0000	0.5784	0.4147
6	8	1.0000	0.3003	0.5201
6	9	1.0000	0.2032	0.0000
7	8	0.9996	0.8217	0.4280
7	9	1.0000	0.6148	0.3175
7	11	0.9994	0.6842	0.2676
7	14	0.9987	0.8564	0.7990
7	16	0.9992	0.9417	0.6018
8	9	0.9998	0.4313	0.2630
8	10	0.9997	0.2712	0.6430
8	11	0.9962	0.5595	0.0125
9	10	0.9963	0.8770	0.6002
9	11	0.9997	0.5106	0.3201
9	12	0.6000	0.9984	0.0030
9	13	0.9985	0.9946	0.5651
9	14	0.9988	0.3868	0.4532
9	16	0.9490	0.3499	0.2659
10	11	1.0000	0.5498	0.5441
10	12	0.5500	0.1003	0.1681
10	13	0.9985	0.2284	0.5810
10	14	0.9970	0.3788	0.0272
10	15	1.0000	0.0395	0.9736
11	12	0.9995	0.9996	0.0778
11	13	0.9972	0.8241	0.6421
11	14	0.9987	0.3556	0.5847
11	15	0.9997	1.0000	0.7759
11	16	0.9995	0.4650	0.4052
12	13	1.0000	0.0914	0.0384
12	14	1.0000	0.0011	0.9977
13	14	0.9998	0.5618	0.3167
13	15	0.9446	0.1662	0.8479
14	15	0.9978	0.8651	0.7308
14	16	1.0000	0.7120	0.3139
15	16	0.9999	0.5431	0.2865
15	18	0.9998	0.2552	0.8878
16	17	0.9998	0.9990	0.5494
16	18	0.9499	0.6579	0.9270
17	18	1.0000	0.8115	0.2390
