0	2	0.9982	0.6811	0.8845
0	3	0.9995	0.0513	0.0211
0	6	0.9967	0.7995	0.0578
0	8	0.9972	0.0931	0.7395
0	9	0.9991	0.0804	0.7134
0	10	0.9998	1.0000	0.0002
1	2	0.9967	0.5032	0.0381
1	8	1.0000	0.1705	0.0205
1	10	1.0000	0.4159	0.5495
2	3	0.9999	0.6323	0.3282
2	5	0.9997	0.5109	0.5796
2	6	0.9999	0.4280	0.4467
2	7	0.5514	0.0242	0.9208
2	8	0.9990	0.5971	0.4405
2	9	0.9999	0.8865	1.0000
2	10	1.0000	0.3479	0.2123
3	4	0.9999	0.5224	0.4387
3	5	0.9998	0.4437	0.3868
3	6	1.0000	0.3318	0.3926
3	7	0.9998	0.8637	0.9362
3	8	0.9995	0.4973	0.4644
3	9	1.0000	0.6178	0.9998
3	10	0.9996	0.4948	0.0263
4	5	0.9979	0.6952	0.0903
4	6	0.9961	0.6515	0.6416
4	8	0.9996	0.5116	0.3028
5	6	0.9997	0.4659	0.5103
5	7	0.9996	0.0000	1.0000
5	8	1.0000	0.0006	0.3230
5	10	0.8507	0.0000	0.4502
6	7	1.0000	1.0000	1.0000
6	8	1.0000	0.6816	0.3126
6	10	0.9988	0.9888	0.5471
7	8	0.9999	0.9269	0.1767
7	10	1.0000	0.6425	0.8293
7	17	0.8011	0.0268	0.9832
8	9	0.9976	0.8113	0.6102
8	10	0.9983	0.1801	0.2757
10	17	0.9005	0.7876	0.9979
10	18	0.9997	0.6058	0.0000
11	13	0.9996	0.5392	0.4794
11	14	0.9990	0.8329	0.6308
11	18	0.9998	0.5262	0.4732
11	19	0.9998	1.0000	0.7480
11	20	0.9999	0.4668	0.4002
11	21	0.9996	0.5033	0.5709
12	13	0.9993	0.5321	0.0441
12	18	0.9990	0.4640	0.9600
12	19	0.9996	0.7735	0.3633
13	14	0.9987	0.3657	0.5254
13	16	0.9998	0.5256	0.9735
13	17	0.9999	0.9952	0.3262
13	18	0.9997	0.4978	0.4733
13	19	0.9958	0.0668	0.5150
13	20	0.9995	0.5418	0.4854
13	21	0.9972	0.2923	0.8704
14	15	0.9984	0.7331	0.6466
14	16	0.9988	0.4722	0.3938
14	18	0.9992	0.5186	0.5964
14	19	0.9471	0.9966	0.5955
14	20	0.9984	0.5010	0.3944
14	21	0.9981	0.6223	0.5281
15	16	0.9997	1.0000	0.0031
15	18	1.0000	1.0000	0.8297
15	19	0.7997	0.9849	0.4111
15	20	0.9990	0.9486	0.0754
16	18	0.9990	0.5086	0.6244
17	18	0.9958	0.5329	0.0089
18	19	0.9997	0.9972	0.5113
18	20	0.9997	0.8132	0.0908
19	20	0.9992	0.7344	0.0363
19	21	1.0000	0.7726	0.9784
20	21	0.9983	0.3844	0.4640
