0	1	0.9492	0.9802	0.2129
0	2	0.8002	0.7519	0.2995
0	3	0.9997	0.8359	0.8256
0	4	0.6500	0.7300	0.3810
0	5	0.5505	0.8700	0.4044
0	12	0.9998	0.8147	0.4934
0	13	0.9993	0.3866	0.5312
1	2	0.8491	0.6124	0.3671
1	3	0.9984	0.6464	0.5539
2	3	0.9998	0.4529	0.7176
2	5	0.5010	0.5624	0.8684
2	12	0.8992	0.7549	0.2980
2	13	0.9486	0.3499	0.5852
3	4	0.9994	0.9966	0.4413
3	5	0.9984	0.9635	0.6933
3	6	0.9489	0.7556	0.1822
3	8	0.6511	0.3837	0.8360
3	9	0.9982	0.3427	0.5106
3	10	0.9002	0.4508	0.9397
3	11	0.6007	0.6010	0.2921
3	12	0.9994	0.9880	0.7373
3	13	0.7507	0.8242	0.3648
3	14	1.0000	0.5271	0.9636
3	15	0.9985	0.8236	0.4333
4	5	0.9980	0.7198	0.1516
4	12	0.9991	0.8056	0.9348
4	13	0.9988	0.3541	0.1127
5	6	0.9990	0.8774	0.0984
5	11	0.5505	0.3309	0.5151
5	12	0.9994	0.6297	0.7082
5	13	0.9989	0.1197	0.3709
5	14	0.5508	0.4094	0.6827
5	15	0.8998	0.7407	0.4563
5	16	0.5496	0.3675	0.5215
6	7	0.9497	0.8818	0.2529
6	8	0.9994	0.8455	0.5687
6	9	0.9982	0.9877	0.4899
6	10	0.7001	0.7815	0.5933
6	11	0.9997	0.5694	0.7393
6	12	0.9984	0.2708	0.5096
6	14	0.5504	0.4375	0.4475
6	15	0.5997	0.4890	0.5001
7	8	0.9989	0.5503	0.2646
7	9	0.9996	0.5288	0.4447
7	10	0.5506	0.1810	0.1583
8	9	0.9992	0.5192	0.3364
8	10	0.9996	0.1171	0.2790
9	10	0.9985	0.9726	0.3158
9	11	0.7504	0.9718	0.3393
10	11	0.9991	0.6198	0.2184
10	14	0.8499	0.6416	0.8819
11	12	0.9997	0.9435	0.3512
11	14	1.0000	0.6039	0.4572
11	15	0.5501	0.4045	0.5430
12	13	1.0000	0.4446	0.5938
12	14	0.9994	0.6693	0.2263
13	14	0.9965	0.6594	0.0441
14	15	0.9994	0.8669	0.7310
14	16	0.7004	0.6323	0.3200
15	16	0.9492	0.8122	0.3438
