0	1	0.9971	0.8620	0.5195
0	2	0.9998	0.1656	0.8938
0	3	0.9997	0.5482	0.5453
0	4	0.9999	0.9785	0.2746
0	5	0.5506	0.7230	0.2745
0	6	0.8492	0.6901	0.7740
0	8	0.8000	0.5656	0.2722
0	9	0.6503	0.5175	0.4171
0	14	0.9995	0.6870	0.5708
0	20	0.9985	0.5838	0.8274
0	21	0.9980	0.5027	0.2151
1	2	0.9990	0.9202	0.3925
1	3	1.0000	0.5698	0.7588
1	4	0.9997	0.2301	0.4942
1	5	0.9983	0.5442	0.2755
1	8	0.7998	0.6280	0.1940
1	14	0.9976	0.6712	0.5423
1	20	0.8000	0.3535	0.9977
1	21	0.9492	0.4886	0.2937
2	3	0.9988	0.9327	0.0625
2	4	0.5508	0.5148	0.2761
2	8	0.8995	0.7163	0.0031
2	14	0.6991	0.7780	0.3815
2	21	0.9489	0.5204	0.4186
3	4	0.9985	0.9974	0.2593
3	6	0.7493	0.9738	0.7773
3	21	0.9964	0.9294	0.2473
4	5	0.7507	0.7362	0.1911
4	6	0.7007	0.5904	0.6273
4	8	0.9980	0.4818	0.2085
4	9	0.6503	0.4009	0.7506
4	10	0.6497	0.7211	0.3051
4	12	0.9988	0.3253	0.5330
4	14	0.7495	0.2201	0.6084
4	21	0.7502	0.4594	0.3158
5	6	0.9497	0.6174	0.6494
6	7	0.8995	0.9036	0.2721
6	8	0.8979	0.7423	0.1781
6	9	0.6504	0.8046	0.6015
6	11	0.6487	0.9471	0.3559
6	12	0.8985	0.7513	0.2441
6	14	0.9472	0.9679	0.6916
6	15	0.7506	0.5174	0.3692
6	20	0.6981	0.8726	0.5067
6	22	0.5999	0.6711	0.4259
7	8	0.9486	0.4384	0.3022
7	9	0.6005	0.4455	0.2356
7	12	0.7493	0.3567	0.3531
7	14	0.9987	0.6754	0.4978
7	19	0.9996	0.5161	0.9191
7	20	0.9986	0.3796	0.1179
7	21	0.5247	0.6056	0.3803
8	9	0.9996	0.5494	0.4127
8	11	0.6995	0.1985	0.5544
8	12	0.9493	0.5071	0.4623
8	13	0.9984	0.3405	0.6475
8	14	0.9996	0.5042	0.5431
8	15	0.9981	0.4636	0.2542
8	19	0.9993	0.7253	0.7301
8	20	0.9999	0.5023	0.5336
8	21	0.8993	0.5069	0.3543
9	10	0.8992	0.9683	0.2962
9	11	0.8004	0.8970	0.5681
9	12	0.9999	0.5675	0.4961
9	14	0.9999	0.5493	0.6859
9	15	0.9985	0.5182	0.2703
9	19	0.9994	0.5853	0.7246
10	11	0.9979	0.8257	0.6253
10	12	0.5002	0.3953	0.5023
10	15	0.5518	0.5869	0.5226
11	12	0.9967	0.2853	0.1050
11	14	0.9489	0.2981	0.8833
11	15	0.9983	0.8916	0.5701
11	19	0.8468	0.8341	0.1913
12	13	0.9992	0.5763	0.6000
12	14	0.9999	0.5617	0.5383
12	15	0.9007	0.1588	0.1133
12	19	0.9991	0.5415	0.6328
13	14	1.0000	0.6037	0.4894
13	19	1.0000	0.4124	0.8902
14	15	0.9985	0.9636	0.1178
14	19	1.0000	0.5250	0.7386
14	20	0.9999	0.5857	0.4992
15	16	0.9964	0.9831	0.0590
15	17	1.0000	0.6191	0.5533
15	19	0.9996	0.4567	0.5607
15	22	0.6505	0.5307	0.2089
16	17	0.7494	0.6837	0.3926
16	19	0.9985	0.4664	0.0931
16	21	0.6534	0.0660	0.8960
17	18	0.9992	0.8122	0.6968
17	19	0.9992	0.6080	0.1785
17	22	0.5511	0.5844	0.5613
18	19	0.9975	0.5971	0.0403
19	20	0.9986	0.8746	0.5555
19	21	0.7283	0.6175	0.3645
19	22	0.5503	0.3287	0.6597
20	21	0.9993	0.8715	0.1472
21	22	0.9989	0.9194	0.1041
