0	1	0.9498	0.5591	0.3608
1	2	0.8995	0.8972	0.5563
1	3	0.5002	0.7196	0.5558
1	4	0.7498	0.5919	0.3235
1	5	0.6506	0.7447	0.5304
1	6	0.5708	0.6650	0.5513
1	7	0.7986	0.7891	0.2980
2	3	0.9495	0.9205	0.1087
2	6	0.8498	0.4658	0.4897
2	7	0.8501	0.5422	0.3779
2	10	0.9995	0.6732	0.5519
2	11	0.9995	0.6092	0.6224
2	12	0.9997	0.5692	0.4530
3	4	0.9987	0.8795	0.2441
3	5	0.7505	0.8529	0.4106
3	6	0.9994	0.5923	0.6063
3	7	0.8002	0.1437	0.4215
3	12	0.6510	0.1290	0.7111
4	5	0.9492	0.7212	0.5985
4	6	0.9489	0.5098	0.4768
5	6	0.9500	0.6523	0.5117
5	7	0.5008	0.5850	0.5334
6	7	0.9993	0.5040	0.3102
7	8	0.8498	0.6680	0.5530
7	9	0.6502	0.5420	0.4085
7	10	0.9991	0.6996	0.5300
8	9	0.7004	0.7506	0.5827
8	10	0.5505	0.5027	0.4326
9	10	0.9990	0.6313	0.3851
10	11	0.9457	0.5154	0.5323
10	12	0.9494	0.4821	0.5770
10	13	0.9986	0.4101	0.2650
10	14	0.7002	0.4868	0.7272
10	15	0.9997	0.3238	0.6234
10	16	0.9493	0.2267	0.7993
10	17	0.9994	0.5837	0.5536
11	12	0.9998	0.6829	0.5132
11	13	0.9987	0.4212	0.3886
11	15	0.9999	0.4659	0.7667
11	16	0.8497	0.7328	0.8761
11	17	1.0000	0.6211	0.5026
11	18	0.6005	0.3004	0.1323
12	13	0.8533	0.9500	0.2140
12	15	0.9997	0.7764	0.8359
12	16	0.7998	0.7556	0.9649
12	17	0.9999	0.5183	0.4341
13	14	0.6004	0.7017	0.3371
13	15	0.9995	0.3466	0.5320
13	17	0.8498	0.2342	0.7655
14	15	0.9996	0.9047	0.2434
14	18	0.7012	0.4841	0.5288
15	16	0.9947	0.9750	0.6844
15	17	0.9999	0.8192	0.4555
15	18	0.9988	0.4780	0.3088
15	21	0.6506	0.2074	0.5449
15	22	0.8000	0.1664	0.6779
15	23	0.6508	0.5862	0.4493
16	17	0.9982	0.8358	0.2801
16	23	0.7514	0.5818	0.3179
17	18	0.7511	0.8375	0.1073
18	19	0.9003	0.9568	0.4877
18	21	0.7000	0.8435	0.4287
19	20	0.9997	0.8712	0.4567
19	21	0.9001	0.7226	0.7274
19	23	0.5513	0.5858	0.5015
20	21	0.9500	0.4604	0.5380
20	22	0.6506	0.5509	0.5113
21	22	1.0000	0.7776	0.4219
22	23	0.7026	0.7255	0.1882
23	24	0.8492	0.8703	0.4839
24	25	0.9484	0.8077	0.1594
25	26	0.6999	0.6105	0.3514
25	27	0.6996	0.6820	0.5123
25	29	0.5018	0.5880	0.3089
26	27	0.9978	0.7308	0.5314
27	28	0.9989	0.8597	0.2454
27	29	0.8500	0.5479	0.6923
27	32	0.7998	0.8188	0.3064
27	37	0.9503	0.8192	0.8038
27	55	0.6998	0.6334	0.7946
28	29	0.9493	0.9281	0.3341
28	31	0.8013	0.0762	0.8486
28	37	0.5009	0.3785	0.5519
29	30	0.9002	0.7974	0.4957
29	32	0.8500	0.3875	0.8597
29	34	0.5505	0.7182	0.4933
31	32	0.8982	0.9097	0.1888
32	33	0.7498	0.8691	0.4603
32	37	0.7000	0.4721	0.7751
32	43	0.5558	0.7533	0.5853
32	47	0.5006	0.6462	0.5741
32	55	0.5990	0.9005	0.7024
32	56	0.5990	0.7388	0.4510
33	34	0.9497	0.6355	0.4871
33	35	0.5974	0.3440	0.4002
33	36	0.9992	0.5173	0.3604
33	37	0.9497	0.7307	0.3043
33	39	0.5503	0.4329	0.3887
33	41	0.6021	0.4487	0.5527
33	45	0.7505	0.4562	0.4369
34	35	0.9997	0.7105	0.8022
34	36	0.9996	0.7741	0.5703
34	37	0.9500	0.7544	0.5110
34	39	0.7512	0.5876	0.8393
34	41	0.8503	0.4868	0.8557
34	42	0.7500	0.5596	0.2272
34	55	0.6007	0.5697	0.5607
35	36	0.9984	0.6477	0.2932
35	37	0.9000	0.6664	0.4331
36	37	0.9996	0.7222	0.7091
36	39	0.5506	0.5608	0.7881
36	41	0.8002	0.3383	0.8222
37	38	0.9989	0.8813	0.0459
37	40	0.9496	0.8333	0.1003
37	42	0.8004	0.7246	0.3488
38	39	0.9988	0.9153	0.5678
38	40	0.9998	0.6030	0.5708
38	41	0.9994	0.9766	0.8620
38	42	0.9990	0.5366	0.6933
38	43	0.9494	0.8523	0.7428
38	44	0.9997	0.5252	0.3216
38	46	0.6503	0.4203	0.3513
39	40	0.9999	0.5673	0.6205
39	41	0.8999	0.3566	0.4456
39	42	0.9993	0.8084	0.3720
39	44	0.6499	0.5872	0.6981
40	41	1.0000	0.7869	0.7202
40	42	0.9992	0.4732	0.5747
40	43	0.9995	0.8682	0.7175
40	44	0.9988	0.5281	0.5390
41	42	0.9999	0.8394	0.5438
41	43	0.8003	0.6687	0.4968
42	43	0.9993	0.8272	0.7586
43	44	0.9975	0.9229	0.4161
43	45	0.9998	0.5517	0.7100
44	45	0.9985	0.8593	0.8519
44	46	0.9997	0.5099	0.5076
44	47	0.5006	0.6804	0.2591
45	46	0.8985	0.7544	0.4917
45	47	0.9992	0.5839	0.6757
46	47	0.9981	0.7757	0.3995
46	48	0.7000	0.4953	0.2514
46	49	0.9498	0.5412	0.5833
47	48	0.6790	0.6573	0.1209
48	49	0.6502	0.3711	0.7442
48	50	0.7007	0.3630	0.4247
49	50	0.8999	0.5061	0.5612
50	51	0.7503	0.5163	0.4335
50	54	0.7999	0.5668	0.4816
50	55	0.7502	0.6409	0.4863
51	52	1.0000	0.6472	0.3908
51	54	0.9997	0.6617	0.3585
51	55	0.9991	0.4707	0.3415
52	53	0.9987	0.4025	0.4672
52	54	0.9996	0.5957	0.3391
52	55	0.9989	0.6367	0.2893
53	54	0.9991	0.6299	0.1561
54	55	0.9994	0.7950	0.3806
55	56	0.6003	0.8474	0.2488
