0	2	0.9003	0.7086	0.9735
0	3	0.9961	0.3927	0.1004
0	4	0.9992	0.6373	0.4406
0	11	1.0000	0.4307	0.5564
0	12	0.9992	0.8875	0.0784
1	2	0.9988	0.8171	0.3603
1	9	0.6530	0.8598	0.9202
1	10	0.6502	0.8168	0.6585
1	11	0.8999	0.2489	0.0736
1	12	1.0000	0.4517	0.8198
1	15	0.9997	0.6683	0.9923
2	4	0.9988	0.9859	0.6871
2	8	0.9988	0.9239	0.8624
2	9	1.0000	0.5206	0.6740
2	11	0.9996	0.9637	0.3965
2	12	1.0000	0.6104	0.3531
3	4	0.9973	0.7870	0.0721
3	11	0.9988	0.1887	0.9029
4	5	0.9997	0.5009	0.4283
4	6	0.9997	0.5159	0.4198
4	7	0.9988	0.7630	0.5209
4	8	1.0000	0.6498	0.4074
4	9	0.9976	0.5805	0.0759
4	10	0.9997	0.9578	0.9135
4	11	0.9996	0.5781	0.4169
4	12	0.9999	0.5367	0.2194
5	6	1.0000	0.6798	0.5029
5	7	0.9995	0.2173	0.5239
5	8	0.9999	0.6951	0.3786
5	9	0.9987	0.5251	0.2212
5	11	0.9990	0.3628	0.3610
6	7	0.9973	0.9903	0.4290
6	8	1.0000	0.9122	0.5257
7	8	0.9967	0.3424	0.2415
7	9	0.9997	0.2790	0.9141
7	10	0.8486	0.2624	0.9195
7	11	0.9953	0.6306	0.0329
7	12	0.5004	0.4063	0.4656
8	9	0.9988	0.2098	0.3645
8	10	0.9000	0.2427	0.9951
8	11	0.9984	0.2604	0.1328
8	12	0.9000	0.3131	0.9187
9	10	0.9979	0.9990	0.9982
9	11	0.9974	0.4753	0.1112
9	12	0.9967	0.8592	0.8410
10	11	0.9999	0.9683	0.1062
10	12	1.0000	0.6361	0.8765
10	15	0.8511	0.2362	0.9762
11	12	0.9968	0.2717	0.3426
12	15	1.0000	0.9457	0.9100
12	18	0.5166	0.8400	0.0564
13	15	0.9990	0.7892	0.2060
13	16	0.8000	0.6655	0.8660
13	18	0.8508	0.6804	0.7713
13	20	0.9989	0.6708	0.4726
13	21	0.9986	0.9296	0.9481
14	15	0.9964	0.8382	0.0241
14	18	0.9989	0.6586	0.9462
14	19	0.8000	0.4691	0.4982
14	20	0.7004	0.4714	0.4261
14	21	0.9991	0.3462	0.9603
15	16	1.0000	0.6560	0.5037
15	17	0.9996	0.6990	0.6540
15	18	1.0000	0.4996	0.4623
15	19	0.9497	0.0060	0.3658
15	20	1.0000	0.6494	0.5615
15	21	0.9998	0.4301	0.7003
16	17	0.9991	0.5640	0.5261
16	18	1.0000	0.6151	0.6441
16	20	1.0000	0.7299	0.4892
16	21	1.0000	0.9564	0.7575
17	18	0.9997	0.4522	0.4802
18	19	0.9996	0.9990	0.9909
18	20	0.9999	0.6043	0.3590
19	20	0.9966	0.9997	0.0759
19	21	0.7995	0.9741	0.8551
20	21	0.9999	0.4478	0.5496
