0	1	0.9998	0.8618	0.3791
0	2	0.7503	0.7191	0.5872
0	3	0.5501	0.3041	0.6064
0	4	0.8500	0.5330	0.4878
0	5	0.8497	0.4869	0.4007
1	2	0.9983	0.9136	0.4864
1	3	0.8486	0.8791	0.4576
1	4	0.8503	0.7699	0.3916
1	5	0.8999	0.5283	0.5662
2	3	0.9481	0.9065	0.3159
2	4	0.8999	0.7794	0.3493
3	5	0.5506	0.4201	0.7778
4	5	0.9998	0.6887	0.5036
4	6	0.8502	0.2787	0.6096
4	7	0.9501	0.6706	0.4798
5	6	0.9984	0.8545	0.3615
5	7	0.9999	0.5825	0.5298
5	8	0.5996	0.8277	0.4878
5	9	0.6509	0.6405	0.4134
5	12	0.6000	0.5810	0.5310
6	7	0.9998	0.5532	0.5479
6	8	0.7498	0.5046	0.6470
6	9	0.6504	0.5859	0.5998
7	8	0.8990	0.6420	0.5873
7	9	0.8502	0.4851	0.5154
7	10	0.6503	0.4091	0.5582
7	11	0.8011	0.4153	0.5539
7	12	0.7503	0.5093	0.5237
8	9	0.9974	0.8316	0.4094
8	10	0.5506	0.3843	0.4872
8	11	0.7510	0.2936	0.2487
9	10	0.9995	0.5678	0.2826
9	11	0.8500	0.4991	0.4776
9	12	0.7008	0.5680	0.4512
10	11	0.9997	0.8102	0.2854
10	12	0.8998	0.5978	0.5096
11	12	0.9998	0.6985	0.3245
