0	4	0.8478	0.3969	0.1562
0	5	0.9972	0.9247	0.9031
0	6	0.7651	0.3875	0.0006
0	7	0.9983	0.3339	0.7732
0	8	0.9487	0.8930	0.1428
1	2	0.9999	0.6193	0.5061
1	3	0.9997	0.4679	0.4636
1	9	0.9986	0.7576	0.6743
1	10	0.9998	0.6900	0.4481
1	11	0.9995	0.1017	0.6011
1	12	0.5495	0.4143	0.3148
1	13	0.9998	0.5821	0.5402
2	3	0.9999	0.6559	0.2977
2	8	0.7997	0.5192	0.5446
2	9	0.9499	0.7981	0.6585
2	10	0.9499	0.6554	0.4003
2	11	0.7494	0.6874	0.7883
2	12	0.9966	0.5741	0.0439
2	13	0.9997	0.5074	0.6363
3	6	0.9978	0.9554	0.1011
3	7	0.9994	0.9368	0.7882
3	8	0.9997	0.6661	0.7115
3	9	0.9998	0.4944	0.5617
3	10	0.9990	0.4786	0.3982
3	11	0.9988	0.7547	0.6307
3	12	0.5509	0.2715	0.0841
3	13	0.9998	0.4421	0.4235
4	5	0.9958	0.9893	0.5724
4	6	0.8498	0.5962	0.2683
4	7	0.9986	0.8250	0.3059
4	8	0.9978	0.6077	0.1715
4	9	0.5999	0.6835	0.2213
5	6	0.9980	0.6572	0.6005
5	7	0.9984	0.6948	0.4707
5	8	0.9983	0.5351	0.4465
5	9	0.5510	0.0459	0.5363
6	7	0.9999	0.6831	0.5547
6	8	0.9999	0.1738	0.3436
6	9	0.7118	0.3840	0.4389
6	13	0.5995	0.5803	0.2105
7	8	0.9978	0.7944	0.2978
7	9	0.6019	0.6389	0.3653
7	13	0.9461	0.9476	0.4160
9	10	0.9997	0.8321	0.3933
9	13	0.9491	0.6917	0.5231
10	11	0.9998	0.9211	0.5629
10	12	1.0000	0.5678	0.5980
10	13	0.9999	0.4938	0.5309
11	12	0.9998	0.7465	0.3971
11	13	0.9995	0.6156	0.2737
12	13	1.0000	0.6626	0.4874
