0	1	0.9999	0.6218	0.3692
0	2	0.6003	0.4090	0.3398
0	3	0.9996	0.5459	0.4805
0	4	0.9503	0.5079	0.7726
0	6	0.7505	0.5788	0.4431
0	7	0.7009	0.4343	0.3001
0	8	0.8481	0.6528	0.4441
1	2	0.9989	0.8152	0.1354
1	3	0.9988	0.8229	0.4942
1	4	1.0000	0.7417	0.4926
1	7	0.7020	0.5663	0.2471
2	3	0.9984	0.3732	0.2951
2	4	0.9995	0.4831	0.5658
2	5	0.9494	0.6664	0.5297
2	6	0.9994	0.5067	0.5596
2	7	0.9992	0.4965	0.6239
2	8	1.0000	0.4821	0.5948
2	9	0.8998	0.5142	0.4605
3	4	0.9992	0.4749	0.2874
3	5	0.6019	0.0829	0.3905
3	6	0.8985	0.5758	0.4588
3	7	0.9996	0.2896	0.2707
3	8	0.9979	0.2046	0.5673
3	15	0.7001	0.3218	0.2883
4	5	0.9976	0.9876	0.4772
4	6	0.9995	0.7813	0.3586
4	7	0.9996	0.6015	0.4973
4	8	0.9488	0.5946	0.6434
4	9	0.9495	0.6683	0.4945
5	6	0.9493	0.8835	0.0344
5	7	0.9999	0.6940	0.6091
5	8	0.9986	0.4794	0.4028
6	7	0.9997	0.5938	0.3369
6	8	0.9995	0.4569	0.6099
6	11	0.8999	0.3223	0.6024
7	8	1.0000	0.5494	0.4854
7	9	0.9499	0.6652	0.5077
7	11	0.7998	0.4912	0.4090
8	9	0.9990	0.5562	0.4602
8	11	0.8001	0.2216	0.6145
9	12	0.8030	0.6219	0.6582
9	13	0.9984	0.5410	0.5732
9	14	0.9996	0.6302	0.4590
9	15	0.8500	0.5971	0.4733
9	18	0.6934	0.6340	0.4573
9	19	0.7517	0.7543	0.3304
10	11	0.9502	0.7882	0.6552
10	12	0.6997	0.5872	0.3603
11	12	0.9498	0.5867	0.4541
12	13	0.9994	0.9087	0.3347
12	14	0.9994	0.6906	0.7046
12	15	0.9499	0.6248	0.8234
12	16	0.9996	0.6046	0.7740
12	19	0.6536	0.7859	0.5460
13	14	1.0000	0.5665	0.4110
13	15	0.9984	0.5040	0.5441
13	16	0.8005	0.0597	0.3265
13	17	0.9993	0.1574	0.8017
13	18	0.9985	0.6420	0.6936
13	19	0.9999	0.6952	0.5025
13	20	0.9982	0.5002	0.5696
14	15	0.9996	0.5334	0.4849
14	16	0.9998	0.1789	0.1986
14	17	0.9490	0.5851	0.6263
14	18	0.9971	0.3133	0.6855
14	19	0.9487	0.3879	0.4385
14	20	0.8494	0.3713	0.4342
15	16	0.9481	0.9654	0.2394
15	17	0.9990	0.8842	0.6090
15	18	0.9492	0.6875	0.6226
15	19	0.9995	0.6872	0.5216
15	20	0.9002	0.5217	0.5167
16	17	0.9974	0.8318	0.3715
16	18	0.6675	0.5583	0.2722
16	19	0.9988	0.5370	0.2292
16	20	0.6004	0.3487	0.7958
17	18	0.9994	0.8004	0.4057
17	19	0.9994	0.8252	0.4900
17	20	1.0000	0.7421	0.6976
18	19	0.9992	0.6623	0.5537
18	20	0.9493	0.5221	0.4909
19	20	0.9995	0.6433	0.5594
19	21	0.6502	0.7841	0.2058
19	24	0.7503	0.6123	0.6642
20	21	0.9486	0.7222	0.8285
20	22	0.9001	0.6630	0.4798
20	23	0.5976	0.3978	0.5730
20	24	0.9989	0.6957	0.6391
20	25	0.6547	0.5267	0.4446
21	22	0.9973	0.9546	0.7675
21	23	0.8999	0.7563	0.8129
21	24	0.6495	0.7437	0.3977
21	25	0.7501	0.7225	0.6943
22	23	0.9995	0.6029	0.5213
22	24	0.8001	0.6248	0.2859
22	25	0.9000	0.5133	0.4769
22	26	0.9498	0.4886	0.8116
23	24	0.9991	0.8992	0.0936
23	25	0.9997	0.6837	0.6424
23	26	1.0000	0.6536	0.6712
23	28	0.6701	0.4483	0.6213
23	29	0.7500	0.4240	0.5615
23	30	0.9971	0.8205	0.1083
23	31	0.9495	0.6314	0.5804
23	32	0.8503	0.5791	0.4014
24	25	0.9998	0.5273	0.5003
24	26	0.9983	0.5571	0.8065
24	30	0.8496	0.6040	0.6123
24	31	0.9982	0.6235	0.7187
24	32	0.9486	0.4893	0.7128
25	26	0.9998	0.5040	0.5914
25	29	0.7004	0.5651	0.6022
25	30	0.9993	0.4529	0.5339
25	31	0.9986	0.4974	0.5401
25	32	0.9493	0.5884	0.6330
26	28	0.7504	0.7177	0.4691
26	29	0.9001	0.3176	0.5644
26	30	1.0000	0.7191	0.4856
26	31	0.9995	0.5848	0.5219
26	32	0.8991	0.5421	0.6350
27	28	0.6500	0.7012	0.2860
27	30	0.9989	0.4949	0.6773
27	31	0.7995	0.5179	0.5275
27	32	0.5004	0.6330	0.7014
28	29	0.9993	0.9766	0.3049
28	30	0.9993	0.2591	0.1510
28	31	0.7499	0.4118	0.4980
28	32	0.9994	0.5168	0.6751
29	30	0.9990	0.8442	0.0779
29	31	0.8505	0.7082	0.4740
29	32	0.9992	0.7110	0.2486
30	31	0.9998	0.5249	0.4862
30	32	0.9991	0.4901	0.5367
31	32	0.9998	0.5453	0.5016
