0	1	0.9987	0.9287	0.7138
0	2	0.9999	0.5854	0.4116
0	4	0.9999	0.7185	0.3709
0	5	0.8914	0.9511	0.6371
0	6	0.5510	0.9317	0.2007
0	7	1.0000	0.5903	0.7280
1	2	0.7508	0.9144	0.0495
1	4	0.9989	0.8585	0.6059
1	5	0.9952	0.9804	0.6010
1	6	0.9990	0.9668	0.0263
1	7	0.9988	0.8585	0.1919
2	3	0.9996	0.9990	0.0611
2	4	0.9976	0.4290	0.1217
2	7	0.9505	0.4641	0.8522
2	11	0.9498	0.9240	0.3873
2	19	1.0000	0.7975	0.2711
3	4	0.9981	0.9220	0.0187
3	7	0.9989	0.7915	0.9566
3	19	0.5082	0.2289	0.0330
4	5	0.9989	0.9917	0.9998
4	6	0.9986	0.9420	0.2655
4	7	1.0000	0.5649	0.5734
4	8	0.9993	0.6468	0.5686
4	11	0.9996	0.1687	0.2713
5	6	0.9980	0.5572	0.3849
6	7	0.9941	0.3822	0.0282
7	8	0.9498	0.6453	0.3650
8	9	0.9961	0.9900	0.4993
8	10	0.9500	0.8884	0.6969
8	11	0.9999	0.1749	0.2262
8	14	0.9478	0.9939	0.5521
9	10	0.9966	0.8128	0.2680
9	14	0.5003	0.8985	0.3797
10	11	0.9989	0.9914	0.0862
10	12	1.0000	0.7206	0.7767
10	13	0.6496	0.0361	0.2237
10	14	0.9004	0.0309	0.6144
10	15	0.8497	0.2679	0.3561
10	18	0.5500	0.7010	0.2024
11	12	0.9972	0.5573	0.2086
11	18	0.5502	0.3596	0.6440
11	19	0.9992	0.7122	0.3425
12	13	0.9472	0.9972	0.5041
12	14	0.9979	0.9690	0.6814
12	15	1.0000	0.9360	0.3293
12	17	0.9993	0.9335	0.7635
12	18	0.9999	0.4924	0.5507
12	19	0.9496	0.2910	0.6878
13	14	0.9973	0.3746	0.4806
13	17	0.9976	0.4149	0.3101
14	15	0.9993	0.5027	0.5679
14	17	0.9982	0.3027	0.3574
14	18	0.7521	0.6761	0.0800
15	16	0.9997	0.8976	0.3421
15	17	1.0000	0.3909	0.6579
15	18	0.6561	0.1215	0.0791
16	17	0.9999	0.8489	0.2872
17	18	0.9970	0.9069	0.0294
18	19	1.0000	0.8703	0.3870
