0	1	0.9990	0.9999	0.0599
0	2	0.9995	0.5348	0.6897
0	3	0.9996	0.4190	0.3055
0	7	0.9991	0.0452	0.2844
0	9	1.0000	0.3924	0.6267
0	10	0.9990	0.0173	0.5276
0	11	0.9983	0.8075	0.0065
1	2	0.9984	0.5074	0.1036
1	7	0.9992	0.7901	1.0000
1	11	0.9997	0.4510	0.5532
1	14	0.9500	0.6618	0.9989
2	3	0.9996	0.5499	0.3395
2	6	0.9986	0.3499	0.4810
2	7	0.9996	0.4926	0.4828
2	8	0.6514	0.0141	0.9877
2	9	0.9985	0.5522	0.4721
2	10	0.9497	0.8712	0.9953
2	11	0.9996	0.2848	0.1963
3	4	0.9986	0.5065	0.4687
3	5	1.0000	0.0001	0.0000
3	6	0.9993	0.5039	0.2563
3	7	0.9990	0.2926	0.4450
3	8	0.9999	0.7881	0.8553
3	9	0.9984	0.5420	0.5003
3	10	1.0000	0.6046	0.9996
3	11	1.0000	0.4990	0.0442
4	5	0.9961	0.8744	0.5166
4	6	0.9985	0.6628	0.1259
4	7	0.9954	0.6609	0.6299
4	8	0.7008	0.1333	0.9047
4	9	0.9985	0.4959	0.3389
5	6	1.0000	0.9576	0.1222
6	7	0.9995	0.4615	0.5253
6	8	0.9996	0.0000	0.9998
6	9	1.0000	0.0012	0.2612
6	11	1.0000	0.0000	0.6709
7	8	1.0000	1.0000	1.0000
7	9	1.0000	0.7745	0.3599
7	11	1.0000	0.9998	0.5138
8	9	1.0000	0.9426	0.1778
8	11	1.0000	0.6456	0.8391
9	10	0.9978	0.8266	0.6811
9	11	0.9997	0.1218	0.2170
11	14	1.0000	0.8605	0.9996
12	14	1.0000	0.5029	0.5240
12	15	0.9986	0.8627	0.5951
12	17	1.0000	0.7531	0.5377
12	21	0.9998	0.5390	0.4684
12	22	0.9999	0.7315	0.5244
13	14	0.9978	0.6223	0.0206
13	20	1.0000	0.9412	0.5191
14	15	0.9999	0.5046	0.4131
14	17	0.9997	0.4860	0.6501
14	19	0.9991	0.1122	0.6051
14	20	0.9982	0.0607	0.5705
14	21	0.9998	0.5111	0.4996
14	22	0.9999	0.3781	0.6331
15	16	0.9998	0.8935	0.2574
15	17	0.9999	0.6163	0.3981
15	18	0.9990	0.9853	0.8642
15	19	0.9999	0.8738	0.4531
15	20	0.9996	0.9913	0.4691
15	21	0.9997	0.4895	0.4540
15	22	0.9995	0.6518	0.5037
16	17	0.7002	0.7660	0.5721
17	18	0.9981	0.7857	0.9683
17	19	0.9001	0.6497	0.4704
17	20	0.9996	0.9922	0.8475
17	21	0.9996	0.4959	0.4239
18	21	1.0000	0.9310	0.1617
19	20	1.0000	0.7664	0.8681
19	21	0.9995	0.5943	0.2371
19	22	0.8505	0.4791	0.6150
20	21	0.9995	0.8830	0.0505
20	22	1.0000	0.8333	0.9868
21	22	0.9997	0.4407	0.4503
