0	1	0.9994	0.8649	0.3509
0	2	0.9997	0.4294	0.5769
0	3	0.9981	0.4360	0.5071
0	4	0.9495	0.9844	0.4827
0	5	0.6500	0.7754	0.4145
0	6	0.9992	0.7449	0.5932
0	7	0.9997	0.5283	0.4284
0	8	0.7001	0.8082	0.2719
0	9	0.9991	0.6780	0.4421
0	10	0.9991	0.6288	0.6023
0	15	0.9989	0.1932	0.5242
1	2	0.9991	0.9365	0.0604
1	3	1.0000	0.5282	0.6935
1	5	0.9985	0.4677	0.2588
1	7	1.0000	0.3528	0.8958
1	10	1.0000	0.1696	0.9665
1	15	0.9984	0.7227	0.1337
2	3	0.9966	0.6900	0.0379
2	7	0.9488	0.5072	0.1593
2	15	0.9989	0.2610	0.3904
3	4	0.9992	0.9934	0.5454
3	5	0.9974	0.9804	0.5104
3	6	0.9995	0.7500	0.5501
3	7	0.7012	0.5318	0.4082
3	8	0.6493	0.9198	0.4272
3	9	0.9991	0.9799	0.4939
4	5	0.9978	0.6173	0.2272
4	6	0.9985	0.7484	0.1056
4	8	0.7500	0.4156	0.5054
5	6	0.9977	0.6546	0.1918
5	8	0.5998	0.3568	0.3618
6	7	0.9997	0.5761	0.3846
6	8	0.6509	0.1531	0.5163
6	9	0.6510	0.3772	0.4927
6	10	0.9983	0.6610	0.3952
6	11	0.7006	0.2254	0.5387
6	15	1.0000	0.7736	0.4727
7	8	0.9495	0.9641	0.3379
7	9	0.9979	0.9245	0.4398
7	10	0.9990	0.7070	0.6030
7	11	0.9495	0.9726	0.4014
7	12	0.8002	0.6111	0.5811
7	15	0.9989	0.3625	0.4690
8	9	0.9481	0.9399	0.1362
9	10	0.9985	0.6921	0.0791
9	11	0.9999	0.4123	0.6947
9	13	0.8457	0.4127	0.6758
10	11	0.9999	0.7120	0.4372
10	12	0.9994	0.6159	0.5651
10	13	0.9992	0.8846	0.4354
10	14	0.9987	0.6963	0.7777
10	15	0.9997	0.6286	0.3628
11	12	0.9985	0.6616	0.4101
11	13	0.9995	0.6897	0.6969
11	14	0.9481	0.5708	0.5581
12	13	0.9991	0.7498	0.5145
12	14	0.9975	0.5193	0.6747
12	15	0.9988	0.6340	0.3509
13	14	0.9985	0.6071	0.1879
14	15	0.9987	0.7588	0.2324
15	16	0.9996	0.6980	0.8492
16	17	0.9478	0.7802	0.2693
