0	2	0.9999	0.9950	0.9472
0	4	0.9994	0.9438	0.9886
0	9	1.0000	0.8832	0.2651
0	10	0.9996	0.1922	0.5511
1	2	1.0000	0.3021	0.9022
1	5	0.6523	0.3613	0.9447
1	6	0.9995	0.3152	1.0000
2	3	0.9991	0.9985	0.0043
2	4	0.9965	0.7777	0.7139
2	5	0.9987	0.2516	0.8618
2	6	0.9997	0.0316	0.9618
2	7	1.0000	0.0754	0.6874
2	8	0.9002	0.1944	0.0817
2	9	0.9996	0.9375	0.7743
2	11	1.0000	0.1828	0.8657
2	12	0.9980	0.3459	0.3473
3	4	0.9973	0.1212	0.3290
3	9	0.9950	0.0331	0.9943
3	10	0.9999	0.7674	0.2572
4	5	0.9977	0.9817	0.3740
4	7	0.9498	0.9831	0.8409
4	8	0.9989	0.9279	0.5713
4	9	0.9980	0.7115	0.6876
4	10	0.9991	0.2701	0.1391
4	11	0.9995	0.7500	0.5227
4	12	1.0000	0.4715	0.9603
5	6	1.0000	0.7099	0.3592
5	7	0.9984	0.2646	0.3491
5	8	0.9993	0.3722	0.5048
6	7	0.9993	0.9867	0.3186
6	8	0.9999	0.9959	0.2309
7	8	0.9990	0.4697	0.1795
7	11	0.9501	0.6827	0.8532
8	9	1.0000	0.9437	0.3346
8	11	0.9993	0.4672	0.3438
9	10	1.0000	0.4641	0.5691
9	11	0.9994	0.6011	0.2252
10	11	0.9983	0.9123	0.0069
11	12	1.0000	0.7610	0.8150
