0	1	0.9999	0.9734	0.9616
0	7	0.9983	0.4933	0.1193
0	8	0.9508	0.0265	0.9706
0	9	0.8998	0.2922	0.5134
1	2	1.0000	0.9112	0.2535
1	3	0.9959	0.8826	0.5837
1	4	0.9501	0.5602	0.9699
1	5	0.9989	0.2733	0.0539
1	6	0.9995	0.4032	0.6121
1	7	0.9994	0.9751	0.7908
1	9	0.9991	0.5177	0.3549
2	3	0.9947	0.3651	0.1295
2	7	0.9997	0.3457	0.9656
2	8	0.9984	0.8822	0.0789
2	9	0.5007	0.0684	0.3740
3	4	0.9991	0.9857	0.2679
3	5	0.9984	0.9974	0.4294
3	6	1.0000	0.8934	0.8721
3	7	0.9986	0.6399	0.6323
3	8	1.0000	0.2417	0.4534
3	9	0.9999	0.4128	0.3891
4	5	0.9997	0.5076	0.5077
4	6	1.0000	0.0166	0.3469
5	6	1.0000	0.9986	0.2447
6	7	0.9999	0.9870	0.2711
6	8	1.0000	0.9072	0.9546
6	9	1.0000	0.7881	0.3138
7	8	1.0000	0.5269	0.6004
7	9	0.9999	0.5917	0.2676
8	9	0.9995	0.7150	0.1474
