0	1	0.9998	0.5899	0.8981
0	7	0.8501	0.5739	0.0162
0	15	0.8995	0.7744	0.1686
0	17	0.9979	0.7382	0.0769
0	20	0.8995	0.3652	0.9714
0	21	0.9985	0.7579	0.0787
0	22	0.9992	0.2854	0.8276
1	2	0.9993	0.9589	0.0647
1	4	0.9969	0.7883	0.0090
1	6	0.6496	0.2996	0.6168
1	7	0.8988	0.4907	0.0160
1	10	0.7012	0.2682	0.0244
1	13	0.9002	0.3320	0.0092
1	15	0.8497	0.6333	0.0639
1	17	0.9982	0.9056	0.0366
1	21	0.9997	0.9642	0.1090
2	3	0.9948	0.7726	0.7877
2	4	1.0000	0.7211	0.3714
2	5	1.0000	0.9544	0.5629
2	7	0.7995	0.4965	0.2421
2	17	0.9981	0.4247	0.6185
2	20	0.9986	0.0394	0.7497
2	21	0.9998	0.4319	0.7619
2	22	0.9973	0.0603	0.5138
3	4	1.0000	0.7611	0.2799
3	5	1.0000	0.4118	0.6787
3	6	0.9971	0.7779	0.6224
3	21	0.5011	0.7067	0.9951
3	22	1.0000	0.8968	0.1416
4	5	1.0000	0.8000	0.5483
4	6	0.9997	0.1519	0.9952
4	7	1.0000	0.5278	0.4055
4	10	0.9996	0.6116	0.2983
4	13	0.9979	0.7539	0.5151
4	15	0.9977	0.7552	0.6036
4	17	0.9996	0.3702	0.6654
4	21	0.9989	0.3642	0.8375
5	6	0.9981	0.8366	0.1860
5	7	0.9497	0.2144	0.0291
5	9	0.6468	0.2593	0.6094
5	10	0.8007	0.2363	0.0098
6	7	0.9988	0.2544	0.0287
6	9	0.9993	0.2236	0.8788
6	10	0.9993	0.3144	0.0324
7	8	0.9971	0.9992	0.0254
7	9	0.9985	0.6646	0.6271
7	10	0.9999	0.5499	0.4898
7	12	0.9998	1.0000	0.4419
7	13	1.0000	0.6022	0.4433
7	15	0.9999	0.7217	0.4237
7	17	0.9998	0.3616	0.5651
7	21	0.9980	0.5469	0.7645
8	9	0.9959	0.6025	0.0366
8	10	0.9997	0.4942	0.9440
8	11	0.9996	0.4349	0.8439
8	12	0.9982	0.0873	0.4020
8	13	0.9493	0.2922	0.5765
9	10	0.9967	0.6205	0.0688
9	12	0.9996	0.1653	0.9304
9	14	0.5518	0.0389	0.9307
10	11	0.9484	0.9928	0.5090
10	12	0.9969	0.9049	0.5739
10	13	0.9997	0.6567	0.5514
10	14	0.8010	0.9214	0.4444
10	15	0.9991	0.8263	0.5891
10	17	0.9991	0.5799	0.7092
10	21	0.5000	0.5778	0.8469
11	12	0.9480	0.9473	0.0319
11	14	0.8482	0.7449	0.3940
12	13	0.9998	0.4903	0.4339
12	14	1.0000	0.1866	0.8191
12	15	0.9979	0.3637	0.0090
13	14	0.9993	0.8325	0.4583
13	15	0.9995	0.6537	0.5630
13	17	0.9980	0.5710	0.6149
13	21	0.6032	0.6858	0.7018
14	15	0.9996	0.1948	0.0478
14	16	1.0000	0.2649	0.9164
15	16	0.9993	0.8402	0.4156
15	17	0.9978	0.6003	0.6521
15	18	0.5995	0.9990	0.7543
15	20	0.8995	0.9968	0.6882
15	21	0.9990	0.6706	0.5454
16	17	0.9999	0.6608	0.2375
16	20	0.9998	0.1920	0.8964
16	23	1.0000	0.5165	0.9492
17	18	0.6998	0.9962	0.6659
17	20	0.9988	0.7811	0.9095
17	21	0.9996	0.5893	0.5095
17	23	0.9493	0.5605	0.6181
18	19	0.9999	0.7899	0.8392
18	20	0.9963	0.4420	0.0304
18	21	0.6504	0.7758	0.9918
18	22	0.7498	0.8936	0.1448
18	23	0.7500	0.7235	0.9218
19	20	0.9972	0.9622	0.0063
20	21	0.9997	0.8240	0.2987
20	22	1.0000	0.2866	0.9297
20	23	1.0000	0.5732	0.7872
21	22	0.9988	0.9704	0.6352
22	23	0.9998	0.9297	0.4654
