0	2	0.9964	0.6345	0.7355
0	3	0.9978	0.0788	0.0593
0	4	0.9994	0.8453	0.1346
0	8	0.9995	0.9645	0.0200
0	10	0.9968	0.6812	0.6791
0	11	0.9995	0.1848	0.5661
0	12	0.9994	0.9977	0.0000
1	2	0.9963	0.4696	0.0210
1	8	0.8008	0.8917	0.9988
1	10	0.5009	0.1165	0.0252
1	12	0.9999	0.4509	0.5762
1	14	0.9996	0.7391	1.0000
2	3	1.0000	0.9880	0.2102
2	4	0.9994	0.4655	0.3302
2	7	0.9953	0.1632	0.5618
2	8	1.0000	0.3176	0.5114
2	9	0.5520	0.0065	0.9942
2	10	0.9987	0.4711	0.4821
2	11	0.9497	0.8372	0.9278
2	12	0.9993	0.1766	0.2338
3	4	1.0000	0.0993	0.0059
3	7	0.6528	0.0911	0.9940
3	8	0.9001	0.0361	0.1133
3	10	0.9986	0.4652	0.9835
4	5	0.9990	0.4338	0.4371
4	6	0.8004	0.0498	0.4640
4	7	0.9995	0.3267	0.3858
4	8	0.9992	0.3227	0.4488
4	9	1.0000	0.7802	0.8546
4	10	0.9998	0.5032	0.4551
4	11	0.9999	0.4336	1.0000
4	12	1.0000	0.3930	0.0148
5	6	0.9963	0.7151	0.6115
5	7	0.9992	0.8870	0.3973
5	8	0.9980	0.7255	0.5158
5	9	0.6487	0.0437	0.6577
5	10	0.9988	0.4110	0.4424
5	11	0.7519	0.0221	0.9876
6	7	1.0000	0.8243	0.2030
6	8	1.0000	1.0000	0.6312
7	8	0.9991	0.4711	0.4986
7	10	0.7527	0.0000	0.2309
8	9	0.9999	1.0000	0.9991
8	10	0.9998	0.6986	0.3448
8	12	0.9983	0.9986	0.6090
9	10	0.9999	0.9356	0.1624
9	12	1.0000	0.5826	0.8994
10	11	0.9996	0.7522	0.7496
10	12	0.9986	0.1410	0.2746
12	14	0.9999	0.8255	1.0000
12	17	0.6004	0.7710	0.6501
12	18	0.9969	0.6505	0.0366
13	14	0.9999	0.4968	0.5290
13	15	0.9996	0.9945	0.9941
13	18	0.9992	0.9916	0.6565
13	19	0.9999	0.3709	0.4588
13	20	0.9993	0.4243	0.7419
14	15	0.9998	0.3862	0.8498
14	17	0.9990	0.9638	0.4912
14	18	0.9990	0.5655	0.4377
14	19	0.9490	0.6588	0.6714
14	20	0.9984	0.4419	0.8281
15	16	1.0000	0.8484	0.4828
15	18	0.9995	0.8791	0.6528
15	19	0.9996	0.6508	0.4969
15	20	1.0000	0.9449	0.6421
16	18	0.9985	0.4997	0.6095
17	18	0.9979	0.5427	0.1273
18	19	1.0000	0.8106	0.2102
19	20	0.9998	0.4078	0.4728
