0	1	0.9991	0.5487	0.6496
0	2	0.9991	0.5845	0.5804
0	3	0.9990	0.3214	0.4823
0	8	0.8991	0.4664	0.5212
0	10	0.9981	0.7193	0.2628
0	11	0.7996	0.3161	0.4085
0	13	0.6502	0.4533	0.4637
0	15	0.7002	0.8755	0.5132
0	17	0.6237	0.7555	0.4304
0	18	0.7500	0.4581	0.5542
0	22	0.8494	0.6742	0.4121
0	23	0.9981	0.4013	0.7717
1	2	1.0000	0.5350	0.4301
1	3	0.9997	0.5490	0.5178
1	6	0.9990	0.5372	0.8379
1	7	0.8501	0.4124	0.3764
1	8	0.8991	0.3089	0.4806
1	10	0.6005	0.5241	0.2984
1	18	0.6998	0.3234	0.8020
1	23	0.7985	0.4723	0.5132
2	3	0.9993	0.3926	0.4530
2	6	0.9988	0.2174	0.7638
2	7	0.9996	0.4848	0.4207
2	8	0.9498	0.0792	0.6662
2	10	0.7505	0.2314	0.2401
2	23	0.5673	0.1307	0.3283
3	4	0.9993	0.8453	0.5361
3	5	0.8990	0.9145	0.6160
3	6	0.9999	0.6549	0.8170
3	7	0.9997	0.5366	0.4473
3	8	0.9996	0.3187	0.6858
3	9	0.6013	0.5844	0.5889
3	10	0.7003	0.3224	0.3423
3	15	0.6009	0.1356	0.5429
3	18	0.6505	0.2116	0.6044
3	19	0.5018	0.1914	0.2301
3	20	0.5015	0.0594	0.7750
3	23	0.8988	0.0826	0.5086
4	5	0.9986	0.9590	0.5195
4	6	0.9993	0.6705	0.4912
4	7	0.9984	0.5619	0.5966
4	8	0.9988	0.7412	0.4120
4	9	0.8003	0.7500	0.6994
4	10	0.7004	0.7310	0.4199
5	6	0.9978	0.9571	0.1991
5	7	0.7001	0.5689	0.5000
5	8	0.6996	0.6182	0.5905
6	7	0.9985	0.8530	0.6112
6	8	1.0000	0.4612	0.7658
6	9	0.9993	0.4824	0.6730
6	10	0.9977	0.8406	0.1992
7	8	0.9978	0.7890	0.5449
8	9	1.0000	0.8415	0.5961
8	10	0.9986	0.7355	0.2504
9	10	0.9498	0.8840	0.3173
10	11	0.9981	0.8435	0.4640
10	12	0.7990	0.5645	0.4960
10	13	0.9972	0.9394	0.3927
10	15	0.5510	0.2915	0.5410
10	16	0.5708	0.2955	0.9090
11	12	0.7499	0.5575	0.5137
11	13	0.9993	0.5702	0.4196
11	16	0.9986	0.8533	0.9208
11	17	0.6993	0.4529	0.5162
12	13	0.9988	0.4349	0.3354
12	16	0.7001	0.3636	0.7238
12	18	0.6499	0.3340	0.5366
13	16	0.9993	0.3611	0.7606
13	17	0.9983	0.8942	0.6561
13	18	0.9989	0.4821	0.4381
13	19	0.5506	0.5433	0.1925
13	22	0.7009	0.7070	0.6896
13	23	0.8992	0.3017	0.4236
14	15	0.9981	0.8536	0.0576
14	16	0.5504	0.2190	0.0754
15	16	0.9982	0.5962	0.2072
16	17	0.9980	0.9231	0.2943
16	18	0.9992	0.7061	0.6786
16	19	0.9994	0.6025	0.7473
16	20	0.9985	0.4885	0.3440
17	18	1.0000	0.7408	0.4697
17	19	0.9493	0.5413	0.5368
17	20	0.9497	0.5038	0.7203
17	22	0.7500	0.5341	0.4827
18	19	0.9988	0.8444	0.2757
18	20	0.8997	0.6803	0.5000
18	22	0.6485	0.5800	0.5888
18	23	0.7680	0.5999	0.3019
19	20	0.9999	0.7503	0.4716
19	21	0.6004	0.7440	0.5343
19	22	0.9001	0.6964	0.6369
20	21	0.8984	0.7059	0.4811
20	22	0.9498	0.8540	0.4283
21	22	0.5503	0.6117	0.4523
