0	1	0.9927	0.4260	0.4457
0	2	0.9997	0.6211	0.5109
0	3	0.9998	0.6989	0.4677
1	2	1.0000	0.5741	0.3300
1	3	0.9999	0.6964	0.3968
2	3	0.9998	0.5197	0.4096
2	4	0.9999	0.5703	0.4794
2	5	0.9497	0.5676	0.3405
2	6	0.8991	0.4446	0.8206
3	4	0.9993	0.4802	0.4979
3	5	0.9991	0.4834	0.3210
3	6	0.6010	0.3205	0.6544
3	7	0.5020	0.3197	0.2408
3	8	0.6505	0.5410	0.4052
4	5	0.9995	0.4857	0.4133
4	6	0.8994	0.3639	0.4801
4	7	0.9995	0.4183	0.4271
4	8	0.9489	0.4993	0.5376
5	6	0.9995	0.4176	0.7022
5	7	0.9997	0.4992	0.4282
5	8	0.9997	0.4935	0.5482
5	10	0.6014	0.4033	0.8696
6	7	0.9490	0.8413	0.2804
6	8	0.8995	0.7067	0.5263
7	8	0.9999	0.5538	0.5324
7	10	1.0000	0.8200	0.5164
7	11	0.9484	0.4246	0.2791
8	10	0.9995	0.7327	0.6106
8	11	0.8490	0.5333	0.1659
9	10	0.9983	0.5982	0.1185
9	11	0.9980	0.5054	0.0943
10	11	0.9495	0.8774	0.2305
10	12	0.9999	0.7256	0.4617
10	13	1.0000	0.7185	0.3408
11	12	0.9965	0.8140	0.0283
11	13	0.9491	0.3176	0.4281
12	13	1.0000	0.5263	0.5533
12	14	0.9982	0.0443	0.7894
12	15	0.9993	0.3417	0.4942
12	16	0.9999	0.3289	0.8841
12	17	0.9989	0.4307	0.4527
12	33	0.6989	0.5539	0.5049
13	14	0.9972	0.9280	0.5233
13	15	0.9986	0.8094	0.4940
13	16	0.9980	0.9507	0.6927
13	17	0.9995	0.8975	0.3548
13	33	0.7488	0.8498	0.4548
14	15	1.0000	0.7736	0.2106
14	16	0.9499	0.8959	0.5818
14	17	1.0000	0.7377	0.1314
14	31	0.7485	0.5208	0.4074
14	32	0.6503	0.8039	0.1914
14	33	0.8490	0.9098	0.2621
15	16	0.9998	0.8489	0.7599
15	17	0.9977	0.5585	0.2030
15	30	0.9990	0.6282	0.4786
15	31	0.9970	0.3742	0.4586
15	32	0.5009	0.3507	0.1795
15	33	0.9983	0.8893	0.7167
16	17	0.9971	0.9600	0.4306
16	30	0.6492	0.5497	0.3585
16	31	0.6484	0.7240	0.5275
16	33	0.7494	0.9437	0.7659
17	18	0.9979	0.9934	0.3987
17	19	1.0000	0.9638	0.2670
17	21	0.8499	0.9717	0.1498
17	30	0.7498	0.5396	0.5836
18	19	0.9991	0.9631	0.1717
19	20	0.9501	0.7785	0.7136
19	21	0.9999	0.5864	0.3608
19	22	0.9997	0.5456	0.4191
20	21	0.9499	0.9417	0.3766
20	22	0.9999	0.8685	0.7752
21	22	1.0000	0.4466	0.4365
21	23	0.5503	0.1533	0.5553
21	26	0.9986	0.3935	0.4408
22	23	0.8500	0.9407	0.5390
22	24	0.8451	0.4070	0.3525
22	26	0.9987	0.4388	0.3872
23	24	0.9979	0.7025	0.1367
24	25	0.9993	0.9224	0.8732
24	26	1.0000	0.5285	0.4448
24	30	0.9500	0.6607	0.4932
25	26	0.6996	0.9250	0.4857
26	27	0.9974	0.3609	0.0903
26	30	0.9993	0.4260	0.4861
27	28	0.9950	0.9832	0.5939
27	29	0.9982	0.8748	0.5578
27	30	0.9987	0.4506	0.2238
28	29	0.9482	0.8372	0.0725
28	30	0.9981	0.5036	0.2664
29	30	0.9974	0.7819	0.0243
30	31	0.7005	0.6545	0.0868
31	32	0.9498	0.8709	0.3700
31	33	0.8998	0.7625	0.4261
