0	1	0.9984	0.4865	0.5517
0	2	0.9995	0.5864	0.4426
0	10	0.6007	0.6381	0.6034
1	2	0.9991	0.5526	0.5089
1	3	0.7505	0.5064	0.2411
1	9	0.5506	0.6639	0.4468
2	3	0.9491	0.8065	0.4877
2	4	0.9493	0.5400	0.4583
2	6	0.6190	0.2441	0.3940
2	9	0.7001	0.4333	0.4398
2	10	0.8499	0.6005	0.5336
3	4	0.9990	0.7105	0.2363
3	5	0.8995	0.4433	0.4693
3	6	0.5002	0.2667	0.4481
3	10	0.7502	0.4492	0.5669
3	12	0.9497	0.4065	0.6175
4	5	0.9498	0.6833	0.5497
4	10	0.8993	0.4821	0.5575
5	6	0.6495	0.8728	0.3230
5	9	0.7003	0.5165	0.5092
5	10	0.9998	0.7877	0.5174
5	11	0.7347	0.7172	0.4584
5	12	0.8973	0.5077	0.7241
5	13	0.7995	0.5240	0.3292
6	7	0.9488	0.8295	0.7151
6	9	0.6504	0.4232	0.5314
7	8	0.5507	0.5679	0.5945
9	10	1.0000	0.7579	0.4651
9	14	0.7002	0.6503	0.4404
9	39	0.7011	0.5782	0.5423
10	11	0.9998	0.8116	0.4891
10	12	0.8001	0.5426	0.4217
10	13	0.6027	0.5324	0.6503
10	14	0.8505	0.5182	0.5763
11	12	0.9990	0.8348	0.1488
11	14	0.5503	0.3564	0.5211
12	13	0.9972	0.9514	0.6908
12	14	0.9993	0.7526	0.5672
12	15	0.9994	0.5807	0.4379
12	17	0.9992	0.7275	0.5888
13	14	0.9970	0.8886	0.3961
13	15	0.9499	0.5963	0.7309
13	16	0.7003	0.3462	0.4388
13	17	0.5507	0.5916	0.4864
14	15	0.9978	0.7875	0.1345
14	16	0.7497	0.4283	0.6501
15	16	0.9000	0.8472	0.5392
15	17	0.9988	0.5689	0.5643
15	18	0.5997	0.4609	0.2633
16	17	0.9990	0.5407	0.3156
17	18	0.7497	0.8813	0.2443
18	19	0.9493	0.7113	0.6964
18	20	0.8743	0.6189	0.6890
18	21	0.8502	0.6141	0.3718
19	20	0.9997	0.8258	0.6402
20	21	0.9991	0.5274	0.3198
21	22	0.7502	0.5840	0.3366
22	23	0.8997	0.8341	0.4013
22	24	0.9500	0.5080	0.8060
22	27	0.5005	0.3942	0.3239
23	24	0.9977	0.9148	0.5121
23	29	0.9988	0.6677	0.5555
23	30	0.8996	0.9820	0.2926
23	31	0.9990	0.6325	0.6348
23	32	0.9991	0.6528	0.5573
23	33	0.5007	0.8179	0.4306
23	34	0.9980	0.6972	0.6436
23	36	0.7996	0.6791	0.5441
23	37	0.7490	0.7203	0.6871
23	38	0.5509	0.3553	0.5672
24	25	0.9500	0.6488	0.7360
24	26	0.7501	0.4171	0.5581
24	27	0.8501	0.7777	0.4272
24	29	0.9999	0.5418	0.8653
24	32	0.9496	0.5033	0.7722
24	34	0.6001	0.5258	0.3889
25	26	0.9495	0.8738	0.4514
25	27	0.8500	0.3539	0.6878
25	28	0.5503	0.3688	0.4652
25	29	0.7997	0.5551	0.4791
25	30	0.5005	0.6130	0.4243
25	31	0.6501	0.6029	0.3798
26	27	0.8991	0.6305	0.1335
26	31	0.7524	0.5836	0.1896
27	28	0.9994	0.8577	0.3910
27	29	0.6498	0.7584	0.4118
27	30	0.6002	0.4580	0.5880
27	31	0.7006	0.5648	0.4727
28	29	0.9498	0.8619	0.2144
28	31	0.9999	0.4671	0.7375
29	30	0.9988	0.9750	0.5811
29	31	1.0000	0.6264	0.5469
29	32	0.9995	0.5646	0.5033
29	34	0.5997	0.5863	0.4953
29	38	0.5004	0.5619	0.5331
30	31	0.9999	0.7546	0.3738
30	32	0.8998	0.4044	0.8910
31	32	0.9992	0.8289	0.2766
31	34	0.6007	0.4690	0.2318
32	33	0.8004	0.8178	0.5623
32	34	0.9994	0.7010	0.5295
32	36	0.9499	0.7168	0.4618
32	37	0.9987	0.7885	0.6935
32	38	0.8504	0.3206	0.4848
33	34	0.9988	0.4986	0.3589
33	36	0.8503	0.5366	0.4144
33	37	0.9500	0.4155	0.5859
34	35	0.5511	0.4592	0.4790
34	36	0.8994	0.5541	0.5409
34	37	0.9993	0.5344	0.6877
34	38	0.5008	0.4055	0.5391
35	36	0.9485	0.4534	0.6834
36	37	0.9992	0.8482	0.4274
36	38	0.5502	0.3955	0.4552
37	38	0.9496	0.8305	0.3479
39	40	0.9000	0.7116	0.5252
