0	1	0.9994	0.7769	0.3568
0	2	0.9998	0.5031	0.4654
0	3	0.9998	0.7855	0.5459
0	4	0.9997	0.6096	0.4951
0	5	0.9000	0.9058	0.4442
0	19	0.9489	0.6613	0.5415
1	2	1.0000	0.6460	0.4715
1	4	0.9993	0.5954	0.6859
1	18	0.6510	0.2865	0.4479
1	19	0.9990	0.4697	0.3275
2	3	0.9987	0.7280	0.6237
2	4	0.9993	0.6529	0.5479
2	19	0.9977	0.5242	0.7515
3	4	1.0000	0.6884	0.6480
3	5	0.9998	0.5818	0.7221
4	5	0.9989	0.8704	0.5312
4	6	0.8500	0.6183	0.3766
4	7	0.7500	0.6243	0.3587
4	19	0.9993	0.6760	0.5002
5	6	0.9988	0.6366	0.3794
5	7	0.9989	0.4630	0.3466
5	20	0.9988	0.9009	0.5470
6	7	0.9992	0.5207	0.4018
6	19	0.9990	0.6655	0.3838
6	20	0.9992	0.3068	0.5954
6	22	0.7998	0.6824	0.6444
7	19	0.9987	0.5152	0.4416
8	9	0.9991	0.4485	0.3441
8	10	0.9999	0.4421	0.5492
8	13	0.9489	0.6382	0.2128
8	15	0.9493	0.6097	0.3256
8	17	0.7995	0.3313	0.2863
8	25	0.5003	0.4203	0.5619
9	10	0.9997	0.8804	0.3488
9	11	0.9492	0.5175	0.5027
9	12	0.9989	0.5611	0.4793
9	13	0.9999	0.6191	0.5575
9	15	0.7999	0.5200	0.4504
10	11	0.9991	0.5336	0.4955
10	13	0.9998	0.5231	0.7336
10	15	0.9493	0.4265	0.6543
10	17	0.9490	0.2500	0.2264
11	12	0.9990	0.9115	0.5932
11	13	0.8380	0.4345	0.3698
11	14	0.9999	0.7986	0.4479
11	15	0.8505	0.5581	0.2763
12	13	0.9996	0.5987	0.3830
12	14	0.8498	0.3143	0.5255
12	15	0.9978	0.5188	0.1297
13	14	0.9994	0.7830	0.5503
13	15	0.9495	0.5165	0.4455
13	17	0.6508	0.5322	0.1448
14	15	0.9984	0.5121	0.3283
14	17	0.7506	0.4409	0.0331
15	16	0.8990	0.7680	0.5279
15	17	0.9996	0.5425	0.3473
16	17	0.8986	0.5075	0.2821
17	19	0.9501	0.6888	0.4049
17	23	0.9491	0.5143	0.4330
17	24	0.6499	0.4985	0.5488
18	19	0.9980	0.6157	0.2516
19	20	0.9991	0.9081	0.4615
19	21	0.9995	0.3363	0.4733
19	22	0.9991	0.3556	0.5279
20	21	0.5019	0.4201	0.6110
20	22	0.8500	0.6994	0.6184
21	22	0.8995	0.6512	0.3857
23	24	0.9985	0.4492	0.3831
23	25	0.9975	0.3392	0.4658
24	25	0.9999	0.8795	0.5294
25	29	0.7000	0.7068	0.2802
26	27	0.9986	0.6457	0.3655
26	28	0.9999	0.5445	0.4700
26	29	0.9998	0.5467	0.4532
26	30	0.8991	0.7236	0.5868
26	31	0.7499	0.4728	0.3990
26	49	0.6497	0.4652	0.5199
27	28	0.9984	0.7915	0.2931
27	29	0.9992	0.5075	0.8964
28	29	0.9999	0.5347	0.4752
28	30	0.7000	0.0793	0.8357
28	48	0.8501	0.3592	0.7663
28	49	0.9500	0.6283	0.5410
28	55	0.8004	0.4790	0.4656
29	30	0.9484	0.9509	0.4764
29	31	0.9485	0.6783	0.5750
29	32	0.5002	0.6115	0.1059
30	31	0.9967	0.9857	0.3101
30	33	0.6004	0.4306	0.7213
30	34	0.6509	0.7140	0.5349
30	49	0.8989	0.3999	0.4169
30	55	0.5500	0.3549	0.5406
31	32	0.8491	0.5752	0.1475
31	33	0.8497	0.4898	0.6976
31	34	0.7503	0.5434	0.7116
32	33	0.9983	0.4526	0.4866
32	34	0.8993	0.1459	0.4051
33	34	0.9978	0.8964	0.4977
34	35	0.9990	0.8670	0.3440
34	48	0.7996	0.7147	0.3820
34	49	0.5010	0.8475	0.4136
35	36	0.5008	0.7845	0.0913
35	48	0.9985	0.7749	0.6850
35	49	0.9985	0.2417	0.4092
35	54	0.6000	0.5037	0.6594
35	55	0.9481	0.5385	0.6076
35	56	0.7995	0.5427	0.5870
36	40	0.9999	0.9276	0.7685
36	41	0.9986	0.5933	0.6121
36	42	0.9978	0.8138	0.1007
36	43	0.9987	0.7857	0.6703
36	44	0.7501	0.9131	0.5152
36	45	0.6002	0.9498	0.3657
36	46	0.9987	0.9236	0.6037
36	47	0.9999	0.4806	0.6125
36	48	0.9996	0.1856	0.2951
36	53	0.7002	0.7104	0.4460
36	54	0.9989	0.1915	0.3411
36	55	0.7996	0.0825	0.4304
37	38	0.9999	0.7520	0.4161
37	39	0.8989	0.5159	0.4569
38	39	0.9994	0.6076	0.3249
39	40	0.6999	0.7451	0.3291
40	41	0.9497	0.8053	0.3833
40	43	1.0000	0.6029	0.7877
40	45	0.7009	0.3983	0.6170
40	47	0.5013	0.8351	0.3257
41	42	0.8991	0.7448	0.1908
41	43	0.8997	0.4680	0.7511
41	46	0.7003	0.4595	0.4405
41	47	0.9997	0.4652	0.5469
41	48	0.7504	0.5657	0.3019
42	43	0.9998	0.5681	0.4369
42	44	0.9001	0.4999	0.5419
42	45	0.9497	0.4272	0.4076
42	46	0.9992	0.3409	0.1573
42	47	0.9995	0.2554	0.1596
42	48	1.0000	0.1343	0.4871
43	44	0.9989	0.8166	0.6217
43	45	0.8986	0.8068	0.4263
43	46	0.9986	0.7820	0.2138
43	47	0.9500	0.7033	0.3334
43	48	0.5008	0.6775	0.4786
44	45	0.8502	0.6489	0.5205
44	46	0.7999	0.5801	0.4204
44	47	0.5005	0.4289	0.4154
45	46	0.9989	0.5695	0.2904
46	47	0.9973	0.7343	0.1177
46	48	0.9980	0.6281	0.2766
46	54	0.6001	0.7220	0.2265
47	48	0.9994	0.6193	0.3623
48	49	1.0000	0.9365	0.3065
48	50	0.5005	0.6863	0.3438
48	54	0.8997	0.4020	0.5386
49	50	0.7500	0.8175	0.3250
49	54	0.9001	0.4132	0.5350
49	55	0.9499	0.4298	0.5975
50	51	0.5511	0.8017	0.4015
50	54	0.6002	0.5074	0.6723
51	52	0.9998	0.7149	0.3438
51	53	0.7507	0.6876	0.3431
52	53	0.8501	0.4590	0.3508
52	56	0.7503	0.5704	0.6497
52	57	0.6008	0.5580	0.4450
52	59	0.7006	0.6856	0.5502
53	54	0.8999	0.6005	0.3404
53	55	0.7501	0.5852	0.6613
53	56	0.5011	0.6532	0.4091
54	55	0.9994	0.6853	0.4777
55	56	0.9490	0.4312	0.4918
57	58	0.9498	0.7642	0.5027
57	59	0.9495	0.5799	0.4495
58	59	0.9002	0.6036	0.4541
