0	1	0.9977	0.6930	0.3373
0	2	0.9999	0.4409	0.5165
0	6	0.9997	0.1085	0.8449
0	7	0.9994	0.5017	0.4164
0	8	0.9994	0.9850	0.5093
0	10	1.0000	0.5791	0.3591
0	15	0.9991	0.1938	0.9193
1	2	1.0000	0.6163	0.3782
1	7	1.0000	0.3480	0.6272
1	10	1.0000	0.3051	0.7490
1	11	0.9996	0.0050	0.7900
1	14	1.0000	0.2195	0.9628
1	15	1.0000	0.4215	0.4686
2	6	0.9991	0.9547	0.8749
2	7	0.9993	0.5470	0.3090
3	4	0.6003	0.7751	0.2851
3	5	0.6008	0.7647	0.2288
4	5	0.9978	0.5830	0.3016
5	6	0.9481	0.7597	0.0540
5	8	0.8965	0.3369	0.4044
6	7	0.9989	0.7700	0.0814
6	8	0.9998	0.3753	0.7767
6	9	0.9498	0.4312	0.9216
7	8	0.9985	0.9204	0.4539
7	10	0.9991	0.5105	0.4562
7	12	0.9498	0.9638	0.6766
7	14	0.6524	0.5834	0.3616
7	15	1.0000	0.3307	0.8525
8	9	0.9987	0.8811	0.2474
8	10	0.9993	0.6455	0.2981
8	12	0.9987	0.3993	0.8032
9	10	0.7995	0.4979	0.0600
9	12	0.8011	0.2321	0.8433
10	11	0.9496	0.9967	0.4683
10	12	0.9982	0.8311	0.7514
10	13	0.9992	0.0437	0.4890
10	14	0.9998	0.5869	0.5028
10	15	1.0000	0.4933	0.6868
10	17	0.6017	0.1057	0.8299
11	12	0.9996	0.7931	0.1685
12	13	0.5491	0.8412	0.7605
12	14	0.5506	0.6567	0.7247
12	17	0.8969	0.9318	0.2316
13	14	0.9492	0.6262	0.1696
13	15	0.8998	0.4932	0.9269
14	15	0.9998	0.6059	0.5065
15	16	0.6502	0.8092	0.1839
15	17	0.7001	0.8297	0.4372
