0	1	1.0000	0.4862	0.6193
0	2	0.9975	0.3102	0.3680
0	5	0.9968	0.7736	0.4454
0	6	1.0000	0.4967	0.5017
0	7	0.9987	0.2829	0.4479
0	11	0.8004	0.4049	0.9427
0	12	0.9971	0.0843	0.4343
0	13	0.9995	0.0000	1.0000
1	2	1.0000	0.5268	0.4830
1	3	0.8002	0.5763	0.2555
1	5	0.9999	0.0477	0.5004
1	6	0.9986	0.1730	0.4278
1	12	0.9960	0.9962	0.5714
1	13	0.9999	1.0000	0.9932
1	15	0.9993	0.9995	1.0000
2	3	0.9997	0.4926	0.3827
2	4	1.0000	0.1013	0.2677
2	5	0.9997	0.6986	0.1570
2	12	0.9997	0.3247	0.5975
2	13	0.9986	0.0000	0.8736
2	15	0.9505	0.0011	0.9932
2	19	1.0000	0.0000	0.0004
3	4	0.9991	0.9483	0.3096
3	5	0.9973	0.3123	0.0802
3	12	1.0000	0.8365	0.3928
4	5	0.9945	0.6177	0.0025
4	12	0.9993	0.8333	0.5935
4	13	0.9979	0.5522	0.4880
5	6	0.9983	0.6040	0.1982
5	7	1.0000	0.7482	0.9776
5	8	1.0000	0.9154	0.3591
5	9	0.5491	0.8947	0.6443
5	10	0.9984	0.9824	0.4385
5	12	1.0000	0.0001	0.2242
6	7	0.9993	0.5316	0.6505
6	8	0.9990	0.1360	0.3146
6	9	0.9349	0.3847	0.3150
6	10	0.7785	0.1190	0.5875
6	11	0.9997	0.5497	0.8044
6	12	0.9998	0.9738	0.1754
7	8	0.9975	0.8393	0.5797
7	9	1.0000	0.9305	0.3507
7	10	0.9998	0.9225	0.5850
7	11	1.0000	0.5319	0.6253
7	12	1.0000	0.0000	0.0158
8	9	0.9999	0.6920	0.5331
8	10	0.9998	0.4642	0.3366
8	11	0.9993	0.9881	0.4371
9	10	1.0000	0.4906	0.6068
9	11	0.9990	0.3179	0.4026
10	11	0.9992	0.8587	0.0761
11	12	0.9983	0.9867	0.0110
12	13	1.0000	0.9164	0.4634
13	15	0.9999	1.0000	0.9972
14	15	1.0000	0.4469	0.5204
14	16	1.0000	0.4634	0.6249
14	19	0.9997	0.4164	0.5463
14	20	0.8987	0.7821	0.0664
14	21	0.9993	0.5840	0.8929
14	22	1.0000	0.3595	0.5468
15	16	0.9998	0.4624	0.4793
15	17	0.7039	0.1774	0.0275
15	18	1.0000	0.6949	0.2989
15	19	0.9999	0.4824	0.4613
15	20	1.0000	0.0528	0.2032
15	21	1.0000	0.4459	0.5464
15	22	1.0000	0.5383	0.5320
16	17	1.0000	0.7225	0.5695
16	18	0.9988	0.3132	0.1696
16	19	0.9999	0.4671	0.5040
16	20	0.9999	0.9888	0.9910
16	21	0.9991	0.7729	0.6013
16	22	0.9986	0.5595	0.5866
17	19	0.9993	0.4544	0.4742
18	19	0.9989	0.3743	0.2498
19	20	1.0000	0.9849	0.0551
19	21	1.0000	0.9837	0.2970
19	22	0.8502	0.5861	0.3873
20	22	0.9986	0.9274	0.7196
21	22	0.9999	0.9441	0.3323
