0	1	0.9989	0.8722	0.4345
0	2	0.6995	0.5218	0.3706
0	3	0.7485	0.3454	0.5106
0	4	0.9982	0.5007	0.5285
1	2	0.9999	0.7441	0.4603
1	3	0.9497	0.3718	0.4965
1	4	0.9992	0.4412	0.4814
1	5	0.8501	0.4845	0.5353
2	3	0.6019	0.5826	0.1453
2	4	0.9997	0.7454	0.8032
2	5	0.7504	0.5954	0.5304
2	6	0.9498	0.5717	0.6262
3	4	0.9989	0.5257	0.4694
3	5	0.5982	0.5040	0.4068
4	5	0.9985	0.4606	0.4412
4	6	0.9000	0.4557	0.4978
4	7	0.5508	0.3931	0.2723
4	9	0.8488	0.5302	0.5095
4	10	0.8001	0.2346	0.5523
4	11	0.5005	0.3075	0.3995
4	13	0.9490	0.5385	0.3696
5	6	0.9989	0.7190	0.4660
5	9	0.6504	0.4805	0.4100
5	10	0.9952	0.4471	0.5270
5	12	0.9495	0.4684	0.3903
5	13	0.7500	0.6428	0.3931
6	7	0.7499	0.5879	0.4692
6	8	0.6001	0.7680	0.3242
6	9	0.9500	0.5772	0.4880
6	10	0.6005	0.3432	0.6462
6	11	0.9992	0.5216	0.3732
6	12	0.9494	0.5024	0.3569
6	13	0.6509	0.4670	0.4335
7	10	0.7010	0.3428	0.6055
8	9	0.9983	0.5620	0.0725
8	10	0.5021	0.2623	0.5467
8	12	0.9495	0.5121	0.1593
8	13	0.8996	0.3512	0.5709
9	10	0.8497	0.7284	0.6624
9	11	0.9494	0.1906	0.6548
9	12	0.8992	0.4665	0.4604
9	13	0.8999	0.6978	0.4779
10	11	0.6999	0.6584	0.2896
10	12	0.7503	0.5929	0.5791
11	12	0.9500	0.5128	0.2018
12	13	0.9991	0.8229	0.3392
13	14	0.6496	0.6815	0.4659
13	16	0.6997	0.4301	0.5123
13	17	0.9995	0.5727	0.6024
13	18	0.9999	0.5918	0.5732
13	19	0.7503	0.4599	0.5952
14	15	0.9489	0.6691	0.3767
14	17	0.6495	0.4080	0.3987
15	16	0.9994	0.6626	0.3317
15	17	0.9999	0.6371	0.6410
15	18	1.0000	0.6901	0.8059
15	19	0.9498	0.5078	0.5476
16	17	0.9989	0.5336	0.5131
16	18	0.9976	0.4916	0.6112
16	19	0.9989	0.3938	0.4937
16	20	0.7501	0.5321	0.5580
16	21	0.5983	0.4017	0.4043
16	22	0.7998	0.8057	0.5602
16	24	0.9994	0.5816	0.4105
17	18	0.9991	0.4996	0.6016
17	19	0.9497	0.5823	0.4807
17	20	0.8998	0.3900	0.4619
17	24	0.5995	0.3459	0.3353
18	19	0.9998	0.8214	0.4485
18	20	0.7004	0.7165	0.4848
19	20	0.7004	0.6658	0.3018
19	22	0.6007	0.5446	0.4535
20	21	0.9995	0.6188	0.6060
20	22	0.9000	0.5750	0.5632
20	23	0.9994	0.7500	0.5573
20	24	0.9502	0.6983	0.5157
21	22	0.9996	0.7033	0.4561
21	24	0.9985	0.4739	0.4085
22	23	0.9994	0.5578	0.5694
22	24	0.9999	0.5120	0.5405
23	24	0.9998	0.5252	0.4021
