0	3	0.8001	0.7987	0.4160
0	4	1.0000	0.8351	0.1840
0	8	0.7996	0.7107	0.1019
1	2	0.9998	0.5661	0.5043
1	3	0.8500	0.2296	0.5890
1	4	0.9992	0.4378	0.4584
1	5	0.9987	0.7625	0.4903
1	7	0.9995	0.2891	0.6255
1	8	1.0000	0.5018	0.5302
1	9	0.9991	0.9341	0.2741
1	10	0.9988	0.6180	0.7249
1	13	0.7007	0.6576	0.5157
1	30	0.7501	0.0909	0.4470
2	3	0.9961	0.8723	0.3626
2	4	0.9998	0.7604	0.5282
2	5	0.9497	0.5098	0.6332
2	7	0.9993	0.7321	0.5967
2	8	1.0000	0.6831	0.5211
2	30	0.6206	0.8202	0.1352
3	4	0.9980	0.8273	0.3115
3	5	0.8998	0.6981	0.7646
3	7	0.9996	0.7565	0.6007
3	8	0.9979	0.9095	0.2505
4	5	0.9998	0.9267	0.4766
4	7	0.9997	0.4437	0.6822
4	8	0.9988	0.5178	0.5217
4	30	0.7497	0.2218	0.6423
5	6	0.9995	0.8450	0.8976
5	7	0.9486	0.5202	0.1771
5	8	0.9999	0.3620	0.8610
5	9	0.9998	0.7696	0.4242
6	7	0.9973	0.9821	0.0637
7	8	0.9998	0.7277	0.3571
7	9	0.8503	0.1862	0.4199
8	9	0.8004	0.8963	0.3933
8	11	0.5508	0.6498	0.4280
8	13	0.8498	0.6451	0.5067
8	28	0.5747	0.6775	0.7089
9	10	0.9985	0.7274	0.1615
10	11	0.7992	0.7729	0.1085
10	12	0.9999	0.3161	0.9169
10	13	0.8991	0.7494	0.1470
10	14	0.7008	0.5699	0.8174
10	15	0.7995	0.7438	0.0507
10	19	0.6005	0.3740	0.7046
11	12	0.9993	0.6530	0.6580
11	13	0.9979	0.5278	0.5647
11	15	0.8991	0.6270	0.5724
11	20	0.8495	0.5061	0.4144
11	23	0.5508	0.4917	0.4445
11	26	0.9982	0.3624	0.5691
11	27	0.5509	0.8056	0.5132
11	28	0.9979	0.5955	0.6630
11	29	1.0000	0.9711	0.6068
12	13	0.9998	0.6817	0.5087
12	15	0.9998	0.8148	0.2475
12	28	0.5003	0.6328	0.5291
13	14	1.0000	0.4717	0.5150
13	15	0.9985	0.5418	0.5312
13	20	0.9997	0.7312	0.3860
13	23	0.5503	0.4467	0.5009
13	28	0.9974	0.5861	0.7076
14	15	1.0000	0.7114	0.2144
14	18	0.8001	0.2301	0.6492
14	19	0.9999	0.7272	0.7978
14	20	0.5509	0.3140	0.0342
15	19	0.9998	0.3876	0.8732
15	20	1.0000	0.6386	0.4470
15	23	0.9994	0.5108	0.5035
15	26	0.6475	0.2724	0.3840
15	28	0.8482	0.5651	0.6473
16	17	0.9991	0.5904	0.3371
16	18	0.9979	0.3333	0.1760
17	18	0.9486	0.6965	0.4129
18	19	0.9978	0.5956	0.1015
18	22	0.7506	0.3055	0.3723
19	20	0.9985	0.7726	0.0775
19	22	0.8504	0.2049	0.7891
19	23	0.9016	0.8528	0.1165
20	21	0.9976	0.9983	0.3197
20	22	0.9994	0.9524	0.3337
20	23	0.9983	0.4238	0.5335
20	24	0.5001	0.9249	0.5496
20	26	0.9986	0.4167	0.4527
20	28	0.9996	0.5792	0.5366
21	22	0.9983	0.7329	0.1299
21	23	0.9498	0.2618	0.9885
21	24	0.8494	0.5846	0.3718
21	26	0.5495	0.1307	0.8652
21	27	0.7013	0.0737	0.5482
22	23	0.9999	0.4015	0.8480
22	24	0.5009	0.3628	0.7017
22	26	0.6496	0.4535	0.3694
23	24	0.8498	0.9843	0.8567
23	26	0.9493	0.4055	0.3457
23	28	0.9999	0.6177	0.3330
24	25	0.9956	0.9840	0.1584
24	26	0.9991	0.8474	0.7689
24	27	0.9999	0.3546	0.7591
24	28	0.6486	0.6082	0.3738
25	26	0.9974	0.6909	0.1531
25	27	0.9500	0.2842	0.9527
25	28	0.9980	0.8680	0.1525
25	30	0.5008	0.4036	0.9737
26	27	0.9992	0.9453	0.8619
26	28	0.9998	0.5415	0.3617
27	28	1.0000	0.6861	0.6867
27	29	0.9983	0.1618	0.4213
27	30	1.0000	0.4811	0.6864
27	32	0.5998	0.6727	0.3897
28	29	0.9996	0.9929	0.3576
28	30	1.0000	0.6613	0.9063
29	30	0.9504	0.7901	0.1132
30	31	0.9489	0.9411	0.3397
30	32	0.8003	0.7134	0.6261
30	33	0.9996	0.9462	0.4168
31	32	0.8994	0.5669	0.4503
32	33	0.9989	0.8937	0.4753
32	34	0.8000	0.8850	0.8170
