0	1	0.9997	1.0000	0.9258
0	4	0.9999	0.5557	0.8754
0	5	1.0000	0.7231	0.2076
0	8	0.9502	0.0860	0.0564
0	11	0.8509	0.1340	0.0080
0	23	0.9988	0.4590	0.5133
0	25	0.9981	0.1364	0.6929
0	26	0.9982	0.6373	0.7446
0	30	0.9982	0.2381	0.5766
1	2	0.9954	0.4633	0.2186
1	4	0.9998	1.0000	0.2178
1	5	0.9985	0.1670	0.8708
1	6	0.9999	0.0007	0.4656
1	7	0.9984	0.0117	0.5117
1	8	0.9004	0.0014	0.5285
1	23	0.9982	0.6278	0.9992
1	26	0.9983	0.5898	0.9993
1	27	0.9961	0.5892	0.0206
1	29	0.9993	1.0000	0.0125
2	3	0.9019	0.7866	0.9351
2	6	0.9984	0.1759	0.4173
2	9	0.9976	0.2006	0.1985
2	12	0.5996	0.0044	0.7727
2	27	0.8997	0.1893	0.1092
4	5	0.9964	0.4640	0.0082
4	6	0.8004	0.0610	0.8586
4	7	1.0000	0.3139	0.6590
4	28	0.9933	0.6990	0.0016
4	29	0.9991	0.5024	0.3014
4	30	1.0000	0.9396	0.2674
5	6	0.9990	0.9989	0.0032
5	7	0.9957	0.6677	0.6133
5	8	0.9999	0.5375	0.4952
5	10	1.0000	0.9999	0.8992
5	11	1.0000	0.5838	0.6406
5	14	0.9973	0.6281	0.6896
5	19	0.9980	0.6337	0.9790
5	23	1.0000	0.5110	0.8431
5	26	1.0000	0.4774	0.9785
5	30	1.0000	0.0137	0.3843
6	7	0.9997	0.8125	0.2211
6	8	0.9993	0.0077	0.9842
6	9	0.9998	0.0065	0.6342
6	10	0.9997	0.1002	0.6156
6	11	0.8087	0.0008	0.7211
7	8	1.0000	0.8680	0.1473
7	10	0.9977	0.3153	0.9726
7	11	0.9988	0.9311	0.0000
8	10	0.9975	0.8501	0.7339
8	11	1.0000	0.5177	0.4466
8	12	0.9993	0.9997	0.3876
8	13	0.9984	0.9913	0.6689
8	14	1.0000	0.6201	0.2503
8	19	0.9998	0.5961	0.5544
8	23	0.9992	0.4043	0.3649
8	26	0.9992	0.2827	0.6204
9	10	1.0000	0.8934	0.1365
9	12	0.9994	0.8600	0.9592
10	11	0.9992	0.7861	0.4009
10	12	1.0000	0.2245	0.8856
10	13	1.0000	0.4446	0.6571
10	14	0.9994	0.9276	0.0013
11	12	0.9994	0.9992	0.4951
11	13	0.9981	0.6125	0.6888
11	14	0.9996	0.5546	0.3995
11	19	0.9991	0.7037	0.6019
11	23	0.9993	0.6904	0.5344
11	26	0.9978	0.6661	0.8551
12	13	1.0000	0.7862	0.1818
12	14	0.9999	0.5991	0.9959
12	16	0.9990	0.8781	0.1801
12	17	0.7486	0.9448	0.4441
13	14	1.0000	0.7982	0.2197
13	17	0.9998	0.2057	0.7414
13	18	1.0000	0.5280	0.7715
13	19	0.6008	0.7645	0.0041
14	16	0.9990	0.7296	0.8403
14	18	0.8503	0.0742	0.8909
14	19	1.0000	0.6113	0.5896
14	20	0.9473	0.9806	0.3133
14	22	0.9990	0.9981	0.3851
14	23	0.9999	0.6024	0.4648
14	26	0.9478	0.6514	0.5667
15	16	0.9998	0.8632	0.3584
15	20	0.9999	0.6873	0.4199
15	21	0.9975	0.4564	0.5254
16	17	1.0000	0.4843	0.3403
16	18	1.0000	0.7699	0.3620
16	19	0.9497	0.8153	0.0503
16	20	0.9998	0.1701	0.5739
16	21	0.9950	0.5118	0.0049
17	18	0.9989	0.7062	0.5908
19	20	0.6504	0.5010	0.1730
19	22	0.9994	0.8479	0.6004
19	23	1.0000	0.6524	0.4566
19	26	0.9999	0.6226	0.3934
20	21	0.9996	0.4530	0.5134
20	22	0.9984	0.5410	0.3909
21	22	0.7998	0.7001	0.2377
22	23	1.0000	0.5308	0.4913
22	25	0.9990	0.2093	0.6874
22	26	0.9977	0.4374	0.1538
23	25	0.9977	0.7299	0.6186
23	26	0.9999	0.4871	0.5344
24	25	0.9950	0.4966	0.0385
25	26	0.9997	0.6624	0.3895
25	28	0.7016	0.1063	0.0064
25	30	0.9964	0.3069	0.2526
26	27	0.9999	0.9993	0.0331
26	30	0.9997	0.8058	0.3938
28	29	0.9987	0.3554	0.4777
28	30	0.8029	0.0052	0.1497
29	30	0.9983	0.7696	0.0675
