0	1	0.7011	0.7887	0.6576
0	2	0.5506	0.6727	0.5280
0	4	0.5019	0.5461	0.5216
1	2	0.9986	0.8644	0.2540
2	3	0.9992	0.6507	0.5700
2	4	0.9998	0.5391	0.4786
2	6	0.6504	0.6389	0.4447
2	7	0.6999	0.4293	0.3488
2	29	0.5718	0.4190	0.7297
2	30	0.6998	0.4269	0.4087
3	4	0.9498	0.7041	0.3276
3	5	0.5508	0.5194	0.4513
3	19	0.8996	0.6670	0.2235
3	29	0.5494	0.3944	0.4629
4	5	0.9999	0.4669	0.2706
4	6	0.5504	0.5443	0.3948
4	7	0.9999	0.6527	0.5583
4	30	0.5504	0.3180	0.5621
5	6	0.9995	0.5770	0.5641
5	7	0.9995	0.5667	0.4150
5	8	0.5508	0.6455	0.4425
5	16	0.5703	0.4261	0.4405
6	7	0.9000	0.8276	0.4519
6	8	0.8503	0.6260	0.4695
6	13	0.6003	0.6144	0.4895
6	28	0.6005	0.3769	0.4953
6	29	0.5005	0.2019	0.3990
7	8	0.9492	0.6722	0.3054
8	9	0.8996	0.6102	0.5072
8	13	0.5499	0.4696	0.3241
9	10	0.8988	0.8183	0.4510
9	11	0.9493	0.6221	0.2801
10	11	0.8492	0.6520	0.4824
11	12	0.8487	0.4930	0.5833
11	13	0.6992	0.3395	0.4860
11	15	0.8493	0.4045	0.5069
12	13	0.9995	0.5187	0.5062
12	15	0.7500	0.5822	0.4863
13	14	0.8513	0.5493	0.4426
13	15	0.9995	0.5836	0.5165
14	15	0.9991	0.5000	0.5277
14	16	0.7500	0.4945	0.6031
14	17	0.9999	0.5426	0.4080
14	20	0.5009	0.4954	0.5660
14	21	0.5005	0.6933	0.3891
14	22	0.7006	0.3878	0.5278
15	16	0.8494	0.4519	0.5590
15	17	0.7996	0.5690	0.2877
15	20	0.5988	0.4007	0.4076
16	17	0.9990	0.8197	0.2360
16	19	0.6504	0.5328	0.3564
17	18	0.7997	0.3056	0.4581
17	19	0.5504	0.1791	0.5485
17	20	0.8500	0.4523	0.5863
17	22	0.8500	0.5127	0.5585
17	30	0.7497	0.6533	0.5762
18	19	0.5002	0.3760	0.3909
19	20	0.7496	0.4610	0.2840
20	21	0.8999	0.8043	0.3803
20	22	0.6506	0.4028	0.4416
20	30	0.5006	0.6437	0.3713
21	22	0.9997	0.5415	0.4916
21	23	0.8002	0.6717	0.5734
21	25	0.6509	0.3012	0.6720
21	26	0.6012	0.5623	0.5552
21	30	0.7998	0.6367	0.5660
22	23	1.0000	0.6765	0.4611
22	26	0.9996	0.4047	0.5466
23	24	0.5507	0.7589	0.2113
23	25	0.5998	0.6909	0.6301
23	26	0.8501	0.5297	0.5890
23	27	0.8003	0.7014	0.4275
23	28	0.6003	0.7680	0.4077
23	29	0.9001	0.7094	0.7049
23	30	0.5004	0.4361	0.5429
23	31	0.7001	0.5748	0.5601
24	25	0.6495	0.6086	0.4546
24	26	0.9987	0.4143	0.2414
24	28	0.6200	0.4648	0.4885
24	29	0.9491	0.4570	0.4108
24	30	0.7500	0.4872	0.4241
24	31	0.5518	0.2012	0.5111
25	26	0.7995	0.8827	0.2937
25	28	0.6001	0.5868	0.4453
25	29	0.6502	0.3500	0.4001
25	30	0.6999	0.5497	0.3831
26	27	0.9993	0.8347	0.3625
26	28	0.8514	0.5613	0.3890
26	29	0.9997	0.4324	0.6163
26	30	0.9997	0.5269	0.5413
26	31	0.7509	0.5963	0.4506
27	28	0.9498	0.7197	0.2277
27	29	0.9997	0.7214	0.6553
27	30	0.9993	0.6556	0.6835
27	31	0.7504	0.5813	0.5521
28	29	0.9994	0.6045	0.5071
28	30	0.9996	0.5074	0.4309
28	31	0.8999	0.2113	0.4319
29	30	0.9998	0.5903	0.4656
29	31	0.9998	0.8049	0.3811
30	31	0.9490	0.4429	0.4189
