0	1	0.9945	0.6755	0.5315
0	2	0.9995	0.4996	0.4273
0	3	0.6503	0.7875	0.6964
0	4	0.9996	0.5624	0.5853
0	5	1.0000	0.3056	0.6835
0	6	1.0000	0.6419	0.4078
0	9	0.9998	0.7295	0.3376
0	10	0.9991	0.6202	0.7983
0	16	0.9999	0.4783	0.9391
0	17	0.6999	0.0720	0.0210
1	2	1.0000	0.7733	0.1704
1	3	1.0000	0.6293	0.8732
1	4	0.9995	0.9389	0.0000
1	6	0.9999	0.5447	0.5222
1	10	0.9991	0.2258	0.9623
1	13	0.9981	0.0922	0.9905
1	14	0.5591	0.0018	0.0760
1	16	0.9990	0.4583	0.3493
2	3	0.9996	0.7188	0.4152
2	4	0.9996	0.5351	0.4832
2	5	0.9988	0.3107	0.7936
2	6	0.8975	0.1492	0.0347
3	4	1.0000	0.4869	0.3595
4	5	0.9987	0.5828	0.6795
5	6	0.9997	0.4111	0.1220
5	9	0.9995	0.2614	0.4496
6	9	1.0000	0.5962	0.2792
6	10	0.9986	0.5765	0.5633
6	12	0.9996	0.9955	0.4066
6	13	1.0000	0.5134	0.4506
6	16	0.9976	0.4069	0.8576
7	8	0.9997	0.9036	0.1796
7	12	1.0000	0.0077	0.0106
8	9	0.9983	0.9947	0.0015
8	12	0.9988	0.6771	0.2538
9	10	0.9993	0.5213	0.3500
9	12	1.0000	0.4964	0.7433
9	13	0.9973	0.8638	0.0038
10	12	0.9926	0.7914	0.5155
10	13	0.9996	0.6103	0.3628
10	16	0.9996	0.5454	0.9005
10	17	0.8996	0.0592	0.5883
11	12	0.9993	0.6680	0.1742
11	13	0.9993	0.1118	0.9478
11	15	0.7477	0.0040	0.8812
11	18	0.9994	0.0791	0.5741
12	13	0.9979	0.6803	0.1951
12	18	0.9936	0.5095	0.0000
13	16	0.9976	0.6159	0.6146
13	17	1.0000	0.1851	0.8689
13	18	0.9963	0.8041	0.5121
14	15	0.9990	0.5196	0.3702
16	17	0.9960	0.8532	0.6891
16	18	1.0000	0.4817	0.7077
