0	1	0.9998	0.5546	0.5249
0	2	0.9993	0.7469	0.5226
0	3	0.8994	0.7184	0.4994
0	4	0.9998	0.5593	0.5168
0	5	0.9996	0.5957	0.5091
0	6	0.9993	0.5785	0.5051
0	7	0.8000	0.5314	0.5120
0	9	0.6004	0.4339	0.4867
0	13	0.6001	0.4058	0.5703
0	16	0.8491	0.4662	0.5233
0	17	0.8146	0.5474	0.4235
1	2	0.9998	0.6702	0.5155
1	3	0.9986	0.4354	0.7383
1	4	0.9999	0.5607	0.5217
1	5	0.9997	0.6797	0.4751
1	6	0.9997	0.6512	0.5059
1	7	0.8501	0.6235	0.4313
1	16	0.8000	0.4718	0.5014
1	17	0.9484	0.6308	0.5254
2	3	0.9985	0.7089	0.6206
2	4	0.9500	0.6884	0.3531
2	5	0.8498	0.5170	0.4167
2	17	0.6499	0.3765	0.3504
3	4	0.9493	0.6941	0.3417
3	5	0.9500	0.4806	0.3481
3	6	0.6004	0.4283	0.3357
4	5	0.8996	0.5571	0.5043
4	6	0.8004	0.5708	0.5442
4	7	0.5006	0.4548	0.3934
4	16	0.5007	0.4390	0.4356
5	6	0.9993	0.5690	0.5012
5	7	0.8004	0.5676	0.4658
5	9	0.5995	0.6049	0.4154
5	16	0.6008	0.3218	0.4484
6	7	0.9996	0.6161	0.5336
6	8	0.5498	0.6489	0.5005
6	9	0.9990	0.5221	0.4839
6	10	0.5153	0.3121	0.4888
6	14	0.7501	0.6406	0.3711
6	16	0.5012	0.3860	0.4167
7	8	0.8481	0.9188	0.6530
7	9	0.9982	0.4627	0.5885
7	10	0.8998	0.6267	0.5545
7	13	0.6496	0.4732	0.4043
7	14	0.5020	0.6263	0.4672
7	15	0.6000	0.4800	0.4776
7	16	0.6999	0.3922	0.5552
8	9	0.9482	0.7209	0.6109
8	10	0.5002	0.4885	0.4578
9	10	0.9497	0.5915	0.5102
9	11	0.7502	0.5783	0.4245
9	12	0.8001	0.5141	0.4406
9	13	0.9997	0.5628	0.5207
9	14	0.7506	0.5855	0.4822
9	15	0.8992	0.5595	0.4952
9	16	0.5017	0.2958	0.4252
10	11	0.6499	0.5836	0.5849
10	12	0.9493	0.6666	0.4982
10	13	0.9494	0.5054	0.4887
10	14	0.9485	0.5897	0.5504
10	15	0.8501	0.5995	0.5104
10	16	0.7500	0.4452	0.4167
11	12	0.9987	0.5738	0.4597
11	13	0.9490	0.4922	0.4575
11	14	0.9494	0.6118	0.6310
11	15	0.9996	0.5321	0.5114
11	16	0.8503	0.5820	0.5376
11	17	0.6008	0.5701	0.6166
12	13	0.9497	0.5787	0.4136
12	14	0.9992	0.5973	0.5367
12	15	0.9487	0.5692	0.6191
12	16	0.7999	0.5568	0.4202
13	14	0.9994	0.4903	0.5005
13	15	0.9978	0.4570	0.5435
13	16	0.8000	0.4447	0.4634
14	15	0.9988	0.5796	0.6172
14	16	0.9994	0.4913	0.5257
14	17	0.6008	0.4779	0.5975
15	16	0.9997	0.6574	0.4905
15	17	0.8499	0.5008	0.5475
16	17	0.7499	0.5532	0.4696
