0	1	0.9496	0.5898	0.4396
0	2	0.9998	0.5490	0.5047
0	3	0.9997	0.5680	0.4917
0	5	0.9499	0.5291	0.4098
1	2	1.0000	0.5140	0.4741
1	3	0.9994	0.6124	0.5053
1	4	0.7474	0.4185	0.3899
1	5	0.9996	0.5517	0.3788
2	3	0.9997	0.5450	0.4691
2	4	0.9993	0.5483	0.5081
2	5	0.9996	0.5497	0.5035
3	4	0.9994	0.7632	0.4968
3	5	0.9988	0.4911	0.4585
4	5	0.9996	0.5651	0.4560
5	6	0.9975	0.8586	0.6684
5	7	0.6986	0.4347	0.4342
6	7	0.8995	0.7166	0.4815
6	10	0.5501	0.5548	0.2911
6	13	0.5791	0.6178	0.4944
7	8	0.9002	0.5732	0.4729
7	9	0.8497	0.5162	0.5969
7	10	0.7997	0.5438	0.4875
8	9	0.7997	0.3541	0.3986
8	10	0.9494	0.5333	0.5716
8	11	0.7507	0.3134	0.4314
9	10	0.9991	0.5223	0.5762
9	11	0.6003	0.5126	0.4562
9	12	0.6517	0.5794	0.5630
9	13	0.9995	0.6267	0.4850
10	11	0.9993	0.7645	0.6044
10	12	0.6003	0.5729	0.6590
10	13	0.9498	0.5821	0.4352
11	12	0.8503	0.6319	0.6185
11	13	0.9993	0.6242	0.5801
12	13	0.9988	0.8521	0.5239
12	14	0.7004	0.5876	0.5507
13	14	0.7499	0.5152	0.5237
13	15	0.6999	0.4934	0.9157
13	16	0.5505	0.5516	0.3986
13	17	0.8988	0.5507	0.5760
13	18	0.6005	0.6844	0.5387
13	22	0.6499	0.4651	0.6448
14	15	0.8490	0.7726	0.4703
14	16	0.5012	0.6226	0.2806
15	16	0.6008	0.6706	0.3017
15	17	0.7500	0.7084	0.3252
16	17	0.8495	0.4628	0.5260
16	18	0.9488	0.5339	0.5244
16	19	0.7991	0.5092	0.6719
16	20	0.6010	0.4001	0.5145
16	21	0.8502	0.4706	0.4038
16	22	0.9000	0.6778	0.5483
16	23	0.7676	0.4217	0.4419
17	18	0.9987	0.5229	0.5799
17	19	0.9995	0.5901	0.7010
17	20	0.9981	0.3766	0.6385
17	21	0.9991	0.5314	0.5219
17	22	0.9497	0.4909	0.6928
17	23	0.9999	0.5539	0.5392
18	19	0.9985	0.5629	0.7317
18	20	0.9998	0.6621	0.4843
18	21	0.9990	0.5190	0.5334
18	22	0.9992	0.5070	0.6312
18	23	0.9996	0.5772	0.5494
19	20	0.9990	0.9790	0.5360
19	21	0.9992	0.6771	0.6047
19	22	0.9992	0.7378	0.6993
19	23	1.0000	0.6748	0.5147
19	24	0.5003	0.7737	0.5812
20	21	0.9494	0.6343	0.2940
20	22	0.8067	0.5135	0.7887
20	23	0.9492	0.6453	0.3765
21	22	0.9991	0.5561	0.5376
21	23	0.9991	0.4429	0.4586
22	23	0.9999	0.7503	0.4098
23	24	0.8483	0.8938	0.3289
23	25	0.9997	0.7448	0.5800
23	26	0.7500	0.5923	0.5789
23	27	0.5522	0.5331	0.5450
24	25	0.8994	0.7427	0.5433
24	26	0.7014	0.6462	0.4740
25	26	0.9990	0.5437	0.3164
25	27	0.7496	0.5441	0.5286
25	29	0.5999	0.4781	0.4662
25	30	0.5008	0.5526	0.3614
26	27	0.7503	0.5023	0.4227
27	28	0.7994	0.6141	0.5046
27	29	0.8564	0.4381	0.4708
27	30	0.5008	0.3149	0.3645
27	31	0.7001	0.5721	0.5219
28	29	0.9992	0.4278	0.2318
28	31	0.7502	0.5658	0.2831
28	32	0.8992	0.7341	0.4185
28	36	0.5007	0.5121	0.4558
29	30	0.9992	0.5532	0.4193
29	31	0.8498	0.5354	0.4938
29	32	0.9495	0.5896	0.4648
29	33	0.6004	0.4175	0.2920
29	34	0.9984	0.4638	0.6992
29	35	0.5503	0.5726	0.4075
29	36	0.5514	0.3838	0.3213
30	31	0.7506	0.4793	0.4596
30	32	0.9492	0.7027	0.6091
30	33	0.5013	0.5316	0.4575
30	34	0.8492	0.4993	0.6187
31	32	0.9994	0.5995	0.4720
31	34	0.7988	0.6396	0.5059
31	35	0.5003	0.5825	0.5636
31	36	0.7006	0.5439	0.4222
31	37	0.7496	0.4650	0.3884
32	33	0.7489	0.7804	0.6137
32	34	0.8993	0.6238	0.4422
32	35	0.6500	0.4711	0.4570
32	36	0.6992	0.2859	0.4306
32	37	0.5500	0.3550	0.5658
33	34	0.9994	0.6028	0.1999
34	35	0.9001	0.7253	0.3286
34	36	0.8499	0.5562	0.3249
34	37	0.7008	0.5746	0.3673
35	36	0.7003	0.5616	0.4690
35	37	0.8502	0.5455	0.6205
35	38	0.7017	0.4754	0.4936
36	37	0.9996	0.5656	0.5095
36	38	0.8499	0.4773	0.4879
37	38	1.0000	0.5763	0.5099
37	39	0.9994	0.5558	0.5028
37	40	0.5511	0.5431	0.3575
38	39	0.9004	0.7245	0.3266
38	40	0.6004	0.6645	0.4930
39	40	0.8999	0.5986	0.4516
39	42	0.7502	0.4403	0.4915
40	41	0.9995	0.6953	0.5571
40	42	0.8998	0.4800	0.4202
40	43	0.9495	0.5422	0.5527
41	42	0.8000	0.5831	0.3517
41	43	0.8975	0.8933	0.6000
42	43	0.9465	0.4533	0.3204
43	45	0.7989	0.6664	0.7601
43	46	0.6500	0.7409	0.2517
43	47	0.7977	0.6783	0.4905
43	48	0.7184	0.5901	0.3567
43	49	0.7234	0.6370	0.6701
44	45	0.5489	0.6753	0.2625
45	46	0.8483	0.7178	0.5612
45	47	0.6000	0.6003	0.2895
46	47	0.8975	0.8678	0.7301
47	48	0.5496	0.3868	0.5314
48	49	0.7492	0.4914	0.5363
48	50	0.5502	0.4599	0.3273
49	50	0.7922	0.4477	0.2417
49	51	0.6001	0.7725	0.5674
50	51	0.9996	0.6066	0.5109
