0	1	0.9996	0.7752	0.4212
0	2	0.8504	0.6429	0.4636
0	5	0.7502	0.5103	0.6290
0	6	0.8496	0.6572	0.2758
0	11	0.7001	0.7050	0.5439
0	23	0.6500	0.5532	0.4679
1	2	0.9998	0.8561	0.2598
1	5	0.9005	0.8027	0.6570
1	6	0.8989	0.3890	0.6042
1	11	0.8993	0.5985	0.4253
1	21	0.8986	0.4142	0.5404
1	23	0.8486	0.5687	0.6462
2	3	0.9997	0.7485	0.4313
2	4	0.6310	0.7533	0.5858
2	5	0.8501	0.4822	0.5368
2	6	0.9994	0.2644	0.4717
2	7	0.5009	0.3420	0.3455
2	11	0.7003	0.2283	0.5836
3	4	0.6003	0.6147	0.4008
3	5	0.9999	0.5645	0.4525
4	5	0.5493	0.8781	0.1491
5	6	0.9489	0.8849	0.4376
5	7	0.7502	0.5901	0.6219
5	8	0.5473	0.4480	0.3143
5	9	0.9999	0.7971	0.6504
5	11	0.7496	0.7001	0.4715
6	7	0.9002	0.6596	0.3521
6	9	0.7503	0.7080	0.4292
6	11	0.7504	0.7580	0.2472
7	8	0.9998	0.5064	0.5648
7	9	0.9987	0.4752	0.4842
7	10	0.9500	0.4602	0.4621
7	11	0.9985	0.4903	0.4959
7	13	0.9499	0.5791	0.3799
7	14	0.5504	0.6110	0.3614
7	18	0.8983	0.4979	0.5818
7	21	0.9486	0.4423	0.6090
8	9	0.9996	0.5695	0.5290
8	10	0.7997	0.7449	0.4475
8	11	0.9491	0.4720	0.5294
8	13	0.9988	0.4659	0.5105
8	18	0.7498	0.4947	0.6171
8	21	0.8497	0.4268	0.7614
9	10	0.9973	0.9379	0.4682
9	11	0.8490	0.5014	0.4942
9	21	0.5500	0.2624	0.5362
10	11	0.8990	0.5234	0.4038
11	19	0.5011	0.4863	0.3362
11	21	0.9982	0.4074	0.6521
12	13	0.9998	0.5424	0.4360
12	14	0.5519	0.1798	0.5706
12	16	0.9497	0.6411	0.6316
12	17	0.9488	0.5514	0.7551
12	18	0.9477	0.4420	0.7661
12	20	0.6000	0.5291	0.3281
12	21	0.9491	0.3417	0.5822
13	14	0.8502	0.7308	0.5064
13	16	0.9500	0.7977	0.5738
13	17	0.9987	0.5887	0.6120
13	18	0.7493	0.4068	0.5219
13	20	0.5506	0.7375	0.4996
13	21	0.5008	0.5480	0.5109
14	15	0.9501	0.9105	0.4847
14	16	0.7504	0.4846	0.5399
14	18	0.6002	0.3951	0.5593
14	20	0.5719	0.3856	0.4581
15	16	0.9994	0.4982	0.3642
15	20	0.5997	0.4291	0.3298
16	17	0.9984	0.7919	0.3051
16	18	0.8504	0.6634	0.6386
16	19	0.7501	0.4008	0.8081
16	20	1.0000	0.5864	0.5462
16	21	0.6510	0.6621	0.4339
17	18	0.8494	0.5946	0.4937
17	20	0.5507	0.5151	0.5123
17	21	0.5006	0.4790	0.2753
18	19	0.6001	0.9407	0.4802
18	20	1.0000	0.6556	0.5680
18	21	0.9990	0.5437	0.5370
18	22	0.5713	0.8045	0.4161
18	23	0.9995	0.6049	0.4786
19	20	0.6010	0.5466	0.2786
19	21	0.9500	0.1813	0.9777
19	22	0.6014	0.5615	0.5552
20	21	0.9997	0.6485	0.2605
20	22	0.9999	0.5002	0.7370
20	23	0.8492	0.5483	0.2490
21	22	0.9998	0.7412	0.6597
21	23	0.9998	0.6351	0.4518
22	23	0.9996	0.7478	0.3495
24	25	0.6501	0.6552	0.6814
24	26	0.6009	0.5638	0.4669
24	27	0.9002	0.5459	0.5968
24	28	0.5505	0.5604	0.7243
24	29	0.8001	0.6245	0.4615
25	26	0.8995	0.7829	0.5350
25	27	0.9990	0.8445	0.6781
25	28	0.9970	0.6994	0.7488
25	29	0.9966	0.8244	0.4828
25	30	0.8989	0.6974	0.4884
26	27	0.9504	0.6800	0.4299
26	28	0.6505	0.5914	0.4789
26	29	0.6479	0.4630	0.4054
26	30	0.7999	0.5273	0.4511
27	28	0.9996	0.8615	0.6371
27	29	0.9997	0.4456	0.5213
27	30	0.9997	0.4701	0.5527
28	29	0.9991	0.8824	0.3169
28	30	0.6500	0.7194	0.5914
29	30	0.9998	0.6169	0.3766
