0	1	0.9964	0.7967	0.4473
0	2	0.9994	0.4088	0.4331
0	3	0.6501	0.8267	0.7964
0	4	0.9989	0.3462	0.5509
0	5	0.9996	0.7642	0.8644
0	6	0.9998	0.5163	0.5136
0	7	0.9992	0.9732	0.3654
0	8	0.9490	0.8477	0.4722
0	12	0.6504	0.4119	0.3784
1	2	1.0000	0.6832	0.2320
1	4	0.9488	0.8441	0.1269
1	6	0.9999	0.6022	0.7147
1	10	0.5004	0.2330	0.8497
1	12	1.0000	0.1112	0.9608
2	3	0.9978	0.8366	0.6158
2	4	1.0000	0.4885	0.5192
2	5	0.9982	0.9430	0.6526
2	6	0.7007	0.1681	0.2711
2	7	0.5505	0.7882	0.2687
3	4	0.9997	0.8520	0.3386
4	5	0.9989	0.8035	0.8551
5	6	0.9986	0.9825	0.6853
5	7	0.9976	0.2785	0.6292
6	7	0.9986	0.9559	0.5497
6	8	0.9995	0.8160	0.2979
6	9	0.8494	0.7350	0.4061
6	10	1.0000	0.5835	0.3513
6	12	0.9999	0.7280	0.4129
7	8	0.9969	0.3816	0.3269
7	9	0.9500	0.8045	0.3217
8	9	0.9481	0.5040	0.0550
8	11	0.7993	0.5157	0.2684
8	12	0.7509	0.1030	0.6265
9	10	0.9998	0.6604	0.3767
9	11	0.9004	0.4659	0.6437
9	12	0.9993	0.7146	0.2481
9	25	1.0000	0.4889	0.9673
9	26	0.9501	0.6550	0.8237
10	11	1.0000	0.5269	0.4968
10	12	0.9996	0.4827	0.4254
10	18	0.8993	0.8363	0.5139
10	25	0.7015	0.3075	0.9692
10	26	0.5010	0.2494	0.6886
11	12	1.0000	0.5449	0.5316
11	13	0.6492	0.2372	0.4302
11	25	0.8005	0.1779	0.8861
11	26	0.6589	0.3163	0.5626
12	13	0.9976	0.9998	0.0641
12	14	0.8003	0.7407	0.6660
12	15	0.9998	0.5900	0.3908
12	18	0.9994	0.7263	0.6156
13	14	0.9983	0.2601	0.1790
13	15	0.7999	0.2957	0.9649
13	16	0.8989	0.5687	0.5966
13	17	0.5011	0.5687	0.6067
13	18	0.5007	0.3349	0.1335
14	15	0.5006	0.4800	0.4058
14	16	0.7997	0.0223	0.5559
14	18	0.6500	0.7787	0.3461
15	16	0.9978	0.9989	0.7612
15	17	0.9990	0.5800	0.5654
15	18	0.9999	0.8250	0.5945
15	19	0.5255	0.5151	0.4239
15	20	0.7999	0.8829	0.1865
15	21	1.0000	0.6722	0.4301
15	25	0.9997	0.4983	0.8554
15	26	0.6496	0.4075	0.6617
16	17	0.9980	0.9824	0.5763
16	18	0.9951	0.9931	0.1113
16	19	0.8000	0.7250	0.9930
16	20	0.9985	0.8201	0.8783
17	18	1.0000	0.9102	0.3925
17	19	0.9999	0.6575	0.5978
17	20	0.9996	0.5839	0.4344
17	21	0.9999	0.5856	0.5050
17	25	0.9997	0.5664	0.5428
18	19	0.9999	0.6695	0.5445
18	20	0.6005	0.1679	0.2531
18	21	0.9496	0.3981	0.5394
18	25	0.8499	0.7036	0.9076
18	26	0.6505	0.9309	0.5558
19	20	0.9995	0.7889	0.4693
19	21	0.9999	0.6342	0.5360
19	25	0.9993	0.1710	0.7280
20	21	0.9996	0.4170	0.3038
22	23	1.0000	0.5782	0.4332
22	24	1.0000	0.4732	0.6827
22	25	0.9991	0.4675	0.2340
22	26	0.5524	0.5783	0.5023
23	24	1.0000	0.4900	0.5327
23	25	0.9991	0.4657	0.2908
23	26	0.8998	0.7128	0.7990
24	25	0.9993	0.6745	0.3450
25	26	0.9998	0.9158	0.3677
