0	1	0.9997	0.5307	0.5320
0	2	0.5984	0.2923	0.5943
0	3	0.8486	0.6252	0.5388
0	4	0.9992	0.5512	0.5512
0	5	0.9998	0.5870	0.4979
0	6	0.9994	0.5750	0.3433
0	8	0.9467	0.1073	0.7051
0	10	0.9980	0.1991	0.4060
0	30	0.5491	0.2008	0.4916
1	2	0.9957	0.9486	0.6703
1	3	0.5012	0.7062	0.3217
1	4	0.9482	0.7086	0.7689
1	5	1.0000	0.6159	0.5253
1	7	0.8993	0.8290	0.4452
1	8	0.9986	0.6590	0.6521
1	10	0.7513	0.6025	0.4874
1	30	0.7489	0.4405	0.6114
3	5	0.9997	0.6736	0.3124
3	8	0.9491	0.2685	0.2324
3	10	0.9988	0.1332	0.6218
4	5	0.9985	0.4863	0.5235
4	6	0.9997	0.5632	0.4557
4	10	0.8986	0.0689	0.3447
5	6	0.9995	0.4417	0.4733
5	8	0.7999	0.4945	0.3482
5	10	0.9985	0.4687	0.6746
6	7	0.9988	0.9573	0.4260
6	8	0.9997	0.2224	0.3410
6	10	0.9993	0.4341	0.5150
6	17	0.7982	0.8932	0.4487
6	30	0.9999	0.7361	0.5250
7	8	0.9991	0.8977	0.0503
7	9	0.6668	0.7085	0.1639
7	10	0.9999	0.5100	0.2004
7	13	0.9998	0.9986	0.9753
7	17	0.7972	0.9213	0.2817
7	30	0.9997	0.7460	0.8026
8	9	0.9977	0.7798	0.3735
8	10	1.0000	0.5732	0.6016
8	30	0.9994	0.8715	0.9808
9	10	0.9999	0.0453	0.3606
9	30	0.9979	0.2804	0.7183
10	16	0.9997	0.9997	0.5043
10	30	0.9006	0.0532	0.8008
11	12	0.9993	0.9541	0.5659
11	13	0.9491	0.0736	0.1788
11	14	0.7498	0.4940	0.8989
11	15	0.9999	0.9212	0.8179
11	16	1.0000	0.0155	0.0741
11	19	0.9984	0.8180	0.9286
12	13	0.9988	0.6742	0.2277
12	15	0.9987	0.3195	0.3662
12	16	0.6525	0.0744	0.0035
12	19	0.9980	0.6611	0.8579
13	14	0.9985	0.9285	0.2718
13	15	0.9994	0.2604	0.8540
13	16	0.9999	0.4688	0.2399
13	19	1.0000	0.5272	0.6467
13	24	1.0000	0.3369	0.6578
13	26	0.9496	0.4675	0.4231
13	27	0.9993	0.3991	0.3790
13	28	0.9998	0.3535	0.9790
13	29	0.8006	0.8072	0.8128
14	15	0.6005	0.7986	0.8487
14	16	0.9927	0.2284	0.4637
14	19	0.9999	0.0322	0.5370
15	16	0.9973	0.8527	0.0125
16	19	0.9996	0.0008	0.8285
18	19	0.9983	0.4769	0.0572
18	20	0.9998	0.7420	0.2102
18	22	0.6545	0.8890	0.4286
19	20	1.0000	0.3588	0.8397
19	23	0.9993	0.9976	0.9270
19	24	1.0000	0.5203	0.7973
19	25	0.9999	0.2650	0.9111
19	26	0.8492	0.5156	0.1882
19	27	0.9977	0.5609	0.1441
19	28	1.0000	0.4962	0.9840
19	29	0.5251	0.0907	0.4221
20	21	1.0000	0.5730	0.7056
20	22	1.0000	0.2855	0.6094
20	23	0.9994	0.9947	0.0925
20	24	1.0000	0.9102	0.9191
21	22	1.0000	0.7922	0.9382
23	24	0.9999	0.0065	0.6674
24	25	0.9988	0.9555	0.7772
24	26	0.9999	0.7621	0.3115
24	27	0.5010	0.1539	0.3067
26	27	1.0000	0.8997	0.6595
26	28	0.9993	0.6750	0.3342
26	29	0.9992	0.7618	0.8552
27	28	0.9996	0.6938	0.6190
27	29	0.5007	0.6486	0.7552
28	29	0.8989	0.8363	0.8859
