0	1	0.7991	0.8320	0.3005
0	3	0.9983	0.7555	0.5698
1	2	0.9988	0.5778	0.1611
1	3	1.0000	0.4822	0.5959
1	7	0.9490	0.7369	0.0323
1	11	0.9998	0.8600	0.1458
1	15	0.9989	0.4571	0.2579
2	3	0.9976	0.8621	0.0327
2	7	0.9485	0.2303	0.4515
2	8	0.9954	0.2978	0.0014
2	9	0.9505	0.1245	0.9157
2	11	0.9999	0.4794	0.6407
2	12	0.9989	0.9767	0.1392
2	13	0.9996	0.4322	0.4224
2	14	0.9995	0.1583	0.7029
2	15	1.0000	0.5133	0.4376
3	4	0.9966	0.3949	0.0570
3	5	0.6513	0.0648	0.5535
3	6	0.8992	0.9395	0.6037
3	7	0.9994	0.4859	0.3027
3	11	1.0000	0.2618	0.7696
3	15	0.9997	0.0919	0.5613
4	5	0.9995	0.8103	0.5466
4	6	0.9688	0.1871	0.3873
4	7	0.9990	0.4576	0.4973
4	8	0.9977	0.9973	0.2057
4	9	0.9997	0.9143	0.6078
4	10	0.6500	0.2201	0.3471
4	11	0.9994	0.3327	0.5781
5	6	0.9979	0.9823	0.0161
5	7	1.0000	0.5036	0.8407
5	9	0.9997	0.6015	0.5529
5	10	0.7981	0.7795	0.1585
5	11	1.0000	0.1984	0.9216
6	7	0.9970	0.5924	0.0199
6	9	0.8009	0.2539	0.9549
6	10	0.6499	0.6085	0.4354
6	11	0.8993	0.6491	0.0306
7	8	0.9979	0.9993	0.0254
7	9	0.9985	0.7183	0.7418
7	10	0.9991	0.1796	0.4926
7	11	0.9998	0.5021	0.4464
8	9	0.9933	0.4337	0.1514
8	11	1.0000	0.0030	0.9331
8	14	0.9997	0.0281	0.3890
9	10	0.9973	0.9289	0.5427
9	11	1.0000	0.9321	0.1894
9	14	1.0000	0.4976	0.8382
11	13	0.9000	0.8555	0.6062
11	14	0.9996	0.5542	0.8351
11	15	0.7503	0.7145	0.2960
12	13	0.9998	0.7490	0.5290
12	14	0.9980	0.4096	0.2590
12	15	1.0000	0.1600	0.9405
12	17	0.5006	0.6990	0.2861
13	14	0.9996	0.8305	0.3392
13	15	1.0000	0.4689	0.7982
14	15	0.9977	0.5758	0.1477
16	17	0.9973	0.9144	0.0205
16	18	0.9992	0.7273	1.0000
16	19	0.9996	0.7441	0.4752
16	20	0.9980	0.9706	0.0325
17	18	0.9999	0.6982	0.5636
17	19	0.9998	0.0783	0.2604
17	21	0.9975	0.9107	0.4786
18	19	0.9998	0.9996	0.0315
18	20	0.9989	0.9819	0.8903
18	21	1.0000	0.5056	0.5444
18	22	0.9486	0.9919	0.5798
18	23	0.8986	0.6927	0.5551
19	20	0.9975	0.5133	0.1577
19	21	0.6507	0.1032	0.9506
19	23	0.5506	0.1300	0.2002
20	21	0.9978	0.9531	0.5529
20	22	0.9501	0.7681	0.7781
20	23	0.9978	0.8710	0.1544
21	22	0.9994	0.9010	0.5496
21	23	0.9996	0.5177	0.4591
22	23	0.9991	0.5736	0.4238
