0	1	1.0000	0.6216	0.6125
0	2	0.9999	0.6796	0.5164
0	3	0.7002	0.6301	0.4643
0	4	0.9497	0.4645	0.6551
1	2	0.9999	0.6676	0.5485
1	3	1.0000	0.8202	0.5129
1	4	0.8002	0.6150	0.6401
2	3	0.9999	0.7127	0.4196
2	4	0.8502	0.5176	0.6784
2	5	0.5009	0.5437	0.3512
3	4	0.9999	0.6586	0.6215
3	5	0.9994	0.2892	0.6584
4	5	0.9998	0.9613	0.5464
4	6	0.8509	0.4657	0.6188
5	6	1.0000	0.8750	0.2834
5	7	0.9505	0.6755	0.8822
6	7	1.0000	0.6991	0.3302
6	8	0.9995	0.2702	0.7399
6	10	0.9498	0.7951	0.1228
7	8	0.9999	0.9591	0.5065
7	9	0.9993	0.5080	0.6232
7	10	0.9997	0.6507	0.4844
8	9	0.9500	0.7866	0.1556
8	10	0.9500	0.4911	0.8999
9	10	0.9999	0.7059	0.3133
9	11	0.9998	0.1385	0.8221
9	13	0.7499	0.6517	0.2663
10	11	0.9999	0.9712	0.5311
10	12	0.9984	0.4108	0.7497
10	13	0.9998	0.6540	0.5039
11	12	0.9994	0.9444	0.0916
11	13	1.0000	0.5611	0.9635
11	14	0.8998	0.5411	0.4692
12	13	1.0000	0.7570	0.3900
12	14	0.9987	0.1528	0.5982
12	15	0.9996	0.6078	0.3277
13	14	0.9999	0.9815	0.3299
13	15	0.9996	0.7687	0.5385
14	15	0.9996	0.5587	0.3507
14	16	0.9991	0.4293	0.2629
14	18	0.5504	0.5629	0.7690
15	16	0.9992	0.7210	0.5338
15	17	0.8999	0.7740	0.5014
15	18	0.8996	0.5839	0.4055
16	17	0.9994	0.7410	0.4328
16	18	0.9991	0.4325	0.6049
17	18	0.9999	0.7834	0.4564
17	19	0.9499	0.1837	0.7548
17	20	0.9498	0.6061	0.4248
17	21	0.8508	0.7352	0.3404
18	19	0.9993	0.9842	0.3112
18	20	0.9497	0.5899	0.5427
18	21	0.9996	0.6195	0.4646
19	20	0.9985	0.7454	0.0788
19	21	0.9998	0.5336	0.9851
19	22	0.9502	0.7028	0.6796
20	21	0.9999	0.6271	0.4633
20	22	0.9496	0.1228	0.5755
21	22	0.9982	0.9889	0.5161
21	23	0.9002	0.9288	0.3301
21	24	0.5509	0.7405	0.3938
22	23	0.6500	0.3664	0.4148
23	24	1.0000	0.6200	0.6154
23	25	0.8999	0.5651	0.4611
23	27	0.9999	0.5062	0.6396
24	25	1.0000	0.8187	0.3766
24	27	0.9996	0.5364	0.5463
25	26	0.9499	0.7452	0.2893
25	27	0.9501	0.3874	0.5951
26	27	0.9995	0.8059	0.0893
27	28	0.9991	0.9036	0.4212
27	29	0.9998	0.6277	0.3943
27	30	0.5509	0.7852	0.3141
28	29	0.9500	0.7562	0.7537
29	30	0.9997	0.8146	0.5997
29	31	0.5012	0.5620	0.6084
30	31	0.9999	0.8202	0.3683
30	32	0.9993	0.5723	0.2040
30	34	0.6508	0.7320	0.3984
31	32	0.9993	0.5860	0.2911
31	34	0.8504	0.3712	0.6100
32	33	0.8998	0.6810	0.3381
32	34	0.9500	0.4616	0.7931
33	34	0.9988	0.8140	0.6948
33	35	0.9986	0.5180	0.5038
33	37	0.9997	0.5400	0.4041
33	40	0.9481	0.3525	0.4219
34	35	0.9496	0.4626	0.5701
34	36	0.9994	0.3821	0.5255
34	37	0.8502	0.4953	0.7438
34	38	0.5510	0.3622	0.5536
35	36	0.9497	0.7199	0.4048
35	37	0.9993	0.5381	0.4647
35	38	0.7507	0.5853	0.3593
35	40	0.9985	0.4553	0.4379
36	37	1.0000	0.2924	0.8484
36	38	0.7995	0.3015	0.5720
36	39	0.9497	0.4864	0.2961
36	40	0.9999	0.2633	0.7949
36	42	0.6648	0.4703	0.1516
37	38	0.9977	0.9364	0.2702
37	39	0.9485	0.6080	0.7069
37	40	0.9981	0.4275	0.4476
38	39	0.9995	0.8475	0.1092
38	40	0.9999	0.2735	0.9388
38	42	0.9472	0.6211	0.0321
39	40	0.9997	0.7506	0.5580
39	41	0.9993	0.1436	0.8706
39	42	0.9999	0.4077	0.6472
39	43	0.9498	0.5765	0.2173
39	44	0.5596	0.6139	0.4069
40	41	0.8496	0.9567	0.1988
40	42	0.5509	0.6105	0.5247
40	43	0.9497	0.5100	0.5869
40	44	0.6510	0.4280	0.3846
41	42	0.9982	0.8520	0.0638
42	43	0.9991	0.6359	0.6637
42	44	0.8501	0.5905	0.3787
43	44	0.7003	0.7306	0.2708
