0	1	0.8501	0.8446	0.4473
0	2	0.8502	0.5995	0.3242
0	3	0.9489	0.6018	0.2815
0	8	0.8994	0.5236	0.6846
0	10	0.5506	0.3336	0.2720
1	2	0.5003	0.4395	0.2388
2	3	0.5503	0.6080	0.5971
3	5	0.7252	0.3280	0.5382
3	8	0.5519	0.4464	0.7819
3	9	0.7501	0.3643	0.4971
4	5	0.9971	0.5217	0.2712
4	9	0.7270	0.4659	0.1848
5	6	0.9965	0.9670	0.3955
5	7	0.5009	0.7555	0.2617
5	8	0.9993	0.5082	0.7590
5	9	0.8497	0.4647	0.4775
5	10	0.8494	0.4084	0.4450
5	11	0.9993	0.5617	0.3720
5	12	0.9498	0.8443	0.4861
5	17	0.7500	0.9454	0.3629
5	20	0.8991	0.7419	0.8133
5	21	0.9493	0.5199	0.3092
6	7	0.7501	0.4173	0.2552
6	8	0.9470	0.7026	0.1540
6	9	0.7505	0.3481	0.5954
6	17	0.7994	0.5030	0.0704
7	8	1.0000	0.6250	0.3716
7	9	0.9996	0.6211	0.4077
7	10	0.9993	0.5564	0.4102
7	17	0.5004	0.3825	0.1829
8	9	1.0000	0.7823	0.3572
8	10	1.0000	0.7438	0.6453
8	11	0.9996	0.9214	0.6354
9	10	0.9996	0.6033	0.5392
9	11	0.9991	0.5985	0.4906
9	12	0.7506	0.7493	0.5133
10	11	0.9990	0.4742	0.4305
11	12	0.9997	0.7929	0.5844
11	13	0.9999	0.5587	0.4136
12	13	0.9999	0.6569	0.4444
13	14	0.9493	0.7758	0.7440
13	15	0.5506	0.4660	0.1704
13	19	0.6993	0.8525	0.4927
13	20	0.9982	0.4702	0.4277
13	21	0.9492	0.2898	0.5355
13	23	0.8501	0.1851	0.2794
14	15	0.9498	0.6952	0.5181
14	16	0.9990	0.4635	0.7717
14	18	0.9982	0.6231	0.6971
14	19	0.8004	0.4235	0.5412
14	20	0.9995	0.7834	0.2849
15	16	0.9999	0.7276	0.5590
15	17	0.9991	0.5309	0.3878
15	18	0.9976	0.4241	0.5517
15	19	0.9996	0.5504	0.7366
15	20	0.9992	0.3613	0.5017
15	21	0.8001	0.1269	0.3549
15	23	0.9988	0.0773	0.3292
16	17	0.9996	0.7726	0.3430
16	18	0.9990	0.7920	0.6464
16	19	0.8989	0.9722	0.6353
16	20	0.9987	0.5540	0.5957
16	23	0.9989	0.3736	0.3714
17	18	0.8993	0.6165	0.3343
17	19	0.5502	0.6150	0.6909
17	20	0.9989	0.4323	0.5737
17	21	0.9495	0.4680	0.1193
17	23	1.0000	0.6245	0.4570
18	19	0.6503	0.7563	0.2649
18	20	0.6992	0.4719	0.4485
18	23	0.9496	0.3212	0.4492
19	20	0.9991	0.7963	0.2595
19	21	0.9995	0.7150	0.8161
19	22	0.8496	0.7329	0.2341
19	23	0.5505	0.5871	0.3367
20	21	0.9998	0.5661	0.4741
20	22	0.7000	0.5736	0.4355
20	23	0.9976	0.3854	0.1563
21	22	0.9985	0.4173	0.5562
