0	1	0.6494	0.4165	0.4342
0	2	0.8006	0.6661	0.6442
0	10	0.7503	0.3654	0.3491
0	20	0.7503	0.5654	0.5096
0	21	0.9999	0.4890	0.7317
1	2	0.9999	0.6579	0.3974
1	3	0.9999	0.6944	0.4237
1	4	0.6501	0.4438	0.4337
1	5	0.7503	0.6590	0.4346
1	7	0.5504	0.6024	0.4289
1	10	0.8499	0.5427	0.5847
1	20	0.9000	0.4347	0.4292
1	21	0.9994	0.5913	0.4523
2	3	0.9998	0.5912	0.5159
2	4	0.9993	0.6685	0.6594
2	5	0.9998	0.6454	0.5196
2	6	0.9489	0.8494	0.6293
2	7	0.8998	0.8166	0.6583
2	8	0.9979	0.8126	0.6427
2	10	0.9993	0.7614	0.6350
2	20	0.7500	0.3102	0.5917
2	21	0.9985	0.4500	0.3840
3	4	0.8483	0.5083	0.4950
3	5	0.9991	0.5828	0.5746
3	6	0.9996	0.7112	0.6014
3	7	0.9499	0.6802	0.5362
3	8	0.8999	0.6476	0.5002
3	10	0.7999	0.5269	0.5242
4	5	0.9995	0.4979	0.5133
4	6	0.9502	0.6252	0.5822
4	7	0.9987	0.5432	0.6631
4	8	0.9496	0.6057	0.5722
4	10	0.7507	0.5094	0.5720
5	6	0.9993	0.5290	0.5917
5	7	0.9992	0.5581	0.6289
5	8	0.9996	0.5756	0.5160
5	10	0.9001	0.6061	0.5497
6	7	0.9982	0.6071	0.6704
6	8	0.9999	0.5829	0.4332
6	9	0.5008	0.5224	0.3943
6	10	0.7458	0.5232	0.4787
7	8	0.9997	0.6866	0.4409
7	10	0.5503	0.4765	0.4268
8	9	0.6013	0.4370	0.5369
8	11	0.5505	0.4720	0.6374
8	12	0.6500	0.4886	0.3868
9	10	0.5505	0.4516	0.3783
9	11	0.7507	0.6105	0.5399
9	12	0.7004	0.4803	0.5231
9	13	0.8993	0.5333	0.4937
10	11	0.9996	0.5252	0.5750
10	12	0.9979	0.3830	0.5027
10	16	0.5486	0.3671	0.4664
10	17	0.5999	0.4325	0.3466
10	20	0.6500	0.4113	0.4317
11	12	0.9997	0.6065	0.5421
11	13	0.9995	0.5689	0.3605
11	15	0.8000	0.5686	0.4659
11	16	0.7474	0.4430	0.3211
11	17	0.7990	0.4624	0.5701
11	20	0.7002	0.4082	0.3274
12	13	0.9985	0.5797	0.4724
12	14	0.9994	0.5705	0.6208
12	15	0.8000	0.4568	0.4362
12	16	0.8003	0.5133	0.4819
12	17	0.8498	0.4951	0.4147
12	18	0.7498	0.4761	0.4467
12	19	0.5016	0.2149	0.3324
13	14	0.9978	0.8845	0.6556
13	15	0.8499	0.4261	0.3890
13	16	0.6994	0.5738	0.4111
13	17	0.9976	0.3677	0.4735
13	18	0.9486	0.5223	0.4993
14	15	0.8999	0.6684	0.2754
15	16	0.8501	0.3927	0.3666
15	17	0.9987	0.4393	0.5548
15	18	0.9490	0.5824	0.7023
15	20	0.7995	0.4376	0.5735
15	21	0.5521	0.5501	0.5187
16	17	0.9987	0.5478	0.5449
16	18	0.9979	0.5441	0.6391
16	19	0.7499	0.7359	0.6183
16	20	0.9992	0.5332	0.5271
16	21	0.8202	0.5463	0.4500
17	18	0.9979	0.4999	0.5941
17	19	0.9986	0.5461	0.7802
17	20	0.9491	0.5367	0.4687
17	21	0.8986	0.4829	0.4803
18	19	0.8493	0.6665	0.6510
18	20	0.7501	0.5241	0.3163
19	20	0.9961	0.9923	0.0931
19	21	0.9487	0.8438	0.7432
20	21	0.9493	0.4724	0.4723
