0	1	0.9984	0.3968	0.2129
0	24	0.9990	0.3716	0.9207
1	2	0.9994	0.4719	0.6211
1	8	0.9983	0.4617	0.4848
1	24	0.9999	0.5203	0.5814
2	3	0.9938	0.9998	0.1114
2	4	0.9022	0.9880	0.6529
2	6	0.9995	0.5434	0.3901
2	7	1.0000	0.5526	0.4032
2	8	1.0000	0.3774	0.3905
2	24	1.0000	0.5373	0.5369
3	4	0.9971	0.2412	0.0722
3	6	0.9932	0.1038	0.9794
3	7	1.0000	0.0261	0.0175
3	11	0.5017	0.0543	0.7117
3	13	0.9471	0.2739	0.3004
3	14	0.7010	0.1608	0.4698
3	15	0.9981	0.5170	0.5311
4	5	0.9492	0.9913	0.3767
4	6	1.0000	0.7439	0.8880
4	7	0.9964	0.7502	0.0094
4	8	0.9999	0.8750	0.9874
4	9	1.0000	0.6685	0.4520
4	11	0.5513	0.0628	0.7852
4	14	0.5517	0.4359	0.5922
4	15	0.9995	0.8214	0.3966
5	6	0.9980	0.8728	0.0094
5	7	0.9999	0.8490	0.8722
5	8	0.9503	0.7790	0.9874
5	9	0.6008	0.2062	0.0079
6	7	0.9996	0.4324	0.4305
6	8	0.9982	0.0197	0.7933
6	24	0.5507	0.4145	0.2614
7	8	0.9969	0.6676	0.5046
7	24	0.9985	0.1332	0.3370
8	9	0.9001	0.9056	0.0590
8	15	0.9977	0.9250	0.5794
9	10	0.9498	0.9091	0.1758
9	11	0.7009	0.7213	0.5151
9	12	0.9991	0.7713	0.3282
9	13	0.5502	0.4617	0.2994
9	14	0.8500	0.4829	0.4336
9	15	0.6669	0.0794	0.1535
10	11	0.9999	0.7354	0.5395
10	13	0.9996	0.8378	0.2665
10	16	0.9000	0.7330	0.3222
10	17	0.9995	0.6181	0.6183
10	20	0.9997	0.5970	0.8110
10	21	0.9999	0.6641	0.3863
10	27	0.9994	0.6065	0.4973
11	12	0.9999	0.4369	0.7314
11	13	0.9988	0.4507	0.2588
11	15	0.6017	0.3475	0.1551
11	21	0.9000	0.2844	0.0641
12	13	0.9963	0.9863	0.2455
12	16	0.9992	0.9914	0.4207
12	17	0.9993	0.9265	0.6406
12	20	0.5506	0.9687	0.5432
12	21	0.9990	0.9688	0.1498
12	22	0.6489	0.9871	0.5053
12	27	0.9995	0.9452	0.5272
13	14	0.9001	0.4466	0.5251
13	20	0.5009	0.2710	0.2707
13	21	0.9476	0.2677	0.1531
13	27	0.6506	0.4432	0.2492
14	15	0.9995	0.6952	0.4248
15	23	0.5007	0.1618	0.5187
16	27	0.9999	0.4145	0.5548
16	28	0.9994	0.1472	0.2581
17	18	0.5500	0.9216	0.2354
17	20	0.9984	0.6972	0.7418
17	21	1.0000	0.5030	0.4940
17	22	0.9999	0.4496	0.3987
17	26	1.0000	0.9627	0.9513
17	27	0.9991	0.3715	0.4131
17	28	0.9981	0.2363	0.3738
18	19	0.9994	0.9483	0.2625
18	20	0.9983	0.6394	0.4652
18	21	0.9972	0.3299	0.1607
18	22	0.9996	0.7796	0.9679
18	23	0.9999	0.8544	0.3469
18	24	0.6509	0.1555	0.5243
18	25	0.9977	0.3822	0.6481
18	26	0.9995	0.8170	0.5041
19	20	0.9969	0.8347	0.0169
19	21	0.8496	0.8414	0.6871
19	22	1.0000	0.3161	0.9330
19	23	0.9991	0.1656	0.3913
19	25	0.9001	0.1091	0.7213
20	21	0.9999	0.4966	0.4914
20	22	0.9999	0.0113	0.3109
20	23	0.5011	0.5005	0.4799
20	24	0.9995	0.9983	0.6717
21	22	1.0000	0.7973	0.3993
21	26	0.8463	0.0754	0.8059
21	27	0.7505	0.4387	0.1658
22	23	0.8667	0.9622	0.0505
22	26	0.9971	0.9519	0.6611
22	27	0.9996	0.3570	0.2257
22	28	1.0000	0.5543	0.9425
23	24	1.0000	0.9180	0.2696
23	25	0.9959	0.5929	0.5058
23	26	0.9973	0.4349	0.0366
24	25	0.9999	0.6669	0.2349
27	28	0.9977	0.3134	0.1752
