0	1	0.9001	0.4948	0.6158
0	2	0.9999	0.4174	0.8461
0	3	0.9986	0.6196	0.6047
0	4	0.8992	0.6383	0.3063
0	15	0.9499	0.7158	0.4762
1	2	0.9999	0.7163	0.5773
1	3	0.9991	0.7234	0.5808
1	4	0.9995	0.6031	0.4205
1	14	0.7999	0.5591	0.5456
1	15	0.9999	0.6081	0.5951
2	3	0.9994	0.5704	0.4871
2	4	0.9995	0.5541	0.4479
2	5	0.6169	0.5792	0.5706
2	6	0.7998	0.6425	0.7736
2	14	0.9991	0.5716	0.7333
2	15	0.9999	0.5358	0.6030
3	4	0.9999	0.6674	0.4553
3	6	0.9492	0.5272	0.7357
3	7	0.7482	0.5349	0.3564
3	14	0.8001	0.5468	0.6341
3	15	0.9999	0.7173	0.5218
4	5	0.9992	0.8278	0.6802
4	6	0.9994	0.4928	0.6848
4	7	0.9991	0.3890	0.4317
4	9	0.9979	0.6073	0.7952
4	10	0.6329	0.3321	0.6337
4	12	0.5002	0.4009	0.4973
4	13	0.6996	0.3054	0.9345
4	14	0.9995	0.5329	0.6355
4	15	0.9999	0.5033	0.4743
5	6	0.9997	0.7887	0.6824
5	7	0.6496	0.9654	0.4216
5	8	0.7504	0.9311	0.3960
5	9	0.9999	0.8018	0.6559
5	10	0.6005	0.7004	0.5048
5	14	0.9998	0.6698	0.4591
5	15	0.9998	0.7013	0.6794
6	7	0.9998	0.6724	0.5422
6	8	0.9997	0.3551	0.9043
6	9	0.9995	0.6623	0.5180
6	10	0.9993	0.5858	0.6697
6	11	0.9490	0.4128	0.6206
6	14	0.9999	0.4944	0.5431
6	15	0.9994	0.7198	0.4091
7	8	0.9986	0.9256	0.9559
7	9	0.9993	0.5333	0.4869
7	10	0.5017	0.6826	0.7241
7	14	0.9485	0.4760	0.4177
8	9	0.9951	0.9701	0.1189
8	10	0.5009	0.7658	0.3785
8	14	0.9480	0.6036	0.1222
9	10	1.0000	0.5406	0.5131
9	11	0.8992	0.4085	0.4411
9	14	0.9991	0.4298	0.4131
9	15	0.9999	0.7626	0.3072
10	11	0.9994	0.5983	0.5239
10	14	1.0000	0.5239	0.3568
10	15	0.9498	0.7342	0.4076
11	14	0.9991	0.5769	0.2622
11	15	0.7505	0.5839	0.3860
14	15	1.0000	0.6301	0.3383
