0	1	0.9996	0.9471	0.2556
0	6	0.8502	0.2909	0.8882
0	7	0.6999	0.7728	0.2382
0	16	0.9989	0.9905	0.0968
0	17	0.9992	0.8170	0.5031
0	18	0.9984	0.6443	0.9938
0	19	0.9988	0.3799	0.2932
0	20	0.6001	0.8140	0.7815
0	30	0.7499	0.9098	0.6973
0	31	0.9989	0.6051	0.9336
0	32	0.9982	0.5826	0.1955
0	33	0.9997	0.1844	0.7278
1	2	0.9975	0.9328	0.3352
1	3	0.9998	0.4527	0.6501
1	4	0.9996	0.6250	0.2994
1	5	0.9978	0.9583	0.1687
1	6	0.9989	0.9490	0.8789
1	7	0.9005	0.1885	0.6930
1	13	0.8995	0.3256	0.8822
1	14	0.9985	0.5082	0.2141
1	19	0.9498	0.2253	0.7732
1	20	0.6992	0.2907	0.1334
1	30	0.6010	0.1118	0.8805
1	31	0.8993	0.2711	0.1850
1	32	0.9498	0.4196	0.8431
1	33	0.9991	0.4175	0.1605
2	3	0.9982	0.5836	0.8442
2	4	0.9482	0.3634	0.3722
2	14	0.9946	0.7589	0.9472
3	4	0.9967	0.6421	0.0665
3	5	0.5004	0.7840	0.0750
3	14	0.8985	0.8267	0.1319
4	5	0.9975	0.9179	0.3251
4	6	0.7979	0.9088	0.3172
4	8	0.7501	0.3629	0.7566
4	13	0.7503	0.6682	0.1559
4	14	0.9999	0.2908	0.8301
4	33	0.9989	0.3166	0.3756
5	6	0.9979	0.9276	0.2880
5	14	0.8981	0.7079	0.9772
6	7	0.9470	0.9618	0.0257
6	14	0.9983	0.5082	0.9768
6	15	0.6501	0.6638	0.3741
6	32	0.6005	0.8000	0.1620
6	33	0.9474	0.7319	0.6998
7	13	0.6500	0.5458	0.3787
7	14	0.9964	0.4440	0.2190
7	30	0.5925	0.5551	0.2615
7	33	0.8007	0.0240	0.2485
8	9	0.9493	0.9819	0.3141
8	10	0.9976	0.9025	0.2895
8	11	0.9499	0.6027	0.6988
8	12	0.9997	0.8804	0.2473
8	13	0.7999	0.6341	0.1376
9	10	0.9962	0.8818	0.2129
9	11	0.9983	0.9355	0.7980
9	12	0.9461	0.5210	0.2817
9	14	0.6477	0.5170	0.2390
10	11	0.9983	0.2588	0.4020
10	12	0.9998	0.6654	0.2365
10	13	0.5506	0.3612	0.1435
11	12	0.9970	0.5514	0.0588
11	13	0.5513	0.3020	0.1141
11	24	0.6500	0.4144	0.4660
12	13	0.9977	0.7185	0.0470
12	23	0.9993	0.3165	0.6165
12	24	0.7507	0.3305	0.7027
12	25	0.6998	0.3302	0.5728
13	14	0.9991	0.8100	0.1674
13	24	0.9000	0.4643	0.6067
13	25	0.6010	0.5940	0.5275
13	33	0.8985	0.9068	0.0493
14	15	0.9986	0.9720	0.1153
14	30	0.7028	0.0029	0.6124
14	33	0.9984	0.4859	0.0185
15	17	0.9494	0.9571	0.9175
15	18	0.9036	0.9906	0.4982
16	17	1.0000	0.4907	0.5519
16	18	0.9986	0.4975	0.3668
16	19	1.0000	0.6329	0.4534
16	20	0.9988	0.7491	0.9860
16	31	0.9998	0.4999	0.9921
16	32	0.9960	0.6498	0.0443
17	18	1.0000	0.7578	0.3894
17	19	0.9985	0.3448	0.2097
17	32	0.9550	0.0422	0.0258
18	19	1.0000	1.0000	0.0813
19	20	0.9984	0.9969	0.9372
19	31	1.0000	0.6365	0.5424
19	32	1.0000	0.5326	0.4204
19	33	0.9983	0.2245	0.6372
20	21	0.9954	0.4929	0.1110
20	30	0.9998	0.2582	0.9874
20	31	0.9477	0.6289	0.2775
20	32	1.0000	0.8114	0.9615
21	22	0.9973	0.8296	0.1281
21	24	0.9973	0.9486	0.4206
21	25	0.9996	0.7801	0.5923
21	26	0.9994	0.5663	0.6582
21	27	0.9991	0.8487	0.4636
21	28	1.0000	0.8419	0.3875
21	29	0.9482	0.9510	0.9974
21	30	0.9997	0.4878	0.6648
22	23	0.9976	0.8894	0.1364
22	24	0.8995	0.7172	0.2994
22	25	0.9987	0.6696	0.4718
22	26	0.9989	0.4675	0.6019
22	27	0.5506	0.5917	0.4552
22	28	1.0000	0.8473	0.7179
22	29	0.9980	0.9360	0.4939
22	30	0.9491	0.3365	0.0425
23	24	0.9992	0.4575	0.4583
23	25	0.9986	0.5647	0.5977
23	28	1.0000	0.2772	0.8161
24	25	0.9987	0.5883	0.4685
24	26	0.7000	0.4924	0.5287
24	28	0.9999	0.4255	0.8762
24	29	0.8500	0.3065	0.5818
25	26	0.9991	0.6308	0.6362
25	27	0.5004	0.6809	0.3734
25	28	0.9999	0.6833	0.8381
25	29	0.9996	0.2499	0.8788
25	30	0.6497	0.2944	0.3008
26	27	0.9997	0.6970	0.2814
26	28	0.9991	0.7289	0.6390
26	30	0.9491	0.6842	0.3177
27	28	0.9494	0.6862	0.6855
27	30	0.8495	0.4002	0.4351
28	29	0.9977	0.9533	0.2111
28	30	0.9976	0.2473	0.1270
30	31	0.9977	0.9538	0.0255
30	32	0.8490	0.9725	0.6625
31	32	0.9999	0.4050	0.6581
31	33	1.0000	0.5127	0.5700
32	33	0.9997	0.6624	0.7572
33	34	0.9970	0.9780	0.5801
