0	1	0.9980	0.9324	0.5351
0	3	0.9977	0.6018	0.6983
0	4	0.9994	0.5729	0.6110
0	6	0.9985	0.6800	0.3703
0	7	0.9992	0.6091	0.6255
0	8	0.5012	0.2346	0.4860
1	2	0.6042	0.8229	0.4127
1	3	1.0000	0.7584	0.9466
1	4	1.0000	0.5121	0.8581
1	6	1.0000	0.0838	0.9828
1	7	1.0000	0.1801	0.8429
1	8	0.9990	0.3332	0.7062
2	3	0.9991	0.4195	0.3244
2	4	0.9490	0.4799	0.6236
3	4	0.9991	0.4706	0.4893
3	6	0.9998	0.8971	0.4620
3	7	0.9962	0.8469	0.8636
3	8	0.9502	0.8155	0.6862
4	5	0.9999	0.9797	0.4410
4	6	0.9976	0.3160	0.3396
4	7	0.9996	0.6662	0.5834
4	8	1.0000	0.6862	0.4294
5	6	0.9999	0.8700	0.1510
5	7	1.0000	0.6914	0.5135
5	8	0.9988	0.9130	0.1214
5	9	1.0000	0.9964	0.9707
6	7	0.9989	0.5064	0.4390
6	8	0.8996	0.3950	0.5513
7	8	0.6492	0.5429	0.2931
9	10	0.9989	0.8488	0.1237
9	11	0.7999	0.5597	0.5572
9	12	0.9975	0.5895	0.0747
9	15	1.0000	0.4799	0.7303
9	19	0.9989	0.1558	0.1882
9	21	0.9987	0.6138	0.2469
10	11	0.6969	0.2221	0.6656
10	12	0.9992	0.4106	0.3483
10	13	0.9993	0.4482	0.9947
10	15	0.9990	0.0496	0.6721
11	12	0.9998	0.9766	0.1205
11	13	0.6526	0.7088	0.9941
11	15	0.9997	0.2751	0.9122
12	15	1.0000	0.0016	0.5511
13	14	0.9502	0.0408	0.9307
13	15	0.9993	0.9931	0.5519
14	15	0.9974	0.2542	0.2037
14	16	0.9996	0.1945	0.9628
14	17	0.9998	0.7225	0.7287
14	20	0.9487	0.2981	0.0060
15	16	1.0000	0.5071	0.7530
15	17	1.0000	0.6165	0.6236
15	18	1.0000	0.9635	0.9055
15	19	0.9999	0.5732	0.6855
15	20	0.9999	0.3477	0.5496
15	21	0.9955	0.5899	0.0214
16	17	0.9992	0.9341	0.4774
16	19	0.9997	0.6836	0.5280
17	18	0.8992	0.9483	0.6060
18	19	0.9990	0.3424	0.5043
19	20	0.9998	0.7557	0.8491
19	21	0.9985	0.2285	0.3724
