0	1	0.9001	0.5624	0.5883
0	2	0.8501	0.5619	0.6347
0	3	0.5504	0.4770	0.3080
0	5	0.5504	0.5672	0.5302
0	10	0.8499	0.6696	0.7092
0	11	0.9001	0.5041	0.5352
1	2	0.9992	0.6800	0.4722
1	3	0.9999	0.6859	0.6298
1	4	0.9995	0.7191	0.5671
1	5	0.9998	0.5805	0.4133
1	6	0.6495	0.4227	0.4155
1	9	0.7995	0.6107	0.6164
1	10	0.9993	0.5963	0.5955
1	11	0.8501	0.6982	0.3947
2	3	0.8997	0.6915	0.4413
2	4	0.6002	0.8179	0.3347
2	5	0.8000	0.6621	0.4212
2	6	0.5505	0.4844	0.5255
2	10	0.9977	0.7308	0.4581
2	11	0.8497	0.5325	0.3950
3	4	0.9486	0.8449	0.4954
3	5	0.5502	0.5575	0.3559
3	6	0.5008	0.4580	0.3847
3	10	0.9492	0.6044	0.5730
4	5	0.7994	0.7024	0.2870
4	9	0.5504	0.6346	0.5743
4	10	0.9490	0.7616	0.6704
5	6	0.9990	0.6309	0.5379
5	7	0.8492	0.6149	0.6868
5	8	0.8995	0.5288	0.6301
5	9	0.9993	0.5304	0.4643
5	10	0.9993	0.4954	0.4882
5	11	0.9990	0.5426	0.5191
6	7	0.9998	0.6914	0.5309
6	8	0.9994	0.5695	0.6092
6	9	0.9992	0.5641	0.5373
6	10	0.9986	0.4552	0.5177
6	11	0.9991	0.4959	0.4478
7	8	0.9997	0.6660	0.3657
7	9	0.9494	0.5279	0.3537
7	10	0.6004	0.4359	0.4251
7	11	0.5023	0.3112	0.3993
8	9	0.8987	0.6145	0.2217
8	10	0.9002	0.7640	0.4235
9	10	0.9994	0.5641	0.5436
9	11	0.9996	0.6474	0.5251
10	11	0.9999	0.5984	0.4509
