0	1	0.9989	0.9749	0.9998
0	2	0.9970	0.7776	0.7051
0	3	1.0000	0.6586	0.2872
0	4	1.0000	0.9997	0.6498
0	5	0.9999	0.5890	0.4768
0	17	0.9981	0.5478	0.3416
0	19	0.9988	0.3446	0.7171
0	22	0.9996	0.5199	0.6411
0	25	0.9976	0.2504	0.6627
0	27	0.8987	0.3702	0.7370
0	28	1.0000	0.4626	0.6212
0	29	0.9995	0.9664	0.8736
0	30	0.9998	0.2720	0.4239
0	34	0.9501	0.0582	0.2346
0	35	0.9984	0.0144	0.9667
0	36	1.0000	0.0029	0.2036
1	2	0.9993	0.9917	0.4083
1	3	0.9498	0.9979	0.1909
1	4	0.9975	0.1639	0.4760
1	29	0.9980	0.9249	0.8668
1	30	1.0000	1.0000	0.0100
2	3	0.9998	0.5978	0.2177
2	4	1.0000	0.5060	0.8026
2	5	0.9000	0.6741	0.3075
2	28	0.9999	0.8547	0.9841
2	29	0.9999	0.6325	0.8583
2	30	1.0000	0.8301	0.2199
3	4	1.0000	0.8550	0.3529
3	5	0.9993	0.5076	0.5890
3	6	0.6986	0.9945	0.0000
3	16	0.9500	0.8769	0.8742
3	17	0.9998	0.4548	0.4763
3	19	1.0000	0.5194	0.6318
3	22	0.9996	0.5866	0.5945
3	25	0.9993	0.2885	0.8311
3	28	0.9991	0.4936	0.8010
3	29	0.9981	0.7140	0.6486
3	30	1.0000	0.0000	0.0748
3	35	0.9986	0.0000	0.9982
3	36	0.9502	0.0138	0.1641
4	5	0.9999	0.7038	0.2334
4	16	0.9994	0.2367	0.7714
4	29	0.9999	0.2593	0.9907
4	35	0.9980	0.7776	0.6297
4	36	0.6495	0.8677	0.9404
5	6	0.5006	0.9321	0.2304
5	16	0.9963	0.7822	0.6567
5	17	0.9979	0.6358	0.5460
5	19	0.9954	0.7673	0.6443
5	22	0.9970	0.9418	0.6032
5	25	0.9996	0.9432	0.7141
5	28	0.9965	0.9094	0.7350
5	35	1.0000	0.0022	0.9671
6	8	0.5009	0.7706	0.5426
6	9	0.9972	0.4367	0.6438
6	10	0.9969	0.3178	0.0035
6	11	1.0000	0.7883	0.9872
6	14	0.9989	0.9759	1.0000
6	15	0.9992	0.3447	0.2787
7	8	1.0000	0.9893	0.5264
7	9	0.9992	0.6494	0.5522
7	11	0.8499	0.8504	0.9406
7	12	0.7514	0.7901	0.0509
7	14	0.7995	0.8521	0.8473
8	9	1.0000	0.5504	0.3723
8	10	0.9988	0.8630	0.0143
8	11	0.9970	0.6947	0.6500
8	12	0.9975	0.5322	0.1376
8	13	0.9985	0.4292	0.4087
8	14	0.9987	0.4320	0.8362
8	15	0.9999	0.9391	0.3395
9	10	0.9994	1.0000	0.0042
9	11	0.9937	0.7035	0.7993
9	12	0.9981	0.3169	0.1069
9	13	0.9994	0.0404	0.3809
9	14	0.9989	0.3004	1.0000
9	15	0.9995	0.9909	0.4513
10	11	1.0000	0.0000	0.1587
10	12	0.9999	0.2770	0.9540
10	13	1.0000	0.0084	0.0665
10	15	0.9999	0.0010	0.4165
11	12	0.9982	0.5811	0.1027
11	13	1.0000	0.4982	0.4986
11	14	1.0000	0.9987	0.9805
11	15	0.9981	0.7682	0.5421
11	23	0.9999	0.9186	0.9669
12	13	0.9993	0.3521	0.5212
12	14	0.9997	0.0043	0.7185
12	15	0.9492	0.0636	0.6786
13	14	0.9496	0.9882	0.0499
14	15	0.8497	0.9721	0.2250
15	20	0.9497	0.9010	0.8873
15	23	0.9995	0.9989	0.9042
16	17	0.9997	0.6538	0.4045
16	18	1.0000	0.4675	0.8477
16	19	0.9999	0.6428	0.1959
16	35	0.7503	0.8260	0.4276
17	18	0.9960	0.7311	0.6775
17	19	0.9997	0.4980	0.4452
17	22	1.0000	0.6461	0.4280
17	25	0.9979	0.4020	0.4558
17	28	0.9971	0.6986	0.7243
17	35	0.9996	0.0038	0.9433
18	19	1.0000	0.6494	0.2333
18	20	0.9996	0.0926	0.4406
18	21	0.9998	0.3041	0.7005
18	22	0.9489	0.5527	0.0000
19	20	1.0000	0.9984	0.3296
19	21	0.9970	0.7049	0.6548
19	22	0.9999	0.6837	0.5184
19	23	0.9994	0.9986	0.3495
19	24	0.9992	0.9977	0.6833
19	25	0.9982	0.3935	0.4518
19	28	0.9964	0.8131	0.6969
19	33	1.0000	0.0000	0.4754
19	35	0.9994	0.0015	0.9029
20	21	0.9999	0.8546	0.0988
20	22	0.9982	0.2214	0.9088
20	23	0.9999	0.3471	0.6408
20	24	0.9985	0.7802	0.6173
21	22	0.9950	0.6063	0.0371
21	24	0.9976	0.1859	0.8498
21	25	0.9983	0.4912	0.0075
22	23	0.9990	0.9950	0.2708
22	24	0.9978	0.6038	0.5772
22	25	0.9986	0.4582	0.5785
22	28	0.9948	0.7091	0.7698
22	33	0.5403	0.0064	0.3634
22	35	0.6536	0.0023	0.9945
23	24	0.9990	0.5052	0.2818
23	25	0.9994	0.0743	0.9806
23	26	0.8015	0.0338	0.0860
23	27	0.9999	0.0089	0.3534
24	25	0.9991	0.6458	0.2636
24	27	1.0000	0.4473	0.9175
24	28	0.7973	0.5980	0.0000
24	31	0.9984	0.9636	0.1871
24	33	0.9957	0.9829	0.6114
25	27	0.9981	0.8882	0.6011
25	28	0.9997	0.5827	0.3714
25	30	0.9999	0.9058	0.5430
25	33	0.9992	0.0119	0.6896
25	35	1.0000	0.0252	0.9997
26	27	0.9962	0.2308	0.1131
26	28	0.9998	0.1781	0.9990
26	29	1.0000	0.5099	0.2134
26	30	0.9992	0.6263	0.2758
27	28	0.9997	0.6090	0.4245
27	29	0.9998	0.1398	0.1890
27	30	1.0000	0.6939	0.7884
27	33	0.9996	0.9429	0.9483
28	29	0.9997	0.9979	0.3357
28	30	0.9996	0.8204	0.4039
28	33	0.8522	0.0000	0.9914
28	35	0.9997	0.0011	0.9983
29	30	0.9977	0.6052	0.0927
30	36	0.8981	0.7812	0.1648
31	32	0.9996	0.7238	0.1768
31	33	1.0000	0.2398	0.8316
31	34	0.5011	0.7733	0.1630
31	38	1.0000	0.4803	0.4549
31	39	0.9987	0.2489	0.2540
32	33	0.9997	0.6777	0.5648
32	34	0.9992	0.4673	0.3131
32	35	0.9999	0.8435	0.5851
32	36	0.9997	0.6063	0.2049
32	37	0.9985	0.7589	0.5771
32	38	0.9998	0.5311	0.5887
32	39	0.5206	0.4727	0.3307
33	34	0.8982	0.8584	0.1077
33	35	1.0000	0.5777	0.9250
33	36	0.9990	0.8567	0.0000
33	38	1.0000	0.5797	0.7135
34	35	0.9986	0.9787	0.5142
34	36	1.0000	0.4819	0.4653
34	37	0.9996	0.6144	0.5567
34	38	0.9990	0.2562	0.3435
35	36	1.0000	0.7224	0.3745
36	37	0.9983	0.8372	0.6410
37	38	1.0000	0.4753	0.6146
37	39	1.0000	0.4552	0.8735
38	39	1.0000	0.4821	0.4717
