0	3	0.9998	0.9249	0.9649
0	4	0.9474	0.8104	0.1393
0	11	1.0000	0.6328	0.9103
1	2	0.9990	0.9930	0.3215
1	3	0.9998	0.0029	0.7304
1	4	0.9975	0.5526	0.8547
1	5	0.9987	0.9801	0.4467
1	10	0.9985	0.8495	0.9116
1	11	0.9971	0.3570	0.0818
2	4	0.9996	0.8702	0.7912
2	5	0.9473	0.3827	0.6403
2	10	1.0000	0.3278	0.5216
2	11	0.9996	0.7991	0.2451
3	4	0.9990	0.9537	0.0568
3	11	1.0000	0.6469	0.5762
4	5	0.9994	0.8463	0.5713
4	7	0.9992	0.8623	0.7989
4	8	1.0000	0.6095	0.6540
4	9	0.9991	0.0991	0.0983
4	10	1.0000	0.7262	0.3051
4	11	0.9999	0.4630	0.4720
5	6	0.9998	0.5415	0.6165
5	7	0.9972	0.2612	0.4933
5	8	1.0000	0.6586	0.4837
5	10	1.0000	0.5073	0.6354
5	11	0.9977	0.5574	0.1553
6	7	0.9965	0.6664	0.1208
6	10	0.9989	0.4667	0.9450
7	8	1.0000	0.7482	0.2640
7	10	0.9997	0.7702	0.6182
8	9	0.9498	0.9413	0.0005
8	10	0.9974	0.5941	0.1822
8	11	0.9995	0.8013	0.6753
9	11	0.9996	0.0080	0.9770
10	11	0.9972	0.4596	0.1428
