0	1	0.9943	0.8800	0.5755
0	2	0.9995	0.5857	0.3584
0	3	0.7080	0.9038	0.6116
0	4	0.9989	0.8046	0.7518
0	5	1.0000	0.3619	0.8364
0	6	1.0000	0.7341	0.3100
0	9	0.9987	0.7732	0.4778
0	10	0.9994	0.6800	0.3628
0	14	1.0000	0.4560	0.9724
1	2	1.0000	0.7647	0.1888
1	3	1.0000	0.5830	0.6905
1	4	0.9987	0.9463	0.0005
1	6	0.9999	0.5741	0.5061
1	10	0.9994	0.2515	0.9512
1	13	0.9996	0.1214	0.9856
1	14	1.0000	0.4631	0.3943
2	3	0.9995	0.6500	0.4373
2	4	0.9997	0.5589	0.5005
2	5	0.9996	0.3437	0.8608
2	6	0.5039	0.1693	0.0137
3	4	1.0000	0.5032	0.3378
3	5	0.9999	0.6755	0.9190
4	5	0.9988	0.6463	0.7010
5	6	0.9987	0.4862	0.1307
5	9	0.9999	0.2609	0.5227
6	9	1.0000	0.6697	0.3606
6	10	1.0000	0.5193	0.4962
6	12	0.9997	0.9919	0.3607
6	13	1.0000	0.5176	0.4810
6	14	0.9983	0.2609	0.8434
7	8	0.9992	0.8553	0.1366
7	12	1.0000	0.0005	0.0025
8	9	0.9967	0.9997	0.0151
8	12	1.0000	0.7808	0.1536
9	10	0.9997	0.5787	0.2858
9	12	1.0000	0.5281	0.7283
9	13	0.9971	0.8496	0.0008
10	12	0.9941	0.7142	0.5506
10	13	0.9998	0.5250	0.4079
10	14	1.0000	0.4183	0.8586
10	15	0.9994	0.0325	0.7279
10	16	0.6010	0.8308	0.0411
11	12	0.9997	0.3342	0.1273
11	13	0.9999	0.3230	0.9422
11	16	0.9999	0.5187	0.4668
12	13	0.9989	0.6723	0.1989
12	16	0.9948	0.5087	0.0000
13	14	0.9975	0.6368	0.6526
13	15	0.9997	0.1238	0.8514
13	16	0.9997	0.8042	0.4189
14	15	0.9978	0.9294	0.6893
14	16	1.0000	0.5402	0.7121
