0	1	0.8000	0.7918	0.3266
0	11	0.5023	0.4957	0.4578
0	13	0.7000	0.4368	0.5459
1	2	0.7056	0.3192	0.5369
1	3	0.9999	0.5129	0.4441
1	4	0.9990	0.6718	0.5937
1	7	0.8501	0.6925	0.4955
1	8	0.9500	0.6198	0.5822
2	3	0.9981	0.6275	0.4239
3	4	0.9477	0.6176	0.4114
3	7	0.9990	0.5716	0.6619
3	8	0.8001	0.2625	0.4570
4	5	0.9990	0.8408	0.2642
4	7	0.9481	0.5376	0.7424
4	8	0.5515	0.3672	0.5976
5	6	0.9981	0.8143	0.1371
5	7	0.7502	0.4160	0.6799
5	8	0.7003	0.4161	0.5964
5	9	0.9502	0.4109	0.9609
5	11	0.9980	0.7968	0.1160
5	12	0.6000	0.3532	0.5365
5	17	0.7001	0.5982	0.8939
6	7	0.9981	0.9484	0.1736
6	9	0.9993	0.5917	0.7545
6	10	0.6505	0.1807	0.5230
6	11	0.9487	0.4817	0.5770
6	12	0.9982	0.9422	0.0769
6	13	0.9996	0.5291	0.5228
6	14	0.9986	0.4619	0.4338
6	15	0.8010	0.8889	0.3197
7	8	0.9998	0.8361	0.3509
7	9	0.9994	0.5061	0.4793
7	11	0.9999	0.2151	0.8858
7	12	0.9993	0.2066	0.8172
8	9	0.9994	0.5398	0.3591
8	11	0.6999	0.5525	0.7429
8	12	0.8497	0.4948	0.9949
9	10	0.9496	0.9522	0.4584
9	11	0.9998	0.7758	0.5282
9	12	1.0000	0.3785	0.8415
9	13	0.9500	0.8162	0.3809
10	11	0.9488	0.6701	0.0760
10	13	0.8989	0.5739	0.7520
11	12	0.9494	0.9757	0.2659
11	13	0.9999	0.5795	0.5001
11	15	0.5506	0.8413	0.2971
12	13	0.9978	0.4896	0.1366
12	14	0.5509	0.2162	0.8658
12	15	0.6487	0.2315	0.3117
13	14	0.9998	0.7412	0.2581
13	15	0.8478	0.3711	0.5500
13	16	0.5993	0.5798	0.2422
13	17	0.8495	0.6016	0.6265
14	15	0.9983	0.8995	0.4232
14	16	0.9998	0.5480	0.4598
14	17	0.9972	0.4202	0.5290
15	16	0.9983	0.5945	0.1344
15	17	0.9995	0.4873	0.5088
16	17	0.9985	0.4187	0.4204
