0	2	0.9997	0.6524	0.5016
0	4	0.9992	0.5932	0.4273
0	9	0.5504	0.4868	0.3663
0	10	0.9988	0.6887	0.4906
0	11	0.9992	0.7406	0.5829
0	12	0.7498	0.7792	0.5144
0	13	0.6003	0.4592	0.6046
0	16	0.6996	0.5706	0.5858
0	20	0.7495	0.4142	0.5693
0	21	0.8994	0.5657	0.4139
1	2	0.8997	0.7032	0.5780
2	3	0.9961	0.8111	0.5676
2	4	0.9501	0.6040	0.3407
2	5	0.7508	0.2502	0.3141
2	9	0.6503	0.4184	0.3723
2	10	0.7502	0.4616	0.3567
2	11	0.7990	0.3830	0.4092
3	4	0.9983	0.9018	0.0621
4	5	0.9987	0.9839	0.2885
4	6	0.6502	0.8979	0.3731
4	7	0.8507	0.8028	0.4858
4	8	0.8499	0.5491	0.5825
4	9	0.9506	0.4011	0.4430
4	10	0.9986	0.3458	0.5357
4	11	0.9992	0.4981	0.6425
4	12	0.6499	0.3469	0.6341
5	6	1.0000	0.8229	0.6803
5	10	0.5008	0.4922	0.5560
6	7	0.9501	0.6860	0.5402
7	8	0.9997	0.7693	0.3148
7	9	0.8502	0.7038	0.5086
7	10	0.8002	0.7068	0.6295
8	9	0.9495	0.7001	0.4073
8	10	0.5505	0.6646	0.5402
9	11	0.9990	0.5504	0.6097
9	12	0.7998	0.4763	0.4688
10	11	0.9996	0.5125	0.6266
10	12	0.9995	0.5339	0.4352
10	13	0.6499	0.3976	0.4757
11	12	0.9994	0.6168	0.4221
11	13	0.8497	0.5104	0.4975
12	13	0.9993	0.5539	0.5034
12	14	0.9987	0.5470	0.6431
12	15	0.7996	0.5065	0.4487
12	21	0.5012	0.4151	0.5521
13	14	0.9997	0.5760	0.5306
13	15	0.9493	0.5056	0.5267
13	16	0.8991	0.4431	0.7041
13	18	0.5502	0.5027	0.4495
13	19	0.7172	0.4041	0.5357
13	20	0.9000	0.4288	0.5068
13	21	0.9994	0.5752	0.3585
14	15	0.9496	0.7289	0.4914
14	16	0.6018	0.6606	0.6034
14	17	0.5999	0.6584	0.3991
14	19	0.6505	0.4308	0.5747
14	20	0.6502	0.5780	0.4072
14	21	0.7006	0.4281	0.3581
15	16	0.8997	0.8347	0.4330
15	18	0.6504	0.4374	0.5642
15	19	0.9500	0.5622	0.7290
15	20	0.6002	0.4223	0.4258
15	21	0.9499	0.5260	0.5387
16	17	0.8994	0.4538	0.5717
16	20	0.5006	0.5323	0.5642
16	21	0.8006	0.5168	0.5226
17	18	0.8499	0.6276	0.5176
17	19	0.5006	0.5202	0.6992
17	20	0.7995	0.4698	0.5827
17	21	0.8492	0.4652	0.6111
18	19	0.8005	0.6238	0.5978
18	20	0.8997	0.6569	0.5822
18	21	0.9000	0.5933	0.6568
19	20	0.9482	0.5312	0.3795
19	21	0.6496	0.6020	0.5592
20	21	0.9999	0.6313	0.5566
