0	1	0.8494	0.5587	0.6087
0	2	0.9997	0.6262	0.6209
0	9	0.5522	0.5791	0.4020
1	2	1.0000	0.6558	0.5530
1	3	0.8673	0.6682	0.5571
1	4	0.7501	0.6184	0.4995
2	3	0.9997	0.7741	0.5089
2	4	0.9002	0.6892	0.5424
2	5	0.7000	0.6542	0.4532
2	6	0.5008	0.5243	0.3947
3	4	0.9997	0.5566	0.6969
3	6	0.9500	0.5032	0.6077
4	5	0.9995	0.8041	0.4412
4	6	1.0000	0.7359	0.5120
5	6	0.9998	0.5298	0.5711
5	9	0.5015	0.4509	0.3375
6	7	0.5006	0.6483	0.3569
7	8	1.0000	0.7275	0.5451
7	9	0.7502	0.6273	0.3357
8	9	0.9998	0.7359	0.2810
8	11	0.5006	0.7794	0.2853
9	10	0.9993	0.7721	0.5768
9	11	0.8997	0.4806	0.5007
9	12	0.7501	0.5994	0.4897
10	11	0.9495	0.8435	0.4952
10	13	0.6003	0.8106	0.3455
11	12	0.8000	0.6427	0.5733
11	13	0.5976	0.4637	0.4853
11	14	0.7002	0.5862	0.4010
12	13	0.9501	0.6091	0.6351
13	14	0.7505	0.6159	0.3451
13	16	0.8500	0.6912	0.7685
13	18	0.5506	0.5924	0.7838
15	16	0.7780	0.5448	0.3387
15	17	0.9993	0.5685	0.4586
15	18	0.6498	0.5399	0.5699
15	19	0.8998	0.6834	0.2396
15	28	0.5501	0.6336	0.2389
15	36	0.5500	0.5585	0.4774
15	39	0.8828	0.4563	0.6352
16	17	0.9492	0.5862	0.3072
16	18	0.9500	0.3575	0.7612
16	19	0.6003	0.3992	0.3350
16	24	0.5001	0.6306	0.8043
17	18	0.9972	0.9627	0.6695
17	19	0.9978	0.5590	0.5530
17	24	0.5583	0.2836	0.7519
17	27	0.7991	0.3479	0.7207
18	19	0.9982	0.7691	0.6309
18	20	0.8987	0.4237	0.3141
19	24	0.9993	0.7677	0.8602
19	27	0.7497	0.3553	0.6938
20	21	0.8503	0.6217	0.3974
20	22	0.9505	0.7668	0.4026
20	24	0.8500	0.4826	0.4505
21	22	0.8998	0.7838	0.3439
21	23	0.6991	0.6467	0.5998
21	24	0.5008	0.6540	0.1191
22	23	0.9978	0.8561	0.5181
22	32	0.8502	0.6757	0.5431
23	32	0.6507	0.5137	0.2880
24	25	0.9947	0.9344	0.5914
24	26	0.9477	0.8519	0.5730
24	27	0.9464	0.9553	0.5019
24	28	0.8999	0.8402	0.4046
24	29	0.7000	0.5386	0.6898
24	32	0.9500	0.6350	0.6455
24	34	0.8002	0.7477	0.3930
25	26	0.5996	0.8083	0.5029
25	28	0.5507	0.1831	0.8407
26	27	0.5488	0.8156	0.3119
27	28	0.7990	0.7405	0.1687
28	29	0.8992	0.9187	0.1540
28	34	0.6506	0.5407	0.5635
28	35	0.9985	0.1509	0.6655
28	36	1.0000	0.5820	0.5065
28	38	0.9499	0.9102	0.8170
28	39	0.9994	0.5678	0.5383
28	40	0.9968	0.9842	0.3751
28	42	0.9995	0.7194	0.6851
28	44	0.9994	0.2921	0.7594
29	30	0.9493	0.8330	0.2723
29	32	0.9500	0.6060	0.6449
29	33	0.6502	0.6042	0.5495
29	34	0.8004	0.6676	0.1913
29	36	0.6520	0.1824	0.8695
30	31	0.9998	0.7057	0.4421
30	32	0.9501	0.7680	0.6663
30	33	0.6003	0.6128	0.7111
31	32	0.9997	0.7142	0.4736
31	33	0.7020	0.4034	0.5498
32	33	0.9998	0.5921	0.5157
34	35	0.7496	0.8823	0.2801
34	36	0.6002	0.5888	0.2158
34	39	0.7502	0.6474	0.1641
35	36	0.9488	0.5964	0.0437
35	39	0.8988	0.5452	0.0606
36	37	0.9992	0.9908	0.3066
36	38	0.9998	0.7456	0.6403
36	39	0.9995	0.5332	0.5249
36	40	0.9985	0.9798	0.2831
36	42	1.0000	0.6460	0.4919
36	43	0.6501	0.9027	0.2084
36	44	0.9996	0.1387	0.6106
37	38	0.9992	0.6407	0.3055
37	39	1.0000	0.2706	0.9527
37	40	0.5979	0.2996	0.4117
38	39	0.9999	0.7904	0.4935
38	40	0.8987	0.5482	0.6391
38	42	0.9004	0.7820	0.0926
39	40	0.9996	0.8939	0.3448
39	41	0.8493	0.5258	0.5542
39	42	0.9996	0.5875	0.5321
39	43	0.9492	0.9826	0.2397
39	44	0.9499	0.3907	0.5288
40	41	0.9977	0.8800	0.3923
40	42	0.9997	0.5098	0.3575
40	43	0.9986	0.4125	0.3974
40	44	0.9500	0.6647	0.4561
41	42	0.9979	0.7735	0.1567
41	44	0.7494	0.5688	0.5650
42	43	0.9977	0.8882	0.1350
42	44	0.9995	0.4880	0.5136
43	44	0.8992	0.5964	0.1832
