0	1	0.9981	0.4614	0.5092
0	3	0.8706	0.4981	0.4629
0	7	0.9987	0.5457	0.4736
0	10	0.9996	0.5401	0.4603
1	2	0.8997	0.7009	0.6612
1	3	0.9500	0.7485	0.5053
1	4	0.5505	0.4836	0.4463
1	5	0.5503	0.5585	0.2531
1	7	0.9991	0.5900	0.4979
1	8	0.5008	0.5248	0.5078
1	10	0.9000	0.5716	0.3750
2	3	0.5495	0.4031	0.5985
3	4	0.8000	0.5838	0.5333
3	5	0.9995	0.6137	0.5520
3	6	0.5004	0.5829	0.5650
3	7	0.9981	0.5006	0.5173
3	10	0.8005	0.3941	0.5434
4	5	0.9003	0.5865	0.5010
4	7	0.9493	0.4677	0.6197
5	6	0.9492	0.5562	0.6309
5	7	0.9998	0.6562	0.4860
6	7	0.7988	0.7226	0.5082
7	8	0.5500	0.5214	0.4192
7	9	0.8488	0.7581	0.5530
7	10	0.8500	0.4434	0.4742
8	9	0.5500	0.7515	0.4197
8	10	0.5504	0.5032	0.2602
9	10	0.9488	0.7304	0.4188
9	11	0.5507	0.5815	0.7429
9	12	0.5010	0.5014	0.4852
9	14	0.5005	0.6513	0.7579
10	11	0.6509	0.5507	0.5329
10	18	0.5996	0.3097	0.3967
11	12	0.5007	0.6293	0.5044
11	18	0.6499	0.5560	0.5564
11	22	0.5481	0.3167	0.5406
11	23	0.5010	0.6945	0.3537
12	13	0.9993	0.6861	0.5394
12	14	0.9001	0.5691	0.4995
12	15	0.5505	0.6241	0.3495
12	16	0.7501	0.5219	0.4572
12	18	0.9990	0.4736	0.5484
12	19	0.9494	0.5954	0.4422
12	20	0.5011	0.6179	0.2447
12	22	0.8471	0.4547	0.4331
12	23	0.9019	0.4829	0.4850
13	14	0.9999	0.6588	0.3038
13	16	0.8999	0.6093	0.5229
13	17	0.5004	0.4625	0.8260
13	18	0.9996	0.7321	0.3276
13	20	0.9998	0.7666	0.4965
14	15	0.9970	0.9823	0.4310
14	16	0.9997	0.5531	0.5685
14	17	0.9988	0.6398	0.6935
14	18	0.9999	0.5459	0.4224
14	19	0.9994	0.7859	0.4435
14	20	0.9994	0.5299	0.4756
14	21	0.5499	0.5389	0.2145
14	22	0.5007	0.4686	0.3166
15	16	0.9492	0.4424	0.0814
15	17	0.5007	0.5599	0.5488
15	18	0.7493	0.4666	0.6129
15	20	0.7521	0.6341	0.3901
16	17	0.9983	0.3200	0.6797
16	18	0.9991	0.6232	0.4585
16	19	0.6517	0.3897	0.5291
16	20	0.9496	0.4862	0.4208
17	18	0.9990	0.7187	0.5355
17	19	0.9998	0.7674	0.5023
17	20	0.9497	0.5947	0.4274
18	19	0.9993	0.7448	0.4847
18	20	0.9995	0.5658	0.5014
19	20	0.9992	0.4947	0.4990
19	22	0.7996	0.4542	0.6052
20	21	0.9979	0.8619	0.4182
20	22	0.9493	0.6192	0.4943
20	23	0.5006	0.4112	0.2870
21	22	0.6006	0.6565	0.5115
