0	1	1.0000	0.7556	0.4618
0	3	0.8016	0.5572	0.5306
1	2	1.0000	0.8662	0.4922
1	3	1.0000	0.6515	0.5937
1	4	0.8009	0.5756	0.4986
1	5	0.5002	0.4461	0.4647
2	3	0.9498	0.7488	0.4897
2	4	0.5507	0.6292	0.4456
3	4	0.9997	0.6897	0.4351
4	5	0.8998	0.4337	0.4970
4	6	0.5518	0.4638	0.4364
4	7	0.5511	0.5289	0.5021
5	6	0.9997	0.6728	0.5145
5	7	0.9491	0.4932	0.4110
5	8	0.5001	0.2227	0.5660
5	9	0.9504	0.5952	0.4214
6	7	1.0000	0.8818	0.3461
6	8	0.5003	0.4488	0.3357
6	9	0.9001	0.6450	0.6040
7	8	0.9962	0.9661	0.6921
7	9	0.9995	0.3193	0.2676
8	9	0.6995	0.6797	0.2389
9	10	0.9996	0.6028	0.4617
10	11	0.9997	0.8025	0.4911
10	13	0.7493	0.7913	0.5311
10	15	0.7989	0.5801	0.2129
10	16	0.8992	0.7557	0.4840
10	17	0.9496	0.7021	0.6415
10	18	0.8497	0.5867	0.6380
10	19	0.5505	0.5306	0.2448
11	13	0.6502	0.6045	0.2709
11	16	0.5502	0.6294	0.6264
11	17	0.9996	0.8917	0.9747
12	13	0.9972	0.9303	0.0355
12	14	0.7497	0.6658	0.6119
12	15	0.9486	0.6696	0.1269
12	16	0.8977	0.8404	0.6066
12	17	0.9975	0.8612	0.4156
13	14	1.0000	0.6283	0.4593
13	15	0.9976	0.4241	0.5955
13	16	0.9987	0.3995	0.4429
13	17	0.9987	0.3266	0.5397
13	18	0.9985	0.5695	0.3082
13	19	0.8994	0.5141	0.7334
13	21	0.5003	0.5146	0.2831
13	22	0.5507	0.2092	0.4789
14	15	0.9988	0.4747	0.3369
14	16	0.9991	0.5367	0.3703
14	17	0.9998	0.6554	0.6717
14	18	0.8512	0.4728	0.4893
15	16	0.9994	0.5253	0.5079
15	17	0.9998	0.4882	0.5616
15	18	0.9979	0.4802	0.3214
16	17	1.0000	0.5562	0.5034
16	18	0.7002	0.3020	0.2007
17	18	0.9982	0.9565	0.2601
17	19	0.9996	0.8374	0.6856
17	20	0.9000	0.6791	0.4634
18	19	0.9999	0.7946	0.3329
18	23	0.5495	0.8742	0.4858
19	21	0.9500	0.7405	0.5271
19	22	0.9999	0.4164	0.8141
19	23	0.5010	0.5155	0.5398
20	21	0.9497	0.7272	0.5492
20	22	0.5505	0.5294	0.6348
21	22	0.7502	0.5934	0.4201
22	23	0.9491	0.9524	0.6812
