0	2	0.9996	0.5332	0.6505
0	3	0.9995	0.2654	0.0000
0	4	0.9999	0.7129	0.2851
0	8	1.0000	0.5136	0.0760
0	10	0.9967	0.5872	0.6200
0	11	0.9995	0.2571	0.4363
0	12	0.9983	0.8731	0.0000
1	2	0.9945	0.5368	0.0000
1	8	0.9999	0.9996	1.0000
1	12	1.0000	0.5076	0.7317
2	3	0.9987	0.8272	0.0000
2	4	1.0000	0.4376	0.3823
2	7	0.9964	0.1955	0.4754
2	8	0.9979	0.3137	0.4879
2	10	0.9991	0.4405	0.4665
2	11	0.5498	0.9164	0.5519
2	12	0.9987	0.1547	0.2401
3	4	0.9956	0.0000	0.0000
3	5	0.9986	0.0015	0.9965
3	7	0.9970	0.1117	0.8659
3	8	0.9983	0.0000	0.1126
3	10	0.9986	0.4143	0.9785
4	5	0.9997	0.4843	0.4717
4	7	0.9990	0.3196	0.4170
4	8	0.9988	0.3241	0.4185
4	9	0.9997	0.8171	0.8456
4	10	0.9997	0.5363	0.4785
4	11	1.0000	0.6271	1.0000
4	12	1.0000	0.4959	0.0020
5	6	0.9981	0.7721	0.7049
5	7	0.9975	0.9050	0.4600
5	8	0.9977	0.7391	0.4960
5	9	0.9993	0.1198	0.7199
5	10	0.9989	0.4110	0.4792
5	11	0.9503	0.0325	0.9985
6	7	0.9994	0.4406	0.2938
7	8	0.9996	0.4775	0.5006
7	9	0.9996	0.0000	0.9996
7	10	1.0000	0.0000	0.2750
8	9	1.0000	1.0000	1.0000
8	10	0.9990	0.6502	0.3588
8	12	0.9990	1.0000	0.5898
9	10	0.9999	0.9542	0.1942
9	12	1.0000	0.5980	0.8800
10	11	0.9979	0.8216	0.6757
10	12	0.9993	0.1694	0.2579
12	17	0.7474	0.9306	0.7072
12	18	0.9959	0.6751	0.0005
13	14	0.9992	0.5747	0.5565
13	15	0.9500	0.9997	0.9515
13	18	0.9981	0.9836	0.5934
13	19	0.9999	0.4130	0.4749
13	20	0.9998	0.4308	0.6289
14	15	0.9988	0.4640	0.9020
14	17	0.9997	0.9857	0.4101
14	18	0.9988	0.5722	0.4683
14	19	0.9992	0.6327	0.6226
14	20	0.9992	0.4489	0.8841
15	16	1.0000	0.8258	0.5131
15	18	0.9992	0.8578	0.6843
15	19	1.0000	0.6065	0.4595
15	20	0.9999	0.9203	0.7374
16	18	0.9986	0.5125	0.6342
17	18	0.9984	0.5176	0.1332
18	19	1.0000	0.7296	0.1992
19	20	0.9998	0.4372	0.4761
