0	1	0.8227	0.7037	0.1487
0	4	0.7431	0.4362	0.6790
0	5	0.6003	0.4015	0.1843
1	2	0.7991	0.7662	0.1300
1	11	0.5504	0.3646	0.6103
2	3	0.9999	0.9483	0.3974
2	4	0.9998	0.6717	0.4584
2	5	0.9999	0.6089	0.5222
2	6	0.9998	0.6029	0.5379
2	7	0.5504	0.5600	0.5235
2	8	0.7500	0.4586	0.5072
2	9	0.9996	0.5642	0.5882
2	10	0.6502	0.5660	0.6888
2	11	0.9498	0.5843	0.5573
2	12	0.7000	0.4821	0.4723
2	14	0.6502	0.5650	0.4704
2	19	0.7506	0.5404	0.4921
2	21	0.6010	0.6683	0.4639
3	4	0.9493	0.8693	0.2718
3	5	0.9988	0.6773	0.2721
3	6	0.8996	0.6048	0.4987
3	9	0.9971	0.8782	0.2204
4	5	0.9969	0.6007	0.1103
4	6	0.7993	0.5376	0.2426
4	9	0.6659	0.6530	0.1740
5	6	0.9998	0.5765	0.3914
5	7	0.6006	0.2161	0.4833
5	8	0.9498	0.2368	0.7208
5	9	0.8503	0.4393	0.4633
5	11	0.9003	0.5427	0.5297
5	12	0.6006	0.5280	0.4254
5	17	0.6798	0.4905	0.4738
6	7	0.7013	0.7370	0.4089
6	8	0.9490	0.5531	0.5137
6	9	0.7018	0.5446	0.5081
6	10	0.9498	0.7552	0.6170
6	11	0.7007	0.5105	0.5290
6	12	0.6993	0.4518	0.4301
6	14	0.5010	0.4464	0.3028
7	9	0.8997	0.5077	0.5520
8	9	0.9982	0.7467	0.3370
8	11	0.6504	0.4994	0.5330
9	10	0.8984	0.7417	0.4705
9	11	0.7512	0.4860	0.4990
10	11	0.8999	0.5104	0.4992
10	12	0.7005	0.6214	0.3931
10	14	0.6019	0.5283	0.4062
10	16	0.5006	0.4090	0.5414
11	12	0.9996	0.5551	0.4522
11	13	0.8002	0.2576	0.4042
11	14	0.9002	0.5852	0.4648
11	16	0.8500	0.4635	0.5213
11	17	0.6001	0.5750	0.5078
11	19	0.6994	0.6236	0.4696
12	13	0.9001	0.5480	0.5794
12	14	0.9999	0.5554	0.5468
12	15	0.9996	0.5792	0.4036
12	16	0.9998	0.5841	0.4920
12	17	0.8515	0.4811	0.3905
12	18	0.7177	0.4780	0.4641
12	19	0.6007	0.6691	0.5748
12	21	0.6008	0.5502	0.5490
13	14	0.9493	0.5651	0.5036
13	16	0.9492	0.5780	0.4732
14	15	0.9992	0.5099	0.4133
14	16	0.9997	0.5911	0.5986
14	17	0.9997	0.5165	0.5787
14	18	0.9001	0.3413	0.6385
14	19	0.5509	0.5005	0.5328
14	21	0.7004	0.5004	0.4899
15	16	0.9492	0.5335	0.5260
15	17	0.6499	0.5075	0.6693
16	17	0.9996	0.5419	0.4584
16	18	0.8005	0.3634	0.5623
16	19	0.5017	0.6056	0.5411
16	21	0.7005	0.4885	0.4265
17	18	0.9996	0.6459	0.5349
17	19	0.9996	0.5405	0.5391
17	20	0.7011	0.7042	0.5338
17	21	0.6946	0.4141	0.5301
18	19	0.9993	0.8010	0.4991
18	21	0.5015	0.6183	0.3306
19	20	0.9988	0.7664	0.5968
19	21	0.9997	0.5195	0.6166
20	21	0.9996	0.6146	0.3309
