0	1	0.9937	0.6969	0.4955
0	2	0.9995	0.4919	0.4205
0	3	0.6002	0.8087	0.5012
0	4	0.9999	0.6054	0.5640
0	5	0.9998	0.3295	0.6808
0	6	1.0000	0.6591	0.4267
0	9	0.9999	0.7011	0.2970
0	10	0.9996	0.5905	0.7823
0	16	0.9995	0.4241	0.9323
1	2	1.0000	0.7304	0.1971
1	3	1.0000	0.5201	0.8835
1	4	0.9989	0.8893	0.0000
1	6	0.9995	0.5346	0.5318
1	10	0.9992	0.2078	0.9664
1	13	0.9985	0.0997	0.9900
1	16	0.9993	0.4448	0.3727
2	3	0.9994	0.7682	0.4453
2	4	0.9993	0.5422	0.5207
2	5	0.9996	0.3541	0.7859
2	6	0.9965	0.1441	0.0758
2	9	0.7997	0.8803	0.2612
3	4	1.0000	0.4872	0.3751
4	5	0.9986	0.5998	0.6877
5	6	0.9991	0.4049	0.1814
5	9	0.9998	0.2920	0.4657
6	9	1.0000	0.5990	0.2866
6	10	0.9988	0.5492	0.5698
6	12	0.9985	0.9937	0.4269
6	13	1.0000	0.5024	0.4719
6	16	0.9967	0.3889	0.8718
7	8	0.9969	0.6973	0.0939
7	12	1.0000	0.0033	0.0166
8	9	0.9987	0.9791	0.0169
8	12	0.9978	0.6302	0.2921
9	10	0.9997	0.4892	0.3476
9	12	1.0000	0.4749	0.7340
9	13	0.9980	0.8376	0.0186
10	12	0.9933	0.7652	0.5229
10	13	0.9997	0.6138	0.4103
10	16	1.0000	0.5519	0.8959
10	17	0.9490	0.0593	0.4868
11	12	0.9998	0.7496	0.2275
11	13	0.9993	0.0545	0.9306
11	15	0.7519	0.0047	0.8123
11	18	0.9997	0.0619	0.5299
11	19	0.7495	0.0269	0.1894
12	13	0.9980	0.6945	0.2342
12	18	0.9951	0.4834	0.0031
13	16	0.9980	0.6240	0.6707
13	17	0.9999	0.1951	0.8407
13	18	0.9977	0.7396	0.4403
14	15	0.9990	0.7331	0.2094
15	19	0.9993	0.8762	0.1967
16	17	0.9970	0.8931	0.6884
16	18	1.0000	0.5419	0.6795
