0	1	0.9984	0.7953	0.6565
0	24	0.9995	0.3817	0.8327
0	28	0.8999	0.5134	0.4576
1	23	0.7002	0.5689	0.7861
1	24	0.9991	0.5495	0.8166
1	26	0.8993	0.9477	0.9543
1	27	0.9978	0.9869	0.8924
1	28	0.9990	0.0612	0.3438
2	3	0.9995	0.7762	0.3540
2	18	1.0000	0.4198	0.8290
2	19	0.5978	0.2332	0.3873
3	4	0.9998	0.6003	0.3846
3	13	0.9973	0.9871	0.7801
3	14	0.9966	0.9945	0.2123
3	15	0.9999	0.9913	0.5989
3	16	0.9982	0.8963	0.5733
3	17	1.0000	0.4583	0.7931
3	18	0.9978	0.3678	0.6559
4	5	0.9998	0.9947	0.1496
4	15	0.9983	0.7369	0.5704
4	16	0.9996	0.5140	0.4642
4	17	1.0000	0.3715	0.5356
4	18	0.9990	0.7392	0.7002
5	6	0.9998	0.8028	0.1426
5	7	0.9995	0.3284	0.5054
5	10	1.0000	0.7906	0.2583
5	12	0.9996	0.6244	0.5163
5	15	0.9999	0.4075	0.5187
5	16	0.9985	0.2944	0.2353
5	17	0.9982	0.7041	0.5493
6	7	0.9989	0.7648	0.5171
6	8	0.9995	0.4947	0.5775
6	9	1.0000	0.5351	0.4797
6	10	0.9997	0.3977	0.4798
6	11	0.9497	0.8561	0.1878
6	12	0.9995	0.5432	0.4797
7	8	0.9995	0.7053	0.1671
7	10	1.0000	0.4034	0.9119
7	12	0.9993	0.3132	0.9833
7	15	1.0000	0.2894	0.9453
7	16	0.7018	0.1100	0.0079
8	9	0.9972	0.9694	0.6836
8	10	0.6011	0.7149	0.3787
9	10	0.9991	0.3486	0.3764
9	11	0.9999	0.3735	0.5073
10	11	1.0000	0.8356	0.2774
10	12	0.9998	0.6195	0.4920
10	15	1.0000	0.6587	0.3078
11	12	0.9972	0.3715	0.1374
11	13	0.5535	0.0045	0.9146
11	14	1.0000	0.2248	0.9497
11	15	0.9006	0.1549	0.0027
12	13	0.8995	0.9923	0.0542
12	14	0.9982	0.3288	0.4910
12	15	1.0000	0.6618	0.2699
12	16	0.9987	0.6787	0.6283
12	17	1.0000	0.0415	0.0182
13	14	0.9990	0.4958	0.5181
13	15	0.9991	0.0609	0.8446
13	18	0.9998	0.4783	0.7759
13	19	0.6504	0.8580	0.3954
13	20	0.8995	0.9450	0.0814
13	21	0.7482	0.7829	0.7066
13	27	0.7981	0.9834	0.2163
14	15	0.9966	0.3760	0.0037
14	16	0.9999	0.4373	0.9935
15	16	1.0000	0.4360	0.4807
15	17	0.9995	0.0194	0.3264
16	17	1.0000	0.8899	0.3000
16	18	1.0000	0.0248	0.6750
18	19	0.9994	0.8658	0.1481
19	20	1.0000	0.9597	0.3370
19	27	1.0000	0.9711	0.1993
20	21	1.0000	0.8245	0.2758
20	22	0.9997	0.7776	0.4231
20	23	0.8501	0.8393	0.6132
20	26	1.0000	0.5719	0.9588
20	27	0.9994	0.6246	0.5733
20	28	0.8999	0.8787	0.4082
21	22	0.9997	0.6778	0.4105
21	23	0.9990	0.7778	0.1856
21	26	1.0000	0.6950	0.5396
21	27	0.7509	0.1613	0.2711
21	28	0.8995	0.0286	0.6798
22	23	0.9999	0.8687	0.3274
22	25	0.9998	0.2504	0.7677
22	26	1.0000	0.4558	0.6379
22	27	0.9984	0.0990	0.3585
22	28	0.9996	0.5334	0.7791
23	24	0.9989	0.7938	0.6382
23	25	0.9999	0.3611	0.4645
23	26	0.9998	0.4088	0.3837
23	28	1.0000	0.6681	0.9042
24	25	0.9479	0.9629	0.3166
24	26	0.9999	0.9138	0.9670
24	28	0.9989	0.1643	0.4704
25	26	0.9985	0.4730	0.5343
26	27	1.0000	0.9929	0.2544
26	28	0.9998	0.7844	0.5589
27	28	0.9991	0.5560	0.1642
