0	1	0.9993	1.0000	0.0791
0	2	0.9996	0.5455	0.6918
0	3	0.9998	0.4326	0.2925
0	7	0.9993	0.0522	0.2518
0	9	1.0000	0.3993	0.6285
0	10	0.9990	0.0218	0.4918
0	11	0.9986	0.7959	0.0060
1	2	0.9986	0.5093	0.1091
1	7	0.9491	0.8592	0.9993
1	11	1.0000	0.4589	0.5466
1	14	0.9999	0.6747	0.9975
2	3	0.9992	0.5460	0.3339
2	6	0.9991	0.3549	0.4388
2	7	0.9997	0.4918	0.4756
2	8	0.7016	0.0142	0.9978
2	9	0.9984	0.5594	0.4847
2	10	0.9999	0.8696	0.9967
2	11	0.9994	0.2795	0.1960
3	4	0.9990	0.5009	0.4707
3	5	1.0000	0.0003	0.0000
3	6	0.9996	0.5018	0.2629
3	7	0.9996	0.2868	0.4357
3	8	1.0000	0.7685	0.8818
3	9	0.9976	0.5349	0.5015
3	10	1.0000	0.6103	0.9990
3	11	1.0000	0.5003	0.0251
4	5	0.9958	0.8707	0.5140
4	6	0.9988	0.6586	0.1290
4	7	0.9956	0.6522	0.6175
4	8	0.7005	0.1201	0.8223
4	9	0.9981	0.4908	0.3370
5	6	0.9998	0.9456	0.1382
6	7	0.9997	0.4592	0.5183
6	8	0.9998	0.0000	0.9995
6	9	1.0000	0.0015	0.2483
6	11	0.8512	0.0000	0.6405
7	8	0.9998	1.0000	1.0000
7	9	0.9999	0.7684	0.3559
7	11	0.9995	0.9993	0.5003
8	9	1.0000	0.9606	0.1637
8	11	1.0000	0.6424	0.8216
9	10	0.9977	0.8364	0.6823
9	11	0.9993	0.1331	0.2290
11	14	1.0000	0.8650	0.9988
12	14	1.0000	0.5043	0.5300
12	15	0.9980	0.8371	0.6020
12	17	1.0000	0.7659	0.5011
12	21	1.0000	0.5059	0.4590
12	22	1.0000	0.5791	0.4498
13	14	0.9987	0.6135	0.0455
13	20	1.0000	0.9467	0.4843
14	15	0.9997	0.5166	0.4117
14	17	0.9999	0.4714	0.5852
14	19	0.9497	0.1164	0.5591
14	20	0.9990	0.0403	0.4831
14	21	0.9998	0.5442	0.5707
14	22	1.0000	0.4097	0.4991
15	16	1.0000	0.8453	0.3353
15	17	0.9997	0.6437	0.3311
15	18	0.9993	0.9828	0.9435
15	19	1.0000	0.8890	0.3924
15	20	0.9993	0.9868	0.4881
15	21	0.9998	0.4700	0.4492
15	22	1.0000	0.6424	0.4280
16	17	0.7500	0.5861	0.5654
17	18	0.9989	0.8583	0.9690
17	19	0.9500	0.7737	0.4002
17	20	0.9990	0.9903	0.7960
17	21	0.9998	0.4840	0.4213
18	21	1.0000	0.9830	0.0993
18	22	0.6396	0.7148	0.6769
19	20	0.9967	0.6282	0.7971
19	21	0.9988	0.6028	0.1644
19	22	0.9996	0.4003	0.5847
20	21	1.0000	0.8530	0.1132
20	22	1.0000	0.7823	0.9570
21	22	0.9998	0.4218	0.4056
