0	3	0.7996	0.3182	0.8746
0	4	0.8998	0.6220	0.7234
1	2	0.5504	0.9249	0.3753
1	3	0.8500	0.8207	0.7222
1	4	0.6000	0.6883	0.7854
1	14	0.9477	0.5235	0.7901
1	16	0.5503	0.4217	0.2340
1	21	0.7996	0.7901	0.5921
1	22	0.8990	0.6168	0.5807
1	24	0.9974	0.5433	0.6943
2	3	0.8491	0.7807	0.3701
2	4	0.7493	0.5356	0.3331
3	4	0.9983	0.9813	0.0878
3	14	0.6496	0.7711	0.3645
4	5	0.9990	0.7848	0.3134
4	6	0.9505	0.2602	0.7084
4	13	0.8499	0.4182	0.6820
4	21	0.6000	0.3369	0.6601
4	22	0.5517	0.7568	0.6082
4	24	0.7004	0.5821	0.6512
4	26	0.5499	0.5832	0.3102
5	6	0.9999	0.8531	0.4180
5	7	0.9495	0.4955	0.3270
5	11	0.8993	0.8589	0.6823
5	12	0.7497	0.6365	0.6358
6	7	0.9998	0.5062	0.2029
6	8	0.9994	0.1428	0.6226
6	9	0.9974	0.5316	0.0070
6	13	0.7504	0.1580	0.4076
6	26	0.6065	0.1878	0.5483
7	8	1.0000	0.7995	0.4697
7	9	0.9997	0.5918	0.4664
7	10	0.9960	0.9766	0.5522
7	11	1.0000	0.7203	0.3296
7	12	0.9989	0.2482	0.6529
8	9	0.9991	0.6156	0.2528
8	10	0.5005	0.3253	0.4431
8	25	0.6507	0.3935	0.4903
9	10	0.9971	0.9036	0.5615
9	11	0.9996	0.6526	0.2541
10	11	0.9975	0.5880	0.1061
11	12	0.9975	0.8909	0.3842
11	13	0.7995	0.4127	0.2221
12	13	0.6509	0.7077	0.5697
13	14	0.7502	0.6516	0.3563
13	16	0.8988	0.5912	0.3182
14	15	0.9495	0.6872	0.2694
14	16	0.9995	0.3414	0.5700
14	21	0.5502	0.6104	0.7035
14	24	0.9999	0.6229	0.7105
15	16	1.0000	0.6119	0.4261
15	17	0.9992	0.5517	0.2548
15	20	0.9999	0.6981	0.4665
15	22	0.9499	0.6854	0.5466
15	24	0.9995	0.5160	0.4056
16	17	0.9964	0.5635	0.0530
16	20	0.9997	0.3254	0.4830
16	21	0.6512	0.2443	0.3291
16	24	0.9999	0.2620	0.7106
17	18	0.9494	0.8810	0.9783
17	19	0.9996	0.4687	0.9573
17	20	0.9999	0.5119	0.4210
17	21	0.8990	0.8347	0.3017
17	22	0.9994	0.5931	0.6725
17	23	0.9994	0.0180	0.6601
17	24	0.9988	0.2562	0.2727
18	19	0.9975	0.9956	0.5648
18	20	0.9994	0.6528	0.5943
19	20	0.9984	0.5894	0.0414
19	22	0.7006	0.5370	0.7754
20	21	0.9499	0.9549	0.3034
20	22	0.9991	0.8968	0.4165
20	23	0.8988	0.0600	0.5852
21	22	0.9983	0.3548	0.2050
21	23	0.5500	0.6126	0.4248
21	24	1.0000	0.5757	0.8093
22	23	0.9991	0.9868	0.4607
22	24	1.0000	0.6707	0.4690
23	24	0.9983	0.7523	0.1136
25	26	0.5507	0.7279	0.6086
