0	1	0.9001	0.8485	0.2467
0	4	0.6494	0.5091	0.5117
1	2	0.9990	0.5964	0.2283
1	3	0.5510	0.5567	0.4532
1	4	0.9998	0.7010	0.4250
1	5	0.8994	0.5345	0.6209
1	7	0.8001	0.3846	0.7314
1	9	0.5501	0.5913	0.6051
1	10	0.6508	0.4680	0.4045
1	15	0.9002	0.6569	0.6495
1	24	0.7002	0.6064	0.6183
2	3	0.9996	0.8885	0.4425
2	4	0.9989	0.4451	0.4414
2	5	0.9997	0.4938	0.4943
2	7	0.8498	0.6502	0.6455
2	12	0.5029	0.5176	0.3753
2	15	0.6503	0.4206	0.5615
3	4	0.9993	0.6154	0.3532
3	5	0.8500	0.4683	0.6744
3	7	0.6005	0.5856	0.6596
3	15	0.8501	0.7054	0.6914
4	5	0.9998	0.4773	0.4783
4	7	0.9989	0.4754	0.5255
4	12	0.5514	0.3021	0.2259
4	13	0.8994	0.3773	0.3398
4	14	0.5510	0.3869	0.4865
4	15	0.9994	0.5124	0.4840
5	6	0.7999	0.8111	0.1296
5	7	0.8499	0.6297	0.4940
5	15	0.6006	0.6017	0.5805
6	7	0.8981	0.7566	0.6038
8	9	0.9495	0.6631	0.5415
8	10	0.8996	0.4164	0.2358
9	10	0.9974	0.6990	0.0849
9	15	0.9991	0.7433	0.4795
9	24	0.7999	0.7693	0.4726
10	11	0.6491	0.8958	0.6110
10	12	0.9996	0.8181	0.3475
10	13	0.8019	0.8138	0.2793
10	14	0.9999	0.7512	0.5344
10	15	0.7448	0.4183	0.4228
10	16	0.8993	0.9076	0.4219
10	18	0.5009	0.6119	0.4396
10	19	0.5505	0.4950	0.6441
10	24	1.0000	0.5652	0.5908
11	12	0.9966	0.8498	0.5691
11	13	0.9022	0.7404	0.5192
11	14	0.9987	0.7617	0.5782
11	15	0.7996	0.7074	0.8531
11	16	0.5005	0.4112	0.4447
11	24	0.8980	0.7769	0.5851
12	13	0.9993	0.5477	0.3471
12	14	0.9497	0.5660	0.5398
12	15	0.9999	0.5916	0.6560
12	16	0.7779	0.5042	0.3439
12	17	0.8482	0.6504	0.3433
12	24	0.9992	0.5617	0.4950
13	14	0.9991	0.4714	0.3604
13	15	0.9993	0.5185	0.6610
13	24	0.5013	0.6175	0.5686
14	15	0.9995	0.7842	0.4544
15	16	0.9488	0.8365	0.5263
15	17	0.9000	0.6639	0.6565
15	18	0.8999	0.7475	0.5752
15	24	0.9999	0.7095	0.5835
16	17	0.9479	0.7068	0.0898
16	24	0.8494	0.7347	0.4195
17	18	0.9994	0.7989	0.5699
18	19	0.9503	0.7824	0.4164
18	20	0.9499	0.6219	0.4723
18	21	0.8501	0.6229	0.4611
18	22	0.7999	0.5659	0.2766
19	20	0.9001	0.4357	0.5738
19	21	0.9493	0.4222	0.6145
19	22	0.6996	0.4754	0.5502
20	21	0.9513	0.6487	0.4804
20	22	0.7501	0.5682	0.3180
21	22	0.7502	0.5257	0.3303
22	23	0.8999	0.6857	0.3370
23	24	0.8003	0.7614	0.1945
24	25	0.8998	0.7246	0.4271
24	26	0.9996	0.6233	0.4264
25	26	0.7997	0.5531	0.4743
