0	1	0.9984	0.9411	0.1621
0	3	0.9991	0.7960	0.4983
0	9	0.9485	0.6683	0.5430
0	12	0.6003	0.6290	0.5715
1	2	0.9987	0.8980	0.4219
1	3	0.9989	0.5363	0.5564
1	9	0.9986	0.1853	0.6809
1	10	0.9988	0.6295	0.9477
1	11	0.9991	0.7283	0.6078
1	12	1.0000	0.6777	0.4811
1	13	0.5510	0.7225	0.3796
1	28	0.9981	0.9278	0.5152
1	29	0.6493	0.8630	0.2709
1	30	0.9992	0.9120	0.9052
2	3	1.0000	0.6578	0.2709
2	4	0.9006	0.2375	0.3523
2	5	0.9497	0.4315	0.5634
2	6	0.9986	0.2464	0.3325
2	7	0.8956	0.9665	0.7802
2	8	0.6481	0.7438	0.6114
2	9	0.9984	0.7619	0.3943
2	13	0.8500	0.3197	0.7019
2	30	0.9998	0.1519	0.5810
2	32	0.8002	0.1092	0.5520
2	33	0.9500	0.0859	0.4500
2	39	0.9998	0.1597	0.3477
3	5	0.9983	0.4962	0.5304
3	6	0.5008	0.5330	0.4309
3	9	1.0000	0.4904	0.4676
3	10	0.9964	0.8353	0.8895
3	11	0.9974	0.7292	0.7261
3	12	0.9484	0.6407	0.5079
4	5	0.9000	0.6656	0.3707
4	6	0.9503	0.5937	0.7448
4	7	0.5494	0.7532	0.1785
4	39	0.9490	0.5456	0.1585
5	6	0.9977	0.3172	0.5589
5	7	0.8003	0.3882	0.6514
5	39	0.7993	0.4544	0.4909
6	7	0.9922	0.9879	0.4637
6	8	0.9986	0.9976	0.3819
6	9	0.7513	0.7824	0.2024
6	16	0.8488	0.6309	0.2047
6	26	0.7986	0.8646	0.4524
6	30	0.6001	0.2883	0.4278
6	39	0.9975	0.4092	0.2466
7	8	0.8000	0.4595	0.5590
8	9	0.6993	0.7534	0.2815
9	10	0.9983	0.3878	0.7040
9	11	0.9987	0.3919	0.4883
9	12	0.6498	0.4866	0.4591
10	11	1.0000	0.8775	0.5942
10	12	0.9999	0.9310	0.3011
10	28	0.9501	0.9557	0.6608
10	29	0.8473	0.9297	0.4349
10	30	0.5501	0.7770	0.6401
11	12	0.9996	0.6640	0.2037
11	28	0.9987	0.8585	0.5108
11	29	0.9983	0.6526	0.0673
11	30	0.9980	0.7351	0.7373
12	13	0.9984	0.5731	0.3823
12	27	0.9970	0.6567	0.7047
12	28	0.9999	0.6010	0.6268
12	29	0.9972	0.6388	0.0820
12	30	0.9994	0.7656	0.8143
12	31	0.9484	0.5289	0.3021
12	32	0.9977	0.8357	0.1348
13	14	0.6007	0.9203	0.2353
13	16	0.8496	0.5301	0.8501
13	17	0.9985	0.6462	0.8813
13	26	0.9987	0.8879	0.8075
13	28	0.6000	0.8939	0.4973
13	30	0.9980	0.9446	0.9354
14	15	0.8497	0.8827	0.3665
14	16	0.9507	0.2049	0.7222
14	18	0.8500	0.2151	0.9511
14	26	0.9999	0.4443	0.8375
15	16	0.9983	0.7973	0.1480
15	18	0.6014	0.7054	0.3369
15	19	0.7525	0.5873	0.6790
15	26	0.9977	0.7815	0.2198
15	39	0.5005	0.2213	0.5625
16	17	0.9485	0.7967	0.6673
16	18	0.9993	0.7554	0.6441
16	20	0.6520	0.6308	0.4448
16	24	0.7506	0.0378	0.7189
16	25	0.5506	0.0631	0.4261
16	26	0.8995	0.5518	0.4434
17	18	0.9491	0.8520	0.2443
17	19	1.0000	0.5548	0.7762
17	26	0.9995	0.7762	0.6246
17	39	0.9998	0.7705	0.6960
18	19	0.9995	0.7403	0.3822
18	20	0.9993	0.5409	0.5324
18	21	0.6931	0.9335	0.3584
18	22	0.9484	0.4851	0.3029
18	23	0.9500	0.9616	0.1294
18	24	0.9999	0.7995	0.9188
18	25	0.9998	0.7950	0.9651
18	26	1.0000	0.6746	0.4280
19	20	0.9992	0.4230	0.5072
19	21	0.6508	0.4393	0.7539
19	26	1.0000	0.2972	0.7764
19	37	0.8498	0.2061	0.4829
19	38	0.5010	0.0357	0.6038
19	39	0.9998	0.3215	0.6820
20	21	0.9989	0.9130	0.5680
20	22	0.9993	0.5430	0.5234
20	23	0.9998	0.9918	0.1832
20	24	0.9994	0.8680	0.7843
20	25	0.9990	0.8347	0.8346
20	26	0.9999	0.6787	0.2687
21	22	0.9981	0.9099	0.3391
21	37	0.9495	0.2601	0.5973
21	38	0.6532	0.1871	0.6266
21	39	0.9999	0.2441	0.5546
22	23	0.6000	0.9147	0.1224
22	24	0.9987	0.9812	0.6416
22	25	0.9984	0.9421	0.3819
23	24	0.9982	0.4045	0.3467
23	25	1.0000	0.5329	0.4200
23	26	0.9990	0.2278	0.1884
24	25	0.9981	0.4245	0.3474
24	26	0.9002	0.1737	0.0559
25	26	0.9473	0.9279	0.0568
27	28	0.9996	0.9909	0.4061
27	29	0.9969	0.9953	0.1999
27	30	0.9988	0.9122	0.0900
27	31	0.8992	0.9467	0.7021
27	33	0.6993	0.9532	0.8461
28	29	0.9977	0.6605	0.2635
28	30	0.9989	0.7518	0.4188
28	31	0.7519	0.5726	0.5602
28	32	0.8981	0.7930	0.3049
29	30	0.9981	0.5902	0.3097
29	32	0.9981	0.5852	0.3938
30	31	0.9984	0.3631	0.3993
30	32	0.9984	0.7080	0.5259
30	35	0.6994	0.4419	0.3078
31	32	0.8987	0.2394	0.3819
31	35	0.5008	0.7504	0.1587
32	33	0.9960	0.9946	0.8962
32	34	0.6500	0.9997	0.3316
32	35	0.9994	0.9985	0.1556
32	36	0.9987	0.8686	0.8337
32	39	0.7946	0.6307	0.2239
33	34	0.6012	0.6059	0.2063
33	35	0.9985	0.6263	0.6432
33	36	0.9490	0.3234	0.3408
33	38	0.6514	0.2638	0.9465
33	39	0.9970	0.4484	0.0243
34	35	0.9998	0.5529	0.8339
34	36	0.9497	0.2774	0.4196
34	37	0.6208	0.7572	0.5014
34	38	0.9963	0.9912	0.7592
34	39	0.5003	0.5453	0.1133
35	36	0.9991	0.4816	0.2145
35	38	0.9500	0.0959	0.6926
35	39	0.9995	0.2804	0.1195
36	37	0.9491	0.8732	0.2072
36	38	0.9495	0.6901	0.4495
36	39	0.9999	0.6585	0.4112
37	38	0.9998	0.6583	0.5063
37	39	0.9997	0.5691	0.4137
38	39	1.0000	0.5613	0.3536
38	40	0.8500	0.4750	0.7283
39	40	0.9962	0.9784	0.6313
39	41	0.8997	0.3993	0.4756
40	41	0.9497	0.8552	0.4538
