0	1	0.9990	0.4891	0.1761
0	4	0.9998	0.5362	0.9572
0	8	0.9487	0.4382	0.2667
1	2	0.9983	0.8134	0.3513
1	3	0.8498	0.8791	0.6887
1	4	0.9997	0.7358	0.8524
1	8	0.9000	0.4091	0.4115
2	3	0.9965	0.5942	0.7517
2	4	0.9993	0.6484	0.7691
2	9	0.5007	0.2606	0.7514
2	11	0.5993	0.5767	0.8422
3	4	0.9979	0.8925	0.5950
3	5	0.8509	0.5258	0.2831
3	8	0.8494	0.5505	0.5199
3	11	0.9990	0.7222	0.9004
4	5	0.9990	0.6618	0.1282
4	8	1.0000	0.6983	0.5397
4	9	0.9999	0.1342	0.4353
4	10	0.5509	0.0578	0.8376
4	11	1.0000	0.6343	0.8263
5	6	0.9974	0.9766	0.4574
5	7	0.9991	0.9956	0.5414
5	8	1.0000	0.4820	0.5079
5	9	0.9994	0.8093	0.6811
5	10	0.9986	0.9826	0.7082
5	11	0.9997	0.3940	0.5725
6	7	0.8499	0.5705	0.6024
6	8	1.0000	0.7430	0.3967
6	9	1.0000	0.4047	0.7614
6	10	0.9999	0.5746	0.4912
6	11	0.9488	0.6856	0.0886
7	8	0.9982	0.6401	0.5067
7	9	0.9481	0.3739	0.8037
7	10	0.9981	0.7728	0.7196
8	9	1.0000	0.6829	0.5648
8	10	0.9001	0.6654	0.5324
8	11	0.9997	0.5282	0.5219
9	10	1.0000	0.5990	0.4658
9	11	0.9988	0.6135	0.1896
10	11	0.9994	0.8146	0.1403
