0	1	0.9994	0.6662	0.3738
0	2	0.9495	0.6987	0.3511
0	3	0.6007	0.4814	0.3701
0	4	0.9999	0.6261	0.4808
0	5	0.9985	0.7713	0.5790
0	6	0.9997	0.6211	0.4968
1	2	0.9985	0.8170	0.4365
1	3	0.9493	0.5075	0.4308
1	4	0.9995	0.5717	0.5698
1	5	0.9981	0.8703	0.5026
1	6	0.8995	0.5150	0.4658
1	7	0.5939	0.3926	0.3718
2	3	0.9990	0.5437	0.4662
2	4	0.9998	0.3937	0.6970
2	5	0.9500	0.7389	0.4787
2	6	0.9991	0.4008	0.3420
2	7	0.7999	0.4816	0.5079
3	4	0.9989	0.4576	0.4927
3	5	0.9987	0.2690	0.5944
3	22	0.7000	0.1031	0.9214
4	5	0.9975	0.8849	0.2408
4	6	0.6999	0.4845	0.4698
4	7	0.5508	0.4957	0.5397
4	22	0.8498	0.4680	0.8854
5	6	0.9993	0.6136	0.2647
5	7	0.9492	0.5815	0.3797
5	8	0.9990	0.3587	0.7926
5	19	0.5510	0.4041	0.3467
5	20	0.7501	0.3040	0.6960
5	22	0.9999	0.4289	0.9451
6	7	0.9981	0.4494	0.5546
6	8	0.8999	0.6009	0.5355
7	8	0.9497	0.4557	0.3475
7	9	0.6495	0.2090	0.4528
7	14	0.5514	0.1958	0.4090
7	19	0.9490	0.6502	0.3526
7	20	0.9498	0.6449	0.6849
7	22	1.0000	0.4501	0.8820
8	9	0.7500	0.8717	0.5311
8	15	0.6004	0.6701	0.5690
8	19	0.5498	0.4724	0.6204
8	20	0.5510	0.2483	0.4237
9	10	0.8984	0.8578	0.3199
9	13	0.9981	0.7358	0.7599
9	15	0.5994	0.6043	0.3253
9	16	0.5496	0.5115	0.7318
10	11	0.9962	0.8764	0.5493
10	12	0.9998	0.4511	0.5406
10	13	0.9999	0.5653	0.4531
10	14	0.5499	0.3787	0.7549
10	15	0.6505	0.6176	0.5673
10	16	1.0000	0.4590	0.8360
11	12	0.8990	0.7972	0.4492
11	13	0.9983	0.5163	0.2041
12	13	0.9995	0.6284	0.4014
13	14	0.9968	0.9136	0.3423
13	15	0.9993	0.8112	0.4707
13	16	0.9997	0.5856	0.5383
13	19	0.7002	0.7773	0.5032
13	20	0.6503	0.6007	0.4384
14	15	0.8988	0.7196	0.2442
14	16	0.9003	0.4374	0.7684
14	19	0.8497	0.3743	0.3408
14	20	0.5507	0.2358	0.5200
15	16	0.9996	0.6611	0.3828
15	18	0.5998	0.3183	0.7941
15	19	0.6722	0.5545	0.3687
15	20	0.8991	0.6591	0.4474
16	17	0.8499	0.7333	0.4647
16	18	0.9989	0.5842	0.6044
16	19	0.9989	0.3829	0.4772
16	20	0.6019	0.4220	0.5282
17	18	0.6507	0.4078	0.4870
17	22	0.9491	0.5200	0.7696
18	19	0.9482	0.8992	0.2878
18	22	0.8494	0.6267	0.5994
19	20	0.9981	0.7578	0.2800
20	21	0.8503	0.4006	0.4025
20	22	0.9990	0.4995	0.7886
21	22	0.9998	0.6177	0.6047
