0	1	0.9998	0.8062	0.3583
0	2	0.9998	0.5012	0.4841
0	3	0.9996	0.7636	0.5193
0	4	0.9998	0.6296	0.5197
0	5	0.7999	0.9457	0.4692
0	6	0.5501	0.6950	0.3004
0	19	0.9984	0.6604	0.6466
1	2	1.0000	0.6449	0.4598
1	4	0.9992	0.5676	0.6659
1	19	0.9995	0.5327	0.4513
2	3	0.9993	0.7295	0.6046
2	4	0.9989	0.6342	0.5933
2	5	0.5664	0.6686	0.5900
2	19	0.8987	0.3956	0.8023
3	4	1.0000	0.6831	0.6358
3	5	0.9999	0.5336	0.7424
4	5	0.9986	0.8757	0.5738
4	6	0.9998	0.5898	0.4325
4	7	0.8498	0.6402	0.4536
4	19	0.9985	0.6547	0.5937
5	6	0.9989	0.6649	0.3970
5	7	0.9990	0.4679	0.4274
5	20	0.9984	0.8757	0.6625
5	22	0.7991	0.7086	0.4980
6	7	0.9973	0.4852	0.4739
6	19	0.9997	0.5951	0.4333
6	20	0.9489	0.3020	0.6965
6	22	0.8008	0.5737	0.4937
7	19	0.9985	0.5200	0.4842
7	20	0.8501	0.4337	0.4392
8	9	0.9987	0.5277	0.3272
8	10	0.9997	0.3388	0.6000
8	11	0.5010	0.7292	0.1976
8	13	0.9487	0.7029	0.2753
8	15	0.8992	0.6346	0.2501
8	17	0.8985	0.3912	0.3019
9	10	0.9995	0.8340	0.3334
9	11	0.9991	0.5713	0.5491
9	12	0.9993	0.6960	0.4672
9	13	0.8496	0.5905	0.5741
9	14	0.5515	0.4650	0.2581
9	15	0.6509	0.6109	0.3982
10	11	0.9993	0.5548	0.5713
10	13	0.9498	0.5130	0.7385
10	15	0.8999	0.4313	0.6078
10	17	0.7501	0.2694	0.2485
11	12	0.9989	0.9101	0.5326
11	14	0.8999	0.8793	0.4702
11	15	0.6009	0.4659	0.3316
12	13	0.9999	0.5959	0.5077
12	14	0.8997	0.3397	0.5544
12	15	0.8990	0.4776	0.2102
13	14	0.9991	0.8552	0.5644
13	15	0.9994	0.5502	0.4489
13	17	0.7013	0.6806	0.1829
14	15	0.9990	0.5379	0.3246
14	17	0.9979	0.3539	0.0190
15	16	0.7986	0.8961	0.4226
15	17	0.9996	0.5479	0.3453
16	17	0.7992	0.6655	0.1317
17	19	0.9990	0.7498	0.5011
17	23	0.9492	0.5009	0.4750
17	24	0.8486	0.4325	0.3665
18	19	0.9983	0.6950	0.2075
18	21	0.5012	0.1252	0.3978
19	20	0.9993	0.9384	0.4570
19	21	0.9999	0.4479	0.5964
19	22	0.9989	0.3978	0.4699
20	22	0.8004	0.6229	0.6869
21	22	0.9997	0.8331	0.5247
23	24	0.9989	0.4668	0.3480
23	25	0.9984	0.3141	0.4232
24	25	1.0000	0.8672	0.5410
25	26	0.5499	0.6888	0.3437
25	29	0.8499	0.6660	0.3350
26	27	0.9997	0.7212	0.3477
26	28	0.9995	0.6369	0.4331
26	29	0.9998	0.4941	0.4394
26	30	0.6999	0.6618	0.4864
26	31	0.6500	0.5792	0.4665
26	49	0.5020	0.4889	0.4709
27	28	0.8497	0.8092	0.2926
27	29	0.9989	0.6024	0.8218
28	29	0.9996	0.4640	0.4632
28	30	0.6996	0.0969	0.7518
28	48	0.9498	0.4231	0.8011
28	49	0.7503	0.7160	0.6292
29	30	0.9481	0.9557	0.3507
29	31	0.7493	0.7583	0.6191
30	31	0.9966	0.8886	0.3455
30	33	0.8998	0.4276	0.7924
30	34	0.5611	0.6215	0.4447
30	48	0.5491	0.4351	0.7524
30	49	0.6493	0.3984	0.6348
31	32	0.8489	0.5473	0.3348
31	33	0.8501	0.3743	0.7105
31	34	0.9003	0.6193	0.6703
31	48	0.6499	0.6848	0.7141
32	33	0.9983	0.5081	0.4592
32	34	0.8996	0.1282	0.5268
33	34	0.9994	0.8312	0.4991
34	35	0.9994	0.8010	0.2626
34	48	0.9996	0.7449	0.6310
34	49	0.7001	0.7793	0.5991
35	48	0.9982	0.7438	0.8011
35	49	0.9982	0.2949	0.4106
35	57	0.5499	0.3832	0.5643
36	40	0.7518	0.9598	0.7534
36	41	0.9990	0.7023	0.6026
36	42	0.9986	0.9026	0.0926
36	43	0.8994	0.9171	0.5751
36	44	0.8001	0.6492	0.3513
36	46	0.9485	0.9223	0.5921
36	47	0.9999	0.4948	0.6230
36	48	0.9998	0.1903	0.1909
36	53	0.5007	0.5498	0.6123
36	55	0.9978	0.3656	0.5294
36	56	0.6999	0.1929	0.4804
37	38	1.0000	0.7946	0.3505
37	39	1.0000	0.5864	0.4718
38	39	0.9996	0.5400	0.3605
39	40	0.9495	0.7591	0.3409
40	41	0.9507	0.7953	0.4131
40	43	1.0000	0.5960	0.8152
40	45	0.7003	0.4576	0.5824
41	42	0.9990	0.7834	0.3128
41	43	0.9496	0.5400	0.7125
41	45	0.7003	0.4362	0.4723
41	46	0.9000	0.5596	0.5548
41	47	0.8498	0.4254	0.5500
42	43	0.9999	0.5892	0.5153
42	44	0.9503	0.5415	0.4948
42	45	0.6506	0.5062	0.4413
42	46	0.9992	0.3754	0.1954
42	47	0.9991	0.2691	0.4621
42	48	0.9008	0.1783	0.4412
43	44	0.9994	0.8388	0.5779
43	45	0.9487	0.8140	0.2807
43	46	0.9991	0.8624	0.2956
43	47	0.8499	0.7593	0.2910
44	45	0.7000	0.6329	0.4545
44	46	0.7002	0.5925	0.3781
45	46	0.9988	0.6008	0.2645
46	47	0.9981	0.7102	0.2431
46	48	0.8994	0.5320	0.1858
46	55	0.5002	0.3584	0.4236
47	48	0.8996	0.5625	0.2099
48	49	0.7502	0.9564	0.3093
48	50	0.7505	0.8066	0.4222
49	50	0.5006	0.7300	0.1899
50	51	0.6505	0.9545	0.1806
50	55	0.6500	0.5061	0.4880
51	52	0.9993	0.6160	0.3217
52	53	0.9996	0.6971	0.2655
52	55	0.9998	0.6511	0.6831
52	56	0.7504	0.6363	0.5537
52	57	0.8003	0.6108	0.8395
53	55	0.9985	0.5667	0.6812
53	56	0.9005	0.5171	0.5012
53	57	0.7507	0.5378	0.5748
54	55	0.9978	0.7104	0.5912
54	56	0.7570	0.4801	0.5324
54	57	0.6999	0.4658	0.5206
55	56	0.9993	0.7006	0.4712
55	57	0.9496	0.6307	0.5086
56	57	0.7492	0.4830	0.3834
58	59	0.8998	0.5717	0.3944
58	60	0.8998	0.3698	0.5954
58	61	0.7503	0.4803	0.2809
59	60	0.9001	0.5206	0.4996
59	61	0.9989	0.3768	0.3411
60	61	0.6005	0.7646	0.3807
