0	1	0.9978	0.4067	0.5679
0	3	0.7000	0.4689	0.3853
0	7	0.9985	0.4672	0.4452
0	8	0.5019	0.4116	0.3694
0	9	0.5005	0.4128	0.4880
0	10	0.9493	0.5711	0.5737
1	3	0.9500	0.7143	0.5977
1	4	0.8500	0.6066	0.4475
1	5	0.8493	0.7283	0.6552
1	7	0.9994	0.7400	0.4658
1	9	0.6995	0.8730	0.4784
1	10	0.9993	0.5993	0.5277
2	3	0.5004	0.6556	0.3452
3	4	0.8000	0.4209	0.5907
3	5	0.8996	0.4653	0.6480
3	6	0.5998	0.2952	0.6839
3	7	0.9496	0.5734	0.6223
3	8	0.5503	0.4339	0.3712
3	9	0.7996	0.4907	0.3657
4	5	0.7001	0.5110	0.5355
4	7	0.8498	0.5865	0.6051
5	6	0.8489	0.5784	0.4440
5	7	0.8501	0.6958	0.4310
6	7	0.7494	0.8136	0.4013
7	8	0.6819	0.4101	0.3992
7	9	0.9473	0.6900	0.5058
7	10	0.8000	0.4270	0.4449
8	9	0.7001	0.8489	0.2672
9	10	0.9490	0.7206	0.4328
10	11	0.8497	0.5487	0.6175
10	18	0.7997	0.5561	0.4874
11	12	0.9498	0.6313	0.4249
11	13	0.6002	0.8435	0.4467
11	14	0.5999	0.5768	0.4512
11	18	0.8994	0.5565	0.5095
12	13	0.9000	0.6495	0.4483
12	14	0.8996	0.4615	0.4113
12	16	0.6507	0.5697	0.4317
12	18	0.9991	0.4123	0.5297
12	19	0.6998	0.5704	0.4074
12	23	0.5000	0.3129	0.4254
13	14	0.9999	0.6919	0.3730
13	16	0.9496	0.5559	0.6362
13	17	0.8497	0.6069	0.5052
13	18	0.9994	0.7742	0.2786
13	20	0.9993	0.7144	0.5027
14	15	0.9979	0.9834	0.3966
14	16	1.0000	0.6407	0.4561
14	17	0.9993	0.7498	0.6106
14	18	0.9998	0.5385	0.4277
14	19	0.9494	0.7980	0.3528
14	20	0.9991	0.5828	0.5480
14	22	0.5007	0.5200	0.3056
15	16	0.9489	0.6326	0.1872
15	18	0.5999	0.6460	0.5379
15	20	0.7000	0.4621	0.5217
16	17	0.9990	0.4737	0.5768
16	18	0.9992	0.4507	0.4510
16	19	0.8998	0.3433	0.4318
16	20	0.8999	0.4329	0.3975
17	18	0.9987	0.6429	0.4477
17	19	0.8815	0.5818	0.3723
17	20	0.9996	0.6034	0.4347
18	19	0.9497	0.6411	0.5351
18	20	0.9491	0.5296	0.5362
18	21	0.6005	0.5488	0.4528
18	22	0.7500	0.5970	0.3188
19	20	0.9494	0.4366	0.5909
19	22	0.7491	0.5106	0.4294
19	23	0.5499	0.3724	0.3629
20	21	0.9974	0.9090	0.3971
20	22	0.8497	0.6584	0.5002
20	23	0.6999	0.4935	0.5108
21	22	0.7024	0.8424	0.7026
21	23	0.5001	0.4129	0.2441
22	23	0.7499	0.6022	0.4903
