0	1	0.9995	0.4122	0.7908
0	2	0.9980	0.6289	0.4812
0	3	0.6497	0.0310	0.3438
0	6	0.6512	0.1397	0.8577
0	7	0.9491	0.4690	0.2427
0	8	0.8991	0.4655	0.4769
0	10	0.8483	0.2382	0.8690
0	11	0.7986	0.5734	0.1418
0	12	0.9980	0.8613	0.7684
0	13	0.9974	0.7835	0.0923
1	2	0.9991	0.4510	0.2047
1	3	0.7824	0.4449	0.4241
1	6	0.9999	0.5357	0.7429
1	7	0.9991	0.4879	0.3996
1	8	0.9997	0.6385	0.9150
1	9	0.9498	0.3604	0.4166
1	10	0.9969	0.7408	0.7264
1	11	0.9977	0.6231	0.2996
1	12	0.6998	0.4366	0.6104
1	18	0.9001	0.1664	0.5637
2	3	0.9995	0.3475	0.5205
2	4	0.9994	0.3959	0.6851
2	5	0.9998	0.1835	0.8728
2	6	0.9998	0.4806	0.6446
2	7	0.9978	0.3194	0.5267
2	8	0.9999	0.3561	0.8155
2	9	0.9989	0.2536	0.4474
2	10	0.9993	0.4984	0.6868
2	11	0.8996	0.2126	0.4771
2	13	0.5022	0.0057	0.3122
2	22	0.5007	0.1417	0.5290
3	4	0.9996	0.6762	0.4853
3	5	0.9996	0.9044	0.9594
3	6	1.0000	0.4452	0.6890
3	7	0.9997	0.6801	0.6187
3	8	1.0000	0.2670	0.7549
3	9	0.9992	0.4490	0.4823
3	10	0.7485	0.6398	0.5921
3	15	0.9501	0.0252	0.6753
3	19	0.6505	0.2985	0.0657
4	6	0.9998	0.4908	0.4974
4	7	0.8489	0.5065	0.6327
4	8	0.9981	0.5729	0.4779
4	10	0.8994	0.8772	0.6354
5	6	0.9992	0.9500	0.2230
5	7	0.7003	0.8788	0.6585
6	7	0.9995	0.6679	0.4302
6	8	0.9997	0.6346	0.8226
6	9	0.9998	0.4938	0.6042
6	10	0.9988	0.8227	0.7164
6	14	1.0000	0.0270	0.4736
7	8	0.9987	0.7340	0.6290
7	9	0.8000	0.5347	0.4862
8	9	1.0000	0.8598	0.5747
8	10	0.9994	0.7450	0.8671
8	15	0.7008	0.5517	0.7536
9	10	0.9001	0.7369	0.8240
11	12	0.9499	0.5006	0.3659
11	13	0.9985	0.3592	0.3934
11	15	0.9988	0.3166	0.8149
11	16	0.9991	0.6133	0.5369
11	17	0.5501	0.1908	0.8877
11	18	0.5997	0.4110	0.4258
12	13	0.9968	0.2978	0.4026
13	14	0.8489	0.9771	0.0189
13	15	0.8497	0.3918	0.8397
13	16	0.9499	0.6733	0.6557
13	17	0.7491	0.7421	0.7250
13	18	0.9490	0.5034	0.3630
13	19	0.7003	0.7287	0.2161
13	21	0.6999	0.5032	0.3489
14	15	0.9977	0.5525	0.1319
14	16	0.5512	0.0771	0.7712
15	16	1.0000	0.8066	0.3482
15	17	0.6001	0.8576	0.3691
16	17	0.9997	0.7832	0.7126
16	18	0.7501	0.6338	0.4929
16	19	0.9489	0.9025	0.7657
16	20	0.9983	0.9028	0.5342
17	18	0.9989	0.6864	0.1738
17	19	0.9995	0.6502	0.7787
17	20	1.0000	0.5824	0.8059
17	21	0.9973	0.7575	0.1230
18	19	0.9967	0.9701	0.5235
18	20	0.9998	0.6048	0.5255
18	21	0.9965	0.3285	0.5058
19	20	0.9986	0.6495	0.1015
19	21	0.9988	0.4889	0.5342
20	21	0.9984	0.7641	0.0867
21	22	0.9498	0.8885	0.2688
