0	1	0.9996	0.5343	0.3365
0	2	0.9993	0.6554	0.5275
0	3	0.9996	0.6927	0.5755
0	4	0.9994	0.6055	0.2380
0	5	0.9992	0.5326	0.4770
0	6	0.9997	0.2763	0.8206
0	20	0.9997	0.3215	0.9647
1	2	0.9997	0.4729	0.5683
1	3	0.8997	0.6695	0.5382
1	4	0.9989	0.4600	0.2861
1	6	0.8494	0.2632	0.7077
1	20	1.0000	0.3152	0.9470
2	3	0.9999	0.6554	0.4202
2	4	0.9991	0.3999	0.2815
2	5	1.0000	0.3949	0.8529
2	6	0.9495	0.8079	0.6874
2	7	0.5500	0.3709	0.2790
2	8	0.8000	0.3734	0.7543
2	20	0.9498	0.6281	0.9061
3	4	0.9492	0.5382	0.3210
4	5	0.9993	0.5141	0.3529
4	6	0.9487	0.2470	0.5054
4	15	0.5002	0.5979	0.7709
4	20	0.9996	0.0834	0.8650
5	6	0.9985	0.8878	0.5700
5	7	0.9990	0.5019	0.5289
5	8	0.9494	0.6491	0.4846
5	20	0.9999	0.4447	0.8339
6	7	0.9995	0.7111	0.3431
6	8	0.9998	0.7015	0.9271
6	17	0.6011	0.6948	0.4749
6	19	0.9493	0.7383	0.6990
6	20	0.9999	0.7078	0.9825
7	8	0.9999	0.5487	0.4188
7	9	0.7497	0.5727	0.1561
7	20	0.6500	0.3007	0.7439
8	20	1.0000	0.7213	0.9286
9	10	0.9493	0.8243	0.1242
9	12	0.7007	0.7579	0.7106
9	14	0.7999	0.7978	0.2035
9	16	0.7499	0.8270	0.3456
9	19	1.0000	0.9185	0.6735
9	20	0.9987	0.8877	0.5308
10	11	0.9990	0.6551	0.6052
10	12	0.9970	0.5434	0.6666
10	13	0.9464	0.1686	0.8544
10	14	0.8993	0.7212	0.3564
10	15	0.9483	0.6273	0.5468
10	16	0.8991	0.5109	0.4346
10	17	0.9970	0.5133	0.1329
10	18	0.9981	0.6042	0.1782
10	19	0.9992	0.3092	0.7145
10	20	0.9489	0.3520	0.4264
11	12	0.9991	0.7009	0.5839
11	14	0.9984	0.8505	0.2747
11	16	0.7481	0.4432	0.4531
11	17	0.9000	0.2520	0.2843
12	13	0.9964	0.9292	0.6634
12	14	0.9985	0.9261	0.4981
12	15	0.9990	0.5679	0.5261
12	16	0.7995	0.4732	0.4972
12	17	0.8492	0.9098	0.3786
12	18	0.7991	0.4741	0.4941
12	19	0.7497	0.6823	0.5148
12	20	0.6994	0.6043	0.2884
13	14	0.9976	0.8747	0.0422
13	16	0.6493	0.7246	0.5303
13	20	0.6978	0.9104	0.3329
14	15	1.0000	0.5956	0.3545
14	16	1.0000	0.6339	0.6818
14	17	0.9999	0.4291	0.5810
14	18	0.9992	0.5285	0.2551
14	19	0.9991	0.6718	0.4120
14	20	0.8481	0.5729	0.4352
15	16	0.9992	0.4912	0.4895
15	17	0.9996	0.1280	0.5084
15	18	0.9987	0.6128	0.7226
16	17	0.9987	0.9348	0.4450
16	18	0.9992	0.4418	0.4382
16	19	0.6503	0.3794	0.2881
17	18	0.9989	0.6531	0.1042
17	19	0.8001	0.4416	0.4975
17	20	0.5034	0.2310	0.3332
18	19	0.6012	0.4472	0.3792
19	20	0.9999	0.7145	0.5749
