0	1	1.0000	0.5382	0.4252
0	2	0.9997	0.5142	0.5233
0	3	0.9980	0.9449	0.5484
0	4	0.9972	0.2635	0.4668
0	5	0.9485	0.2671	0.6472
0	6	0.9960	0.0456	0.6493
0	7	0.6990	0.6042	0.7746
0	13	0.7501	0.6127	0.6276
0	14	0.9493	0.4932	0.7237
1	2	0.9998	0.5432	0.2916
1	4	0.9492	0.5751	0.4167
1	6	1.0000	0.4801	0.4068
1	7	1.0000	0.0840	0.8501
1	9	0.9004	0.0340	0.3160
1	10	0.9998	0.0557	0.3750
1	12	0.9999	0.2424	0.9862
1	13	1.0000	0.5944	0.5733
1	14	1.0000	0.4375	0.4963
2	3	0.9992	0.9336	0.3417
2	4	0.9966	0.3204	0.3597
2	13	0.7490	0.5593	0.6628
2	14	0.9992	0.3612	0.8547
3	4	0.9985	0.7618	0.0990
4	5	0.9988	0.5078	0.5309
4	6	0.9999	0.5373	0.4373
5	6	0.9994	0.8264	0.4407
6	7	1.0000	0.4345	0.3720
6	10	0.9972	0.4188	0.0039
7	8	0.9500	0.7581	0.6083
7	9	0.9989	0.9222	0.3843
7	10	0.9999	0.7624	0.4028
7	11	0.8998	0.8086	0.6322
7	12	0.5498	0.4507	0.6579
8	9	0.9997	0.5413	0.5181
8	10	0.9999	0.4826	0.7322
8	11	0.9996	0.5208	0.5665
8	12	0.9994	0.5043	0.3039
9	10	1.0000	0.6417	0.8910
9	11	0.9995	0.3480	0.6690
9	12	0.9997	0.6794	0.3451
10	11	0.9978	0.9382	0.4460
10	12	0.9992	0.4840	0.4577
10	13	0.8989	0.3917	0.5393
11	12	0.9993	0.6245	0.3170
12	13	0.9999	0.9526	0.4295
