0	1	0.9988	0.6479	0.4973
0	2	0.7503	0.4785	0.4259
0	6	0.7502	0.3841	0.3778
1	2	0.9996	0.8353	0.4393
1	5	0.6492	0.4406	0.5443
1	6	0.9999	0.6886	0.3380
1	7	0.5012	0.4614	0.4159
1	8	0.9479	0.6436	0.5299
2	3	0.9487	0.7201	0.3364
2	4	0.9999	0.7062	0.8399
2	5	0.9999	0.4143	0.8306
2	6	0.9999	0.5876	0.5382
2	7	0.5522	0.4661	0.4836
2	8	0.7991	0.6267	0.6007
3	4	0.9992	0.4895	0.4385
3	8	0.9978	0.4710	0.4781
4	5	0.9983	0.9926	0.6893
4	6	0.9993	0.8388	0.5025
4	7	0.9971	0.5603	0.6861
4	8	0.9992	0.5413	0.4898
4	9	0.6492	0.7348	0.6174
5	6	0.9475	0.7539	0.1058
5	7	0.9994	0.5262	0.7395
5	8	0.9986	0.6900	0.5722
6	7	0.9993	0.6917	0.2428
6	8	1.0000	0.6056	0.6947
6	9	0.6502	0.5830	0.3407
7	8	0.9999	0.5598	0.5354
7	9	0.5008	0.1089	0.5302
8	9	0.9496	0.8069	0.4636
