0	1	0.9993	0.7333	0.3388
0	2	0.8999	0.1653	0.4757
0	3	0.9955	0.3942	0.6324
0	4	0.9997	0.8366	0.4587
0	5	0.5507	0.5082	0.3535
1	2	0.8502	0.7550	0.1754
1	3	0.9999	0.3575	0.7126
1	5	0.6507	0.7112	0.1605
2	3	0.9974	0.8109	0.0661
2	4	0.5498	0.5395	0.7485
3	4	0.8499	0.8977	0.4535
3	5	0.8003	0.3867	0.6178
3	14	0.6012	0.5237	0.5422
3	18	0.9216	0.6829	0.7816
3	19	0.5508	0.8747	0.2626
4	5	0.9985	0.7838	0.3669
4	8	0.6001	0.3095	0.3402
4	19	0.6988	0.7526	0.3961
5	6	0.9496	0.6088	0.1935
5	7	0.7504	0.1944	0.7596
5	9	0.9492	0.5614	0.1307
5	10	0.6000	0.2929	0.6299
6	7	0.9988	0.9424	0.4464
6	8	0.9493	0.4846	0.5556
6	9	0.9005	0.5747	0.4658
6	10	0.9966	0.9384	0.4689
6	11	0.9494	0.5393	0.5182
6	12	0.9987	0.5263	0.5551
6	13	0.9985	0.5812	0.5461
6	14	0.9995	0.6820	0.5162
6	18	0.9978	0.5589	0.6836
6	19	0.5001	0.5570	0.4739
6	20	0.5497	0.1938	0.6863
7	8	0.8999	0.6780	0.3250
7	9	0.9999	0.4575	0.8639
7	10	0.7503	0.3456	0.3246
7	11	0.7470	0.6722	0.3783
7	12	0.8001	0.6158	0.6092
7	13	0.7005	0.5876	0.4062
8	9	0.9996	0.6997	0.2647
8	10	0.8995	0.4709	0.5708
8	11	0.6510	0.6370	0.4641
8	12	0.7499	0.5495	0.4128
8	13	0.6410	0.4336	0.4073
8	14	0.5510	0.6236	0.1779
9	10	0.9982	0.8584	0.6235
9	11	0.9994	0.3997	0.4909
9	13	0.9484	0.5359	0.5188
9	14	0.9496	0.5834	0.3968
9	18	0.5001	0.5291	0.4181
10	11	0.9994	0.8444	0.4030
10	12	0.8991	0.6802	0.4546
10	13	0.6002	0.4614	0.4295
10	14	0.8991	0.6408	0.3661
10	18	0.5001	0.6778	0.6234
11	12	0.8999	0.6208	0.4523
11	13	0.9500	0.3454	0.5296
11	14	0.9492	0.4777	0.5715
11	18	0.6493	0.2358	0.4970
11	19	0.7492	0.4462	0.5742
12	13	0.9993	0.5775	0.5410
12	14	0.9994	0.5855	0.4856
12	18	0.9488	0.5349	0.5723
12	19	0.6714	0.4283	0.4552
12	20	0.6003	0.2554	0.4547
13	14	0.9994	0.5509	0.5190
13	15	0.8492	0.4866	0.5485
13	16	0.5003	0.4988	0.6117
13	18	0.9985	0.5466	0.6354
13	20	0.9492	0.4276	0.5003
13	21	0.8498	0.4416	0.2742
14	15	0.8996	0.6525	0.5930
14	18	0.7503	0.3986	0.5669
14	19	0.6504	0.5023	0.3354
14	20	0.9498	0.6049	0.4522
14	21	0.8001	0.5730	0.3378
15	16	0.9500	0.8734	0.5442
15	17	1.0000	0.8617	0.6451
15	18	0.9993	0.6520	0.5656
15	19	0.8990	0.6188	0.5971
15	20	0.9994	0.4863	0.4062
15	21	0.6003	0.3947	0.2239
15	22	0.7998	0.6341	0.6617
16	17	0.8501	0.5987	0.4088
16	18	0.8996	0.6106	0.1940
16	20	0.9485	0.4888	0.2420
16	22	0.6002	0.4838	0.8233
16	23	0.5507	0.5807	0.4825
17	18	0.8993	0.7092	0.2800
17	20	0.8238	0.8169	0.4514
17	22	0.9999	0.7873	0.9101
18	19	0.9989	0.8334	0.4262
18	20	0.9998	0.6944	0.4511
18	21	0.9998	0.5894	0.5074
18	22	0.9494	0.4190	0.6086
18	23	0.5010	0.3239	0.3674
19	20	0.9979	0.5800	0.3301
19	21	0.9979	0.3500	0.3322
19	22	0.5009	0.4743	0.6742
20	21	0.9993	0.5361	0.3369
20	22	0.9992	0.4910	0.5694
20	23	0.8850	0.4881	0.3294
21	22	0.9998	0.9048	0.3560
22	23	1.0000	0.6435	0.4074
