0	1	0.9963	0.6582	0.4567
0	2	0.9997	0.4978	0.4873
0	5	1.0000	0.5170	0.8167
0	6	1.0000	0.5354	0.5004
0	9	0.9996	0.8818	0.4355
0	10	0.9994	0.5201	0.6110
0	17	0.9507	0.3545	0.9288
1	2	0.9996	0.6208	0.1890
1	6	0.9999	0.5465	0.3793
1	10	0.9998	0.1114	0.9653
1	14	0.9990	0.0768	0.9879
1	17	0.9990	0.5254	0.2337
2	3	0.6509	0.9758	0.0901
2	4	0.8503	0.9876	0.1092
2	5	0.9996	0.5249	0.7179
2	6	0.9997	0.6935	0.3385
3	4	0.9495	0.6846	0.6441
5	6	1.0000	0.8497	0.2521
5	9	0.9001	0.3965	0.5880
6	9	0.9989	0.8145	0.4917
6	10	1.0000	0.5982	0.4415
6	12	0.8987	1.0000	0.6390
6	14	1.0000	0.5808	0.3264
6	17	0.9981	0.4215	0.9510
7	8	0.9985	0.8027	0.0832
7	12	1.0000	0.0121	0.1205
8	9	0.9979	0.8140	0.0463
8	12	0.9997	0.4310	0.4819
9	10	0.9994	0.5275	0.3246
9	12	1.0000	0.3730	0.7407
9	14	0.9967	0.8644	0.0030
10	11	0.9991	0.9905	0.1284
10	12	0.9977	0.8727	0.6174
10	13	0.9990	0.0694	0.5164
10	14	1.0000	0.5756	0.4828
10	17	1.0000	0.5794	0.7887
10	18	0.9997	0.0529	0.8244
10	19	0.8487	0.9675	0.1282
11	12	0.9998	0.5704	0.2567
11	14	0.9982	0.0237	0.9892
11	16	0.5004	0.3566	0.8223
11	19	1.0000	0.0268	0.5975
12	13	0.9977	0.9240	0.5955
12	14	0.9999	0.7393	0.2828
12	19	0.9946	0.7413	0.0004
13	14	0.9982	0.8752	0.0298
13	19	0.5003	0.5565	0.0312
14	17	0.9991	0.6315	0.6518
14	18	0.9994	0.0795	0.8678
14	19	0.9998	0.7674	0.4586
15	16	1.0000	0.5589	0.4167
17	18	0.9992	0.9999	0.5675
17	19	1.0000	0.5986	0.7562
