0	1	0.9995	0.5173	0.4062
0	23	0.5509	0.2939	0.6607
1	2	0.8001	0.6743	0.6519
1	6	0.6008	0.6206	0.4945
1	23	0.9501	0.3941	0.5660
2	3	0.5999	0.7232	0.3288
2	23	0.5007	0.2821	0.3233
3	4	1.0000	0.7584	0.3842
3	6	0.9000	0.5143	0.7335
3	7	0.9986	0.9387	0.1243
3	9	0.8987	0.8126	0.0253
3	13	0.6502	0.9321	0.1395
3	17	0.8578	0.9733	0.1446
3	18	0.5001	0.7398	0.6399
3	19	0.8003	0.9106	0.2399
3	22	0.9994	0.9413	0.3731
4	5	0.6000	0.8144	0.3088
4	6	0.9991	0.9364	0.8075
4	7	0.9996	0.5643	0.3720
4	8	0.5397	0.5840	0.4201
4	9	0.9986	0.4789	0.1929
4	13	0.5003	0.3255	0.3592
4	17	0.8486	0.3322	0.5840
4	19	0.9965	0.4032	0.7582
4	21	0.8490	0.4943	0.4320
4	22	0.9987	0.5009	0.6945
4	23	0.9982	0.7200	0.2503
5	6	0.9983	0.5670	0.5139
5	7	0.9997	0.1612	0.8329
5	8	0.9984	0.6604	0.3322
5	9	0.8980	0.5865	0.4782
5	21	0.5503	0.7359	0.1665
5	22	0.8999	0.5369	0.9168
5	23	0.9989	0.6492	0.2557
6	7	1.0000	0.7114	0.3882
6	8	1.0000	0.3833	0.6003
6	9	0.9971	0.7515	0.0191
6	22	0.7004	0.7670	0.5467
7	8	1.0000	0.7656	0.3050
7	9	0.9995	0.5216	0.4456
7	10	1.0000	0.9893	0.7759
7	11	0.9995	0.5742	0.4498
7	13	0.9996	0.5405	0.4303
7	15	0.7988	0.5291	0.0989
7	17	0.9980	0.4437	0.7881
7	19	0.9474	0.4377	0.7307
7	22	0.9981	0.2978	0.8087
8	9	0.9991	0.4668	0.2149
8	10	0.9999	0.1243	0.9282
8	11	0.6022	0.2619	0.3221
9	10	0.9979	0.8027	0.6326
9	11	0.9998	0.7042	0.4474
9	12	0.8002	0.8983	0.2901
9	13	1.0000	0.6775	0.4658
9	14	0.9992	0.9935	0.5559
9	15	0.9964	0.9184	0.0379
9	17	0.9979	0.8433	0.7318
9	19	0.7987	0.5092	0.6440
9	22	0.9989	0.2637	0.8575
10	11	1.0000	0.6535	0.4234
10	12	0.9997	0.4528	0.5618
10	13	0.9978	0.6516	0.0227
11	12	0.9983	0.7756	0.5857
11	13	0.9992	0.6343	0.2767
11	14	0.9996	0.9872	0.7524
11	15	0.9992	0.8309	0.0680
11	16	0.5508	0.9521	0.7793
11	17	0.9997	0.7640	0.4031
11	19	0.9489	0.6419	0.2640
12	13	0.9984	0.6086	0.1025
12	14	0.9001	0.1189	0.7569
12	16	1.0000	0.2087	0.9048
13	14	0.9977	0.9351	0.5554
13	15	0.9990	0.8340	0.2511
13	16	0.9993	0.7358	0.5663
13	17	0.9988	0.6101	0.5721
13	18	0.8493	0.9944	0.4751
13	19	0.9487	0.6306	0.5922
13	22	0.9973	0.5874	0.6884
14	15	0.9992	0.5372	0.5606
14	16	0.9996	0.4164	0.4346
14	17	0.9999	0.4181	0.9398
14	18	0.9994	0.1734	0.4370
14	19	0.5405	0.2293	0.5698
15	16	0.9960	0.9690	0.3355
15	17	0.9986	0.6004	0.6653
15	18	0.9961	0.9735	0.4087
15	19	0.9987	0.7497	0.5960
15	22	0.9983	0.6526	0.4433
16	17	0.9999	0.5137	0.5454
16	18	0.9999	0.4249	0.6966
16	19	0.9977	0.6151	0.0774
17	18	0.9985	0.8625	0.4875
17	19	0.9998	0.5672	0.5172
17	22	0.9990	0.5968	0.4967
18	19	0.9996	0.5763	0.2764
18	20	0.8505	0.0595	0.3646
18	21	1.0000	0.2432	0.8294
18	22	0.8993	0.3588	0.1901
19	20	0.9000	0.9977	0.0764
19	21	0.8996	0.7972	0.7285
19	22	0.9997	0.5051	0.4746
20	21	0.9965	0.6189	0.0840
20	22	1.0000	0.0616	0.9970
20	23	0.9990	0.4788	0.2260
21	22	0.9998	0.6612	0.6918
22	23	0.9997	0.9629	0.3111
