0	1	0.9968	0.7769	0.0401
0	2	0.9970	0.8938	0.9307
0	3	0.9990	0.9097	0.5380
0	6	0.9988	0.9980	0.8964
0	7	0.9971	0.9984	0.1066
1	2	0.9997	0.5098	0.5741
1	3	0.9962	0.2589	0.4360
1	6	0.9972	0.0098	0.5896
1	7	0.9974	0.0883	0.5869
2	3	0.9989	0.4763	0.4932
2	4	0.9001	0.0022	0.4241
2	5	0.5016	0.0410	0.2763
2	7	0.9980	0.6122	0.6356
3	4	0.9970	0.9928	0.5310
3	5	0.9998	0.9054	0.4475
3	6	0.9993	0.2152	0.2527
3	7	1.0000	0.5025	0.4891
4	5	0.9977	0.9054	0.1902
4	7	0.9985	0.3371	0.0712
5	6	0.9999	0.7815	0.1322
5	7	1.0000	0.5151	0.4089
5	10	1.0000	0.9967	0.9566
6	7	0.9999	0.4726	0.4892
7	13	0.9997	1.0000	0.6526
8	10	0.9984	0.0504	0.1800
8	11	0.9998	0.0012	0.8273
8	12	1.0000	0.3402	0.7254
8	13	1.0000	0.0000	0.0135
8	15	1.0000	0.2971	0.9582
9	10	0.9986	0.3650	0.3021
9	11	0.5036	0.0076	0.7686
9	12	0.9995	0.1897	0.5295
9	13	1.0000	0.0582	0.0137
9	15	0.9996	0.3997	0.8898
10	11	0.9498	0.9367	0.0581
10	12	0.8502	0.4058	0.9354
10	13	0.9980	0.5024	0.1593
10	15	1.0000	0.4298	0.5749
10	17	0.9988	0.1933	0.2115
10	19	0.9997	0.5679	0.2822
11	13	1.0000	0.3565	0.8657
11	15	1.0000	0.0005	0.6258
12	13	0.9998	0.9976	0.0644
12	15	0.9003	0.4785	0.9754
13	15	1.0000	0.0003	0.6911
14	15	0.9991	0.1725	0.1099
14	16	0.8499	0.5867	0.8230
14	17	0.6997	0.2607	0.4751
14	18	0.9975	0.3610	0.0036
15	16	0.9999	0.4465	0.6519
15	17	0.9997	0.6920	0.7919
15	18	0.9997	0.2008	0.0017
15	19	0.9988	0.2667	0.1092
16	17	0.8998	0.5617	0.6950
16	18	0.5510	0.3915	0.0069
17	18	0.9997	0.7609	0.7651
17	19	0.9997	0.4982	0.8127
18	19	0.6998	0.9731	0.5446
