0	1	0.9997	0.5423	0.5637
0	2	0.9996	0.4551	0.4621
0	3	1.0000	0.7334	0.4565
1	2	1.0000	0.8138	0.3558
1	3	0.9999	0.6575	0.4694
1	5	0.9997	0.6463	0.3756
1	6	0.5500	0.6103	0.4430
2	3	1.0000	0.5439	0.5069
2	4	0.9991	0.6116	0.9178
2	5	1.0000	0.6428	0.5105
2	6	0.9999	0.7262	0.5600
3	4	0.9986	0.6717	0.6151
3	5	0.9999	0.5039	0.5452
3	6	0.9999	0.6300	0.4933
4	5	0.9971	0.8061	0.2223
4	6	0.9989	0.3282	0.8180
4	7	0.9484	0.9181	0.1065
5	6	0.9998	0.6083	0.4910
5	7	1.0000	0.5935	0.5391
5	8	0.9998	0.7582	0.3727
6	7	0.9999	0.6112	0.5426
6	8	0.8498	0.6264	0.4620
7	8	1.0000	0.6195	0.5271
7	9	0.5500	0.5372	0.4449
8	9	1.0000	0.6524	0.5011
8	10	0.7003	0.6366	0.4105
9	10	0.8997	0.5526	0.5062
9	11	0.8491	0.5546	0.4944
10	11	0.9993	0.5224	0.5050
10	12	0.9994	0.5664	0.5110
10	14	0.5506	0.5630	0.6056
11	12	0.9994	0.5601	0.5965
11	13	0.9971	0.8939	0.6718
11	14	0.9990	0.5653	0.5969
11	15	0.7005	0.5965	0.4848
12	13	0.9959	0.9753	0.7922
12	14	0.9992	0.6090	0.5949
12	15	1.0000	0.6784	0.4515
13	14	0.9982	0.7845	0.1879
13	15	0.8983	0.5112	0.7560
13	16	0.8488	0.5475	0.7751
14	15	1.0000	0.6645	0.5103
14	16	0.9998	0.5742	0.3998
14	17	0.9999	0.6152	0.3511
15	16	1.0000	0.6284	0.4772
15	17	0.9999	0.6209	0.4496
16	17	0.9991	0.5378	0.5741
16	18	0.9997	0.7580	0.9349
16	19	0.9994	0.5358	0.4962
16	20	0.9497	0.6387	0.4630
17	18	0.9983	0.9012	0.7603
17	19	1.0000	0.5144	0.5462
17	20	0.9999	0.6153	0.4868
18	19	0.9973	0.8050	0.1968
18	20	0.9994	0.6174	0.7610
19	20	0.9998	0.5824	0.4410
19	21	0.9997	0.6290	0.3488
19	22	0.7011	0.5446	0.3782
20	21	0.9998	0.7348	0.3711
20	22	0.7976	0.4779	0.3620
21	22	1.0000	0.5518	0.6349
22	23	1.0000	0.7595	0.4245
22	24	0.9999	0.6335	0.4670
23	24	0.9998	0.5170	0.5941
23	25	0.9491	0.4255	0.4048
23	26	0.9997	0.4133	0.7535
24	25	0.9993	0.7516	0.4148
24	26	0.9991	0.5569	0.6156
24	27	0.8001	0.7026	0.5892
25	26	1.0000	0.5812	0.7944
25	27	0.6508	0.4724	0.3825
26	27	1.0000	0.9073	0.5325
