0	1	0.9996	0.6041	0.5792
0	2	0.9500	0.6635	0.4890
0	4	0.8008	0.2610	0.5667
0	5	0.6505	0.5816	0.5495
1	2	0.9499	0.5447	0.4492
1	5	0.8497	0.6111	0.5845
2	3	0.9976	0.9536	0.3943
2	4	0.9980	0.8905	0.6358
2	5	0.9989	0.5473	0.6338
2	6	0.5003	0.5893	0.4539
2	8	0.5006	0.6986	0.6458
3	4	0.8978	0.7224	0.4472
3	5	0.8996	0.3810	0.8057
4	5	0.9983	0.7936	0.0811
5	6	0.9499	0.9294	0.2282
5	7	0.9499	0.8015	0.5784
5	8	0.9997	0.8997	0.4079
6	7	0.9998	0.8091	0.1817
6	8	0.9999	0.7005	0.6368
6	9	0.7490	0.6135	0.3155
6	10	0.5007	0.6431	0.1821
7	8	0.9998	0.5976	0.3329
7	9	0.8001	0.2737	0.6236
7	10	0.5011	0.5813	0.2987
7	11	0.5499	0.3597	0.5010
8	9	0.9992	0.8004	0.4536
8	10	0.9499	0.3342	0.6155
8	11	0.9996	0.6139	0.6330
9	10	0.9990	0.7309	0.1361
9	11	0.9000	0.5378	0.4329
10	11	0.9990	0.6557	0.2402
