0	1	0.9990	0.5186	0.1856
0	2	1.0000	0.4585	0.8671
0	3	0.9966	0.4731	0.0315
0	21	0.9483	0.3596	0.1636
0	22	0.9995	0.4192	0.3303
0	27	0.7986	0.2580	0.1292
1	2	0.9999	0.5292	0.4943
1	3	0.9997	0.0194	0.2621
1	11	0.9494	0.6592	0.9941
1	20	0.9984	0.0026	0.9030
1	21	0.9959	0.3471	0.1664
1	22	0.6014	0.3748	0.2172
2	3	0.9966	0.9386	0.5058
2	11	0.9082	0.3261	0.9771
2	12	0.6475	0.0364	0.6678
2	19	0.9966	0.8888	0.4762
2	20	0.9985	0.9252	1.0000
2	21	1.0000	0.7756	0.2086
2	22	0.9993	0.9980	0.3738
3	19	0.9957	0.9250	0.0134
3	20	1.0000	0.5069	0.9796
3	21	0.9994	0.7794	0.6204
3	22	0.9994	0.3826	0.2987
4	6	0.9977	0.3165	0.0878
4	12	0.5009	0.2947	0.7315
4	13	0.9497	0.5279	0.0948
4	19	0.5002	0.2577	0.2970
5	6	0.6018	0.7456	0.0660
5	10	0.9002	0.2673	0.8572
5	11	0.8993	0.2680	0.5278
5	12	0.8979	0.3134	0.4514
5	13	0.9973	0.3809	0.0348
5	15	0.8003	0.6710	0.1753
6	7	0.9990	0.9945	0.0470
6	9	0.9987	0.9714	0.7919
6	14	0.9990	0.8124	0.5467
6	15	0.9994	0.7577	0.1641
6	24	0.8502	0.0568	0.6471
6	25	0.7492	0.9318	0.1546
7	8	0.9987	0.9632	0.3779
7	9	0.9994	0.5829	0.6378
7	10	0.9961	0.5192	0.0072
7	15	1.0000	0.7185	0.8951
7	17	1.0000	0.1088	0.0438
7	25	0.9981	0.6022	0.5784
7	26	0.9996	0.9898	0.1021
7	28	0.9992	0.9416	0.6856
8	9	0.9987	0.9924	0.0170
8	26	0.9502	0.0360	0.8285
8	28	0.9993	0.4710	0.3994
9	10	0.9984	0.5787	0.3154
9	13	0.9977	0.9597	0.6939
9	14	0.9997	0.9833	0.1937
9	15	0.9996	0.4898	0.4731
9	25	0.9998	0.5565	0.3454
9	28	0.9999	0.0074	0.5122
10	11	0.9983	0.9598	0.1792
10	12	0.9953	0.9656	0.2564
10	13	1.0000	0.7753	0.3993
10	15	0.9999	0.4957	0.3563
11	12	0.9973	0.9480	0.1040
11	13	0.9953	0.6683	0.0123
12	13	0.9955	0.7576	0.0043
13	14	0.9996	0.9436	0.4432
13	15	0.9999	0.6215	0.2330
14	15	0.9981	0.4297	0.1743
15	16	0.9984	0.9965	0.2215
15	18	0.9991	0.8878	0.5760
15	23	0.9492	0.7333	0.1021
15	25	0.9941	0.8128	0.5733
15	26	0.9986	0.9977	0.7296
15	27	0.9495	0.9504	0.6576
15	28	0.9999	0.9913	0.2506
16	17	0.9984	0.9935	0.6961
16	18	0.9993	0.4887	0.1956
16	23	0.9979	0.3085	0.1124
16	25	0.9999	0.7464	0.9188
16	26	0.9975	0.3635	0.2149
16	28	0.9998	0.4879	0.9313
17	18	0.9985	0.9351	0.0000
17	25	0.9999	0.4628	0.3449
18	22	0.9998	0.9793	0.9987
18	23	1.0000	0.5257	0.5124
18	24	0.9984	0.6663	0.4574
18	25	1.0000	0.3712	0.6137
18	27	0.7505	0.9185	0.2491
19	20	0.7497	0.7905	0.2724
19	21	0.9988	0.3858	0.4383
20	21	0.9500	0.9998	0.2127
21	22	0.9993	0.9950	0.0360
22	23	0.9992	1.0000	0.6609
22	27	0.8486	0.6899	0.3807
23	24	0.9957	0.9851	0.5065
25	26	0.9989	0.9846	0.0134
25	28	0.9990	0.9846	0.8578
26	28	1.0000	0.3881	0.7207
26	29	0.9962	0.4398	0.0902
