0	1	0.9970	0.6628	0.6653
0	2	1.0000	0.4730	0.4666
0	4	0.9984	0.0656	0.9456
0	6	0.9981	0.1332	0.3194
1	2	0.9999	0.5168	0.5043
1	4	0.9992	0.9958	0.5430
1	6	0.9982	0.7973	0.6768
2	3	1.0000	0.9616	0.5140
2	4	0.9974	0.2533	0.4261
2	5	0.5512	0.6566	0.6228
2	6	1.0000	0.5416	0.4838
2	26	1.0000	0.8689	0.5706
3	4	0.9995	0.7924	0.0813
3	6	1.0000	0.4963	0.2155
3	9	1.0000	1.0000	0.9821
3	26	0.9996	0.6214	0.7242
4	5	0.9496	0.9778	0.2260
4	6	0.9998	0.5345	0.6016
4	26	0.9989	0.9304	0.8991
5	6	1.0000	0.0493	0.1230
5	26	0.7979	0.8615	0.7150
6	12	0.9495	0.9983	0.3625
6	26	0.9994	0.0517	0.7778
7	8	0.7959	0.7009	0.5952
7	9	0.9966	0.1642	0.1984
7	11	0.9997	0.5113	0.7621
7	12	1.0000	0.0086	0.0046
7	15	0.9999	0.4961	0.9441
8	9	0.9496	0.7038	0.0740
8	11	0.9993	0.6414	0.5853
8	12	0.6512	0.2119	0.0012
8	15	0.9992	0.6465	0.8765
9	10	0.9980	0.9609	0.4951
9	11	1.0000	0.3873	0.9902
9	12	0.9991	0.4844	0.1737
9	15	1.0000	0.4647	0.6845
9	20	1.0000	0.3765	0.7932
9	22	0.9986	0.8426	0.5006
9	23	0.9983	0.3549	0.3048
9	24	1.0000	0.6377	0.9977
9	25	1.0000	0.8000	0.7697
10	12	0.8977	0.1817	0.8130
10	15	0.9996	0.2909	0.2983
11	12	1.0000	0.9716	0.1496
11	15	0.8512	0.0564	0.8728
12	15	1.0000	0.0000	0.6548
13	14	0.9991	0.4271	0.8565
13	16	0.7997	0.8518	0.1292
14	15	1.0000	0.0284	0.0388
14	16	0.9980	0.5850	0.1808
14	17	0.9003	0.2229	0.9224
14	18	1.0000	0.9306	0.5516
14	21	0.9987	0.1423	0.0033
15	16	1.0000	0.3895	0.7965
15	19	0.9983	0.9808	0.7882
15	20	1.0000	0.5883	0.9050
15	21	1.0000	0.0233	0.0000
15	22	1.0000	0.2663	0.0869
15	23	0.9476	0.5516	0.0653
16	17	0.9998	0.4064	0.8200
16	18	1.0000	0.2012	0.7765
16	19	0.9988	0.9845	0.4579
16	20	0.9998	0.9996	0.7915
17	18	1.0000	0.7337	0.6912
17	21	0.9959	0.3746	0.1225
19	20	0.9993	0.0955	0.7590
20	21	0.9986	0.8660	1.0000
20	22	0.9990	0.8810	0.7240
20	23	0.7002	0.2287	0.3191
21	22	0.5006	0.9971	0.4434
22	23	0.9999	0.8412	0.8319
22	24	0.9965	0.6519	0.3273
