0	2	0.9981	0.5578	0.6069
0	3	0.9993	0.2018	0.0000
0	4	0.9998	0.6960	0.2804
0	8	0.9990	0.5048	0.1167
0	10	0.9978	0.5649	0.6027
0	11	0.9999	0.2081	0.5835
0	12	0.9990	0.8987	0.0000
1	2	0.9956	0.6347	0.0022
1	8	0.9503	0.9988	0.9991
1	12	1.0000	0.5588	0.7264
1	14	0.9495	0.3970	0.9924
2	3	0.9959	0.7774	0.0000
2	4	0.9998	0.4309	0.3432
2	7	0.9980	0.2203	0.5517
2	8	0.9996	0.3680	0.4895
2	10	0.9987	0.4850	0.4970
2	12	0.9986	0.1912	0.2646
3	4	0.9977	0.0014	0.0076
3	5	0.9966	0.0092	0.9917
3	7	0.9960	0.0776	0.8517
3	8	1.0000	0.0000	0.0784
3	10	0.9983	0.2344	0.9873
4	5	0.9991	0.4699	0.4294
4	7	0.9992	0.3405	0.4163
4	8	0.9982	0.2866	0.3825
4	9	0.9984	0.8248	0.8072
4	10	0.9996	0.5438	0.4708
4	11	1.0000	0.6787	0.9997
4	12	1.0000	0.5421	0.0142
5	6	0.9957	0.7323	0.6760
5	7	0.9981	0.8845	0.4465
5	8	0.9993	0.7510	0.4800
5	9	0.9999	0.0504	0.7507
5	10	0.9983	0.4235	0.4671
5	11	0.9505	0.0169	0.9685
6	7	1.0000	0.6612	0.2693
6	8	1.0000	0.9999	0.6971
7	8	0.9998	0.4959	0.5023
7	9	0.9993	0.0002	0.9996
7	10	1.0000	0.0010	0.2938
8	9	1.0000	1.0000	0.9997
8	10	0.9994	0.7249	0.4116
8	12	0.9995	1.0000	0.5526
9	10	1.0000	0.9508	0.1710
9	12	1.0000	0.5990	0.9248
10	11	0.9987	0.8281	0.6813
10	12	0.9993	0.1651	0.2760
12	14	1.0000	0.7441	0.9578
13	14	0.9997	0.4207	0.4031
13	15	0.9997	0.8951	0.8992
13	18	0.8268	0.8029	0.4960
13	20	0.9987	0.3647	0.4914
13	21	0.9996	0.5751	0.5345
14	15	0.9994	0.3759	0.7576
14	18	0.9983	0.1453	0.5052
14	19	0.9997	0.1167	0.7670
14	20	0.9977	0.4079	0.6078
14	21	0.9988	0.2607	0.4904
15	16	0.9980	0.9937	0.4252
15	17	0.9991	0.9164	0.7672
15	18	0.9995	0.8778	0.5928
15	19	0.7493	0.8939	0.4204
15	20	0.9999	0.4972	0.4077
15	21	0.9997	0.7810	0.6399
16	17	0.9496	0.4904	0.4969
16	18	0.9987	0.3306	0.7117
16	19	0.5497	0.3687	0.1824
16	20	0.9995	0.1697	0.2316
17	18	0.9497	0.9770	0.3387
17	20	0.9500	0.8855	0.2533
18	20	0.9994	0.6831	0.1890
18	21	0.9996	0.5022	0.5785
20	21	0.9999	0.4522	0.4128
