0	1	0.9994	0.8361	0.2667
1	2	0.9491	0.8249	0.1326
1	3	0.9998	0.5980	0.5681
1	11	0.8498	0.7536	0.2968
2	3	0.9993	0.6361	0.2505
2	6	0.6004	0.3879	0.3562
2	10	0.9492	0.2073	0.6105
2	11	0.9996	0.5809	0.3400
2	14	0.9996	0.3153	0.7265
2	29	0.5003	0.4591	0.6045
3	4	0.9975	0.5603	0.1231
3	5	0.9998	0.3971	0.5612
3	6	0.9974	0.5606	0.1039
3	11	0.9992	0.4831	0.3272
3	29	0.7507	0.4989	0.6591
4	5	1.0000	0.8299	0.4049
4	6	0.9488	0.4637	0.5642
4	9	0.6503	0.6573	0.5190
4	10	0.9493	0.5269	0.5655
4	11	0.9975	0.3929	0.4500
4	14	0.7502	0.2533	0.6776
5	6	1.0000	0.5663	0.5784
5	7	0.8004	0.3877	0.5502
5	9	0.7502	0.4040	0.4756
5	11	0.6996	0.5882	0.3897
6	11	0.8000	0.4756	0.3845
7	8	0.9498	0.8243	0.5548
7	9	0.9002	0.6422	0.4277
7	12	0.7002	0.5575	0.5046
7	13	0.7512	0.7049	0.4687
8	9	0.9990	0.8623	0.7364
8	12	0.6505	0.4449	0.6055
8	13	0.8999	0.5148	0.5260
9	10	0.9987	0.8616	0.2688
9	12	0.8501	0.5848	0.6558
10	11	0.9982	0.7832	0.3829
11	12	0.6517	0.8806	0.1487
11	14	0.9993	0.5373	0.8029
11	29	0.6496	0.2997	0.7659
12	13	0.9995	0.6221	0.2939
12	14	0.8502	0.6846	0.2045
13	14	0.9000	0.8134	0.2099
14	15	0.8993	0.9351	0.0219
14	16	0.7005	0.3448	0.7090
14	29	0.5003	0.7166	0.5233
15	16	0.9999	0.8095	0.3097
15	17	0.9996	0.6265	0.4048
15	24	0.8499	0.5255	0.4242
15	27	0.9994	0.8559	0.1900
15	29	0.9487	0.1977	0.5711
16	17	0.9998	0.5652	0.2575
16	18	0.7189	0.6151	0.5093
16	19	0.9476	0.7806	0.0311
16	21	0.6996	0.6306	0.1705
16	24	0.6129	0.2293	0.3138
16	26	0.6215	0.3329	0.5282
16	27	0.7031	0.1527	0.0974
17	18	0.9996	0.7639	0.5641
17	20	0.9498	0.9561	0.5274
17	21	0.8000	0.4751	0.3930
17	23	0.9493	0.6559	0.3854
18	19	0.9996	0.6084	0.3979
18	20	0.7940	0.4301	0.5650
18	21	0.9982	0.7001	0.4836
19	20	0.9999	0.6957	0.5571
19	21	0.8473	0.4388	0.4347
19	22	0.9465	0.7865	0.6147
19	23	0.7999	0.3828	0.3409
20	21	0.9999	0.6791	0.6095
20	22	0.6512	0.5991	0.4110
21	22	0.9985	0.7946	0.6204
21	23	0.9980	0.4059	0.4184
22	23	0.9991	0.7151	0.3335
23	24	0.7992	0.4932	0.4035
23	26	0.6501	0.2970	0.2942
24	25	0.9989	0.8878	0.4108
24	26	0.9993	0.6126	0.5775
24	27	0.9500	0.8051	0.3794
24	29	1.0000	0.0984	0.2843
25	26	1.0000	0.5025	0.3103
26	27	1.0000	0.9429	0.2724
27	28	0.9000	0.3886	0.3984
27	29	0.5999	0.2072	0.1646
28	29	0.8503	0.7650	0.3907
