0	2	0.6006	0.5519	0.5801
0	3	0.9987	0.3615	0.6879
0	4	0.8000	0.5611	0.5712
1	2	0.8006	0.9186	0.5211
1	3	0.6005	0.6746	0.3350
1	4	0.7996	0.6526	0.6755
1	14	0.9980	0.5303	0.8094
1	21	0.7500	0.8693	0.5962
1	22	0.9993	0.9408	0.4863
1	24	0.9976	0.7339	0.7590
2	3	0.9984	0.7408	0.2107
2	4	0.8995	0.7789	0.3113
2	14	0.8006	0.7065	0.6004
2	21	0.7507	0.7472	0.5344
2	22	0.9986	0.5885	0.2462
3	4	0.9977	0.9189	0.1060
3	13	0.7995	0.3743	0.5148
3	14	0.5498	0.5458	0.2171
3	22	0.5507	0.2895	0.2191
4	5	0.9991	0.9100	0.2556
4	6	1.0000	0.2946	0.8168
4	12	0.7498	0.6679	0.2409
4	13	0.8998	0.1902	0.4719
4	14	0.6507	0.4977	0.4463
4	21	0.6992	0.5269	0.5997
4	22	0.9500	0.8666	0.5299
4	24	0.9993	0.7725	0.5842
5	6	0.9995	0.9021	0.4174
5	7	0.9991	0.5188	0.4174
5	9	0.7506	0.8912	0.3860
5	11	0.9493	0.9030	0.6423
5	12	0.9992	0.4683	0.5234
6	7	0.9987	0.4847	0.2317
6	8	0.9985	0.1124	0.6809
6	9	0.8498	0.3867	0.0042
6	12	0.8998	0.5614	0.6816
6	13	0.9002	0.0942	0.4071
6	22	0.7004	0.2048	0.1110
6	25	0.5210	0.0267	0.2690
7	8	1.0000	0.9195	0.3725
7	9	0.9987	0.7384	0.5617
7	10	0.9943	0.9890	0.4436
7	11	0.9998	0.8543	0.4170
7	12	0.9986	0.3375	0.4484
7	13	0.6505	0.7152	0.4123
8	9	1.0000	0.5071	0.5473
8	25	0.5515	0.3352	0.3827
9	10	0.9954	0.9822	0.5161
9	11	1.0000	0.8408	0.2984
10	11	0.9957	0.7475	0.0578
11	12	0.9995	0.7845	0.5920
12	13	0.5007	0.8067	0.3657
13	14	0.7004	0.7636	0.2606
13	16	0.9476	0.6584	0.1286
14	15	0.9994	0.7467	0.1852
14	16	1.0000	0.3678	0.6843
14	24	0.9999	0.6432	0.5823
15	16	1.0000	0.6287	0.4641
15	17	0.9988	0.4777	0.3204
15	18	0.9999	0.9854	0.3228
15	20	1.0000	0.8353	0.4230
15	23	0.5003	0.0800	0.7103
15	24	0.9490	0.5999	0.3890
16	17	0.9975	0.5351	0.1163
16	20	0.9490	0.3355	0.4573
16	24	0.9993	0.3710	0.5473
17	18	0.9969	0.8855	0.6378
17	19	0.9996	0.2902	0.9896
17	20	1.0000	0.5846	0.3687
17	21	0.9489	0.9655	0.4011
17	22	0.9995	0.5083	0.6705
17	23	0.9993	0.0291	0.7840
18	19	0.9988	0.9584	0.3035
18	20	0.9996	0.3939	0.5022
19	20	0.9983	0.9189	0.0292
20	21	0.9499	0.9819	0.3325
20	22	0.9999	0.8894	0.2969
20	23	0.8510	0.0450	0.4377
21	22	0.9981	0.5632	0.1394
21	24	0.7003	0.4821	0.6551
22	23	0.9987	0.9841	0.2637
22	24	1.0000	0.6918	0.4061
23	24	0.6001	0.5356	0.0726
