0	1	1.0000	0.4628	0.4818
0	2	0.8989	0.4343	0.3693
0	5	0.9997	0.4246	0.8003
0	6	1.0000	0.4756	0.5131
0	7	0.9989	0.6601	0.3975
0	8	0.9606	0.6314	0.4374
0	9	0.9974	0.9642	0.0108
0	25	1.0000	0.4727	0.3999
1	2	0.9492	0.4283	0.5433
1	3	0.6505	0.0476	0.4197
1	4	0.6509	0.0143	0.6029
1	5	0.9995	0.6328	0.6587
1	6	0.9996	0.5223	0.4511
1	7	0.8991	0.4192	0.4576
1	25	0.9990	0.5076	0.2532
2	3	0.6497	0.9951	0.1135
2	5	0.9988	0.8464	0.5879
2	25	0.9508	0.0414	0.0719
3	4	0.9952	0.9182	0.5481
4	5	0.9966	0.8773	0.0307
5	6	0.9979	0.9309	0.3443
5	7	0.9998	0.7542	0.7367
6	7	0.9988	0.6978	0.4892
6	8	1.0000	0.5900	0.4505
6	9	0.9985	0.9892	0.1105
6	25	1.0000	0.5107	0.5969
7	8	0.9990	0.7227	0.5124
8	9	0.9978	0.9918	0.2666
8	25	0.9998	0.2650	0.7221
9	10	0.9984	0.3277	0.3507
9	11	0.9983	0.4156	0.1427
9	21	0.9992	0.6728	0.6776
9	24	1.0000	0.6649	0.8436
9	25	0.9998	0.6377	0.2711
10	11	0.9989	0.3706	0.3952
10	16	0.9991	0.4801	0.6734
10	17	0.9983	0.6372	0.5977
10	18	0.5997	0.7915	0.3998
10	19	0.9979	0.9820	0.3526
10	20	1.0000	0.4370	0.7237
10	21	1.0000	0.4482	0.5644
10	22	0.9972	0.9859	0.3588
10	23	0.9993	0.9443	0.3655
10	24	0.9990	0.5971	0.5817
10	25	0.9988	0.3902	0.0306
11	12	0.9989	0.6400	0.8102
11	13	0.9986	0.4026	0.3746
11	14	0.8489	0.4055	0.0332
11	17	0.6520	0.4327	0.4361
11	18	0.9982	0.2553	0.3222
11	19	0.9002	0.1457	0.8014
11	20	0.9999	0.2186	0.7910
12	13	0.9998	0.8086	0.5179
13	14	0.6051	0.8156	0.0657
13	17	0.7999	0.4820	0.4205
13	18	0.8005	0.4902	0.2126
14	15	0.9996	0.3795	0.4378
14	19	0.6993	0.4208	0.2472
14	20	0.5512	0.1802	0.3361
15	16	0.8993	0.6451	0.2128
15	19	0.9991	0.6302	0.2054
16	17	0.9497	0.8660	0.2017
16	18	0.8492	0.7554	0.3422
16	19	0.9501	0.5152	0.5776
16	20	0.9994	0.7266	0.1626
16	22	0.7994	0.5116	0.7425
17	18	0.9487	0.6405	0.6854
17	19	0.9991	0.2996	0.6365
17	20	0.9989	0.3017	0.5461
17	23	0.5015	0.6790	0.4567
18	19	0.8996	0.6268	0.4396
18	20	0.8980	0.4606	0.7553
19	20	1.0000	0.7393	0.2173
19	22	0.9996	0.1716	0.7812
19	23	0.7003	0.6480	0.2316
20	21	1.0000	0.7938	0.2502
20	22	1.0000	0.5919	0.8877
20	23	0.9999	0.6149	0.5826
20	24	0.9994	0.9060	0.2295
21	22	0.9974	0.9902	0.5295
21	23	0.9996	0.7676	0.5625
21	24	0.9999	0.5834	0.5165
21	25	0.9988	0.8464	0.1375
22	23	0.9993	0.8318	0.1350
22	24	0.9993	0.7345	0.9770
23	24	0.9498	0.6960	0.5935
24	25	0.8503	0.9073	0.2216
