0	1	0.9954	0.5887	0.0540
0	2	0.9999	0.3969	0.8396
0	3	0.9961	0.7230	0.0000
0	18	1.0000	0.9216	0.9182
0	19	0.9981	0.5257	0.5254
1	2	0.9986	0.5964	0.4889
1	3	0.9995	0.0474	0.0000
1	13	0.9984	0.6498	0.2102
1	17	0.9985	0.3944	0.4691
1	18	0.9990	0.4340	0.3833
1	19	0.9998	0.4856	0.7305
2	3	0.9998	0.9956	0.0000
2	13	0.9991	0.6135	0.0145
2	18	0.9999	0.6263	0.2560
2	19	0.9983	0.4253	0.8842
3	4	0.9999	1.0000	0.0000
3	12	0.9999	0.4284	0.5357
3	13	0.9976	0.0000	0.0422
3	16	0.9998	1.0000	0.9730
3	17	0.9984	0.8954	0.0450
3	18	0.9979	0.1087	0.8608
4	9	1.0000	0.2716	0.6766
4	10	0.8500	0.3510	0.7262
4	11	0.9999	0.5034	0.6449
4	12	0.9995	0.0632	0.8227
4	13	1.0000	0.3476	0.6023
4	14	0.9976	0.6694	0.5559
4	16	0.9971	0.0905	0.6290
4	17	0.9973	0.0773	0.4141
4	18	0.9972	0.0965	0.7180
5	6	0.8954	0.4462	0.1106
5	9	0.9968	0.1623	0.3778
5	10	0.9997	0.1253	0.9323
5	14	0.9991	0.1774	0.1766
6	7	0.9998	0.9398	0.3686
6	9	0.9996	0.4314	0.3415
6	10	0.9998	0.5423	0.5972
7	9	0.9988	0.3618	0.3352
7	10	0.9986	0.6116	0.1699
8	10	0.9984	0.2282	0.0592
9	10	0.9981	0.3923	0.5049
9	11	0.5128	0.3279	0.0684
9	14	0.9999	0.6159	0.9166
9	16	0.9994	0.8254	0.5808
10	11	1.0000	0.7952	0.2835
11	12	0.9492	0.9006	0.4423
11	13	0.9993	0.8793	0.5628
12	13	1.0000	0.9999	0.1296
12	18	0.9994	1.0000	0.6178
13	14	0.9991	0.9128	0.4360
13	16	0.9994	0.6886	0.2921
13	17	0.9982	0.6193	0.6371
13	18	0.9979	0.2776	0.3835
14	15	0.9998	0.9647	0.3384
14	16	0.9998	0.9488	0.2354
14	17	0.9999	0.9576	0.8421
15	16	0.9979	0.3921	0.1730
15	17	0.9978	0.1180	0.6380
15	18	0.9998	0.0457	0.4526
15	19	0.9991	0.5189	0.5529
16	17	1.0000	0.4261	0.4779
16	18	0.9993	0.5251	0.7152
16	19	0.9979	0.8117	0.0623
17	18	0.9997	0.4841	0.4860
17	19	0.9991	0.2199	0.2119
18	19	0.9992	0.5547	0.4961
