0	1	0.9487	0.7457	0.5958
0	2	1.0000	0.7951	0.6143
0	3	0.6004	0.5395	0.2520
1	2	0.9976	0.8130	0.6137
1	3	0.8992	0.4723	0.3584
1	4	0.6482	0.6112	0.5711
2	3	0.9981	0.8244	0.1302
2	5	0.8000	0.7268	0.7763
3	4	0.9989	0.8324	0.5032
3	5	0.9996	0.5364	0.4146
3	6	0.9990	0.9463	0.7653
3	7	0.8989	0.5486	0.5959
3	8	0.9466	0.8886	0.3561
3	9	0.5011	0.4660	0.3296
3	10	0.9990	0.8008	0.2628
4	5	0.9994	0.5886	0.4514
4	6	0.9994	0.6923	0.5297
4	7	0.9985	0.7264	0.6907
4	8	0.9984	0.8631	0.9011
4	10	0.8988	0.7174	0.3303
5	6	0.9987	0.6343	0.5714
5	7	0.9986	0.5509	0.5804
5	8	0.9993	0.6321	0.6464
5	9	0.8998	0.3852	0.4989
5	10	0.9490	0.4696	0.4552
5	11	0.9492	0.7160	0.3274
5	12	0.7498	0.6719	0.3988
6	7	0.9491	0.4463	0.5123
6	8	0.9995	0.7423	0.8097
6	9	0.6011	0.7247	0.4369
6	10	0.9996	0.6499	0.5007
6	11	0.5509	0.4664	0.6083
6	12	0.6506	0.3739	0.2888
7	8	0.9981	0.8683	0.6460
7	9	0.5511	0.5165	0.4695
7	10	0.9993	0.6857	0.5370
7	11	0.8503	0.6976	0.3818
7	12	0.7503	0.5020	0.4769
8	9	0.9470	0.7978	0.3183
8	10	0.9972	0.8095	0.3417
9	10	0.9494	0.4672	0.1876
10	11	0.9981	0.8135	0.2392
10	12	0.9483	0.7040	0.3512
11	12	1.0000	0.6381	0.4773
12	13	0.9981	0.8061	0.5559
12	14	0.6005	0.7054	0.5083
13	14	0.6703	0.4131	0.5814
14	15	0.7003	0.9264	0.3501
14	17	0.8995	0.8731	0.3856
14	18	0.6010	0.8696	0.5600
14	23	0.6505	0.7415	0.6389
15	16	0.9499	0.6294	0.4550
15	18	0.8994	0.6218	0.5690
15	19	0.5514	0.4767	0.5221
15	20	0.6004	0.6037	0.3039
15	22	0.9987	0.5571	0.5107
15	23	0.7004	0.4150	0.2540
16	17	0.8002	0.4963	0.3838
16	18	0.9997	0.6272	0.4338
16	19	0.7499	0.4926	0.6922
16	20	0.7993	0.3821	0.6152
16	21	0.5508	0.7125	0.4211
16	22	0.9489	0.4396	0.4962
16	23	0.9495	0.5481	0.2706
17	18	0.9997	0.6162	0.4395
17	19	0.9986	0.4939	0.5726
17	20	0.8988	0.5615	0.6818
17	21	0.7008	0.4999	0.6764
17	22	0.9975	0.4771	0.5657
17	23	0.9984	0.3959	0.5413
17	24	0.9489	0.5976	0.4091
17	25	0.5506	0.3674	0.2187
18	19	0.8465	0.4788	0.5425
18	20	0.8499	0.6029	0.7156
18	21	0.7002	0.5208	0.5398
18	22	0.9495	0.5246	0.4476
18	23	0.9499	0.5794	0.3745
18	24	0.5502	0.4744	0.4744
19	20	0.9490	0.8410	0.7936
19	21	0.9001	0.5388	0.4605
19	22	0.9988	0.6455	0.5577
19	23	0.9495	0.5531	0.3812
19	24	0.7502	0.4893	0.5145
20	21	0.8999	0.9089	0.4996
20	22	0.9986	0.7204	0.4345
20	23	0.7497	0.2322	0.5995
21	23	0.6502	0.6540	0.7401
21	24	0.9500	0.7635	0.8169
21	25	0.6998	0.5794	0.3857
22	23	0.9497	0.5128	0.3014
22	24	0.5010	0.4514	0.3518
23	24	0.9991	0.9392	0.2975
24	25	0.9990	0.6797	0.4399
25	26	0.9997	0.6003	0.4616
