0	1	0.8497	0.8965	0.1478
0	4	0.8499	0.3990	0.6757
0	6	1.0000	0.5965	0.6204
0	7	0.5496	0.5523	0.5648
1	2	0.9991	0.8343	0.4335
1	3	0.8001	0.7649	0.7529
1	4	0.9989	0.4695	0.4659
2	3	0.9994	0.6400	0.5446
3	4	0.6008	0.6949	0.1367
4	5	0.9988	0.5552	0.3637
4	6	1.0000	0.4684	0.5931
4	20	0.9500	0.3682	0.8526
4	21	0.5509	0.6082	0.2037
4	27	0.5376	0.5508	0.2534
5	6	0.9999	0.7523	0.2112
5	20	0.9987	0.7752	0.6668
5	26	0.6994	0.4152	0.6141
6	7	0.9994	0.7409	0.1960
6	8	0.5504	0.2914	0.2729
6	10	0.9983	0.6132	0.3696
6	21	0.7504	0.2733	0.3813
7	8	0.9994	0.8446	0.4640
7	9	1.0000	0.8165	0.7330
7	10	0.9995	0.8068	0.5184
7	11	0.5510	0.6383	0.5212
8	9	0.9995	0.5785	0.6080
8	10	0.9963	0.4224	0.5922
8	11	0.8496	0.4988	0.5274
8	12	0.8000	0.6932	0.3020
9	10	0.9993	0.7358	0.4730
9	11	0.7501	0.5783	0.5443
10	11	0.9976	0.5524	0.5656
10	12	0.9971	0.7851	0.4248
11	12	0.9492	0.8146	0.4457
12	13	0.9999	0.6313	0.5503
12	14	0.9994	0.6079	0.5189
12	15	0.5005	0.5234	0.2647
12	16	0.8994	0.6758	0.4813
13	14	0.9002	0.5575	0.4359
13	15	0.8001	0.4316	0.5773
13	16	0.7999	0.7763	0.3790
14	15	0.9498	0.8969	0.3972
14	16	0.5005	0.5004	0.5025
14	18	0.6504	0.4504	0.3501
15	16	0.9498	0.4506	0.7231
15	18	0.6499	0.4588	0.2419
16	17	0.9989	0.6593	0.5621
16	18	0.9505	0.6056	0.2815
17	18	0.9988	0.5055	0.2484
18	20	0.9997	0.8641	0.5748
18	27	0.5511	0.7931	0.4743
18	31	0.5501	0.8649	0.5312
18	33	0.9500	0.7946	0.4835
18	40	0.5508	0.6757	0.3223
18	41	0.9999	0.6156	0.5300
18	43	0.8501	0.7831	0.5153
19	20	0.9999	0.6692	0.3794
19	21	0.9971	0.4417	0.6721
19	22	0.9984	0.5453	0.5400
19	23	0.8501	0.5892	0.5722
19	24	0.6008	0.5614	0.5499
19	25	0.9483	0.4534	0.5343
19	26	0.9991	0.6655	0.6549
20	21	0.9999	0.6673	0.5284
20	22	0.9499	0.5297	0.5291
20	23	0.9999	0.2857	0.7549
20	24	0.9985	0.6526	0.4096
20	25	0.8159	0.4442	0.5681
20	26	0.9997	0.5584	0.5040
20	27	0.8502	0.3396	0.7267
21	22	0.9997	0.6923	0.4377
21	23	0.7006	0.4913	0.5841
21	25	0.9489	0.7712	0.4910
21	26	0.7504	0.6788	0.6798
21	27	0.5510	0.4896	0.4107
22	23	0.9995	0.6980	0.7651
22	24	0.8498	0.4272	0.4739
22	25	0.9979	0.4244	0.4605
22	26	0.9994	0.7936	0.5803
22	27	0.7497	0.4957	0.3693
23	24	0.7503	0.9072	0.4935
23	25	0.9999	0.7290	0.6056
23	26	1.0000	0.8432	0.3669
24	25	0.9977	0.4321	0.5412
24	26	0.9495	0.5690	0.6544
25	26	0.9990	0.6259	0.6000
25	27	0.7993	0.5145	0.5212
26	27	0.9993	0.8085	0.4415
26	28	1.0000	0.5205	0.6825
26	29	0.7498	0.6153	0.4190
26	30	0.8963	0.3739	0.5972
26	31	0.9494	0.6237	0.6339
26	32	0.5502	0.4378	0.6113
27	28	0.8502	0.7640	0.4152
27	29	0.8498	0.5650	0.4222
27	32	0.6010	0.5621	0.4506
27	39	0.6504	0.8550	0.3626
28	29	0.9002	0.6571	0.6243
28	30	0.7999	0.6730	0.5043
28	31	0.7999	0.5845	0.5973
28	32	0.9500	0.5534	0.5149
29	30	0.9497	0.6619	0.4230
29	31	0.8494	0.5772	0.5689
29	32	0.9489	0.6053	0.5808
29	33	0.9996	0.5565	0.4305
29	34	0.9496	0.5028	0.6286
29	35	0.5009	0.6306	0.5338
30	31	0.9489	0.5005	0.5485
30	32	0.9993	0.5008	0.6128
31	32	0.9498	0.6583	0.6695
32	33	0.9498	0.6419	0.4822
32	34	0.8511	0.5174	0.5072
33	34	0.9996	0.5358	0.5476
33	35	0.9491	0.5431	0.3408
33	36	0.5002	0.4523	0.4835
33	37	0.8998	0.4317	0.5316
33	39	0.7999	0.3135	0.4863
33	40	0.7498	0.3469	0.4111
34	35	0.9984	0.8690	0.3613
34	36	0.8503	0.6127	0.4595
34	37	0.9494	0.8709	0.5021
34	38	0.5006	0.4655	0.4869
34	39	0.9988	0.8971	0.4028
34	40	0.9997	0.8115	0.3576
35	36	0.9986	0.8797	0.6712
35	37	0.7503	0.4478	0.5155
35	38	0.6009	0.4596	0.4267
35	39	0.8004	0.6031	0.5805
35	40	0.5042	0.4885	0.2999
36	37	0.8994	0.4973	0.5996
36	39	0.8494	0.5166	0.6868
36	40	0.8997	0.3204	0.1517
37	38	0.9995	0.4790	0.5678
37	40	0.9984	0.6377	0.0996
38	39	0.9490	0.3337	0.4224
38	40	0.7504	0.4227	0.2031
39	40	0.9985	0.5908	0.4604
40	41	0.9499	0.9342	0.3851
40	42	0.9991	0.7053	0.6103
40	43	0.8004	0.6649	0.4532
41	42	0.9984	0.5859	0.1619
42	43	0.9499	0.7962	0.5233
