0	1	0.8003	0.7369	0.3264
0	2	0.6003	0.6703	0.4412
0	3	0.9500	0.6229	0.4649
0	20	0.7500	0.5319	0.4577
0	21	0.9990	0.4339	0.4218
0	22	0.9991	0.6020	0.6542
1	2	0.7999	0.8421	0.4434
1	3	0.7498	0.6113	0.3659
1	4	0.9993	0.7775	0.5394
1	20	0.5006	0.4134	0.5743
1	21	0.7001	0.4146	0.4588
1	22	0.8496	0.4190	0.6512
2	3	0.7503	0.4894	0.3905
2	4	0.9993	0.6276	0.4888
2	5	0.5500	0.4068	0.4440
2	6	0.5505	0.7528	0.2883
2	7	0.5510	0.4538	0.1011
2	21	0.5505	0.4755	0.4936
2	22	0.6506	0.6065	0.6876
3	4	0.9998	0.5321	0.4722
3	5	0.9994	0.5794	0.3923
3	6	0.9995	0.7282	0.4342
3	7	0.9996	0.6967	0.3306
3	8	0.9992	0.6521	0.6655
3	10	0.5021	0.5442	0.4371
3	21	0.8009	0.3107	0.4310
3	22	0.9991	0.4193	0.6597
4	5	0.9996	0.5380	0.4364
4	6	0.9999	0.4884	0.4344
4	7	0.9997	0.5095	0.3497
4	8	0.8493	0.5679	0.6050
5	6	0.9999	0.7523	0.4505
5	7	0.9998	0.7393	0.4043
5	8	0.9996	0.5526	0.5760
5	9	0.8497	0.7398	0.4828
5	10	0.7501	0.6709	0.3288
6	8	0.9980	0.5254	0.7058
6	9	0.9997	0.7379	0.4827
6	10	0.9993	0.6280	0.5500
6	11	0.9998	0.6856	0.5130
7	8	0.9989	0.6067	0.5953
7	9	0.9999	0.6640	0.4795
7	10	1.0000	0.6677	0.4970
7	11	0.9499	0.8483	0.4846
7	12	0.6013	0.7489	0.5232
8	9	0.9994	0.6578	0.3710
8	10	0.9999	0.6053	0.4343
8	11	0.9494	0.8007	0.4179
8	13	0.6507	0.4985	0.1177
9	10	0.9998	0.5660	0.5726
9	11	0.9998	0.6231	0.5083
9	12	0.9481	0.8353	0.5944
9	13	0.5994	0.5142	0.3988
10	11	1.0000	0.6718	0.4671
10	12	0.9993	0.7878	0.5922
11	12	0.9992	0.3405	0.5084
11	13	0.9997	0.5984	0.4841
11	14	0.7513	0.6328	0.4188
11	15	0.9987	0.7079	0.6558
12	13	0.9995	0.5489	0.3911
12	15	0.9988	0.4747	0.4882
13	14	0.9001	0.6832	0.5020
13	15	0.9994	0.7386	0.6098
13	16	0.7007	0.6272	0.4031
14	15	0.9988	0.5190	0.5826
14	16	0.9991	0.5060	0.5133
14	17	0.9993	0.5856	0.4788
14	18	0.8998	0.6208	0.5178
14	22	0.5506	0.8171	0.4309
15	16	0.9984	0.4140	0.4856
15	17	0.9994	0.5681	0.4990
15	18	0.9002	0.5899	0.5002
15	19	0.5500	0.4971	0.5366
15	20	0.8000	0.5973	0.3961
16	17	0.6976	0.4549	0.4059
17	18	0.9988	0.4830	0.4574
17	19	0.7999	0.5272	0.3810
17	20	0.9990	0.5764	0.3249
17	21	0.7001	0.4713	0.4501
17	22	0.8508	0.8390	0.4542
18	19	0.8501	0.5715	0.4039
18	20	0.9987	0.4673	0.4619
18	21	0.9995	0.5646	0.4008
18	22	0.9996	0.6089	0.4734
18	23	0.5005	0.7241	0.6332
19	20	0.9981	0.5574	0.2246
19	21	0.9996	0.6499	0.4316
19	22	0.9492	0.7921	0.6104
20	21	0.9984	0.4514	0.4105
20	22	1.0000	0.6490	0.4390
20	23	0.6493	0.5426	0.5633
21	22	0.9998	0.5226	0.3968
21	23	0.8996	0.5846	0.4990
22	23	0.9992	0.7322	0.6644
