0	1	0.9999	0.9920	0.3419
0	2	0.9996	0.6732	0.4436
0	3	0.9997	0.4869	0.5538
0	4	0.9989	0.9518	0.4620
0	5	0.9999	0.6390	0.4745
0	6	1.0000	0.9711	0.2612
0	24	0.9999	0.7499	0.3703
0	25	0.9996	0.1094	0.4543
1	2	0.9973	0.8541	0.0251
1	3	0.9982	0.2388	0.9971
1	4	0.5997	0.6149	0.2206
2	3	0.9999	0.7791	0.2591
2	4	0.7004	0.1343	0.3963
2	5	0.7989	0.6706	0.2054
2	24	0.9500	0.3063	0.6495
2	25	0.8996	0.6430	0.6418
3	4	0.9983	0.9665	0.3541
3	5	0.9989	0.7042	0.4885
3	25	0.9484	0.3782	0.3729
4	5	0.9504	0.6778	0.8295
4	6	0.9495	0.4230	0.6534
4	9	0.5005	0.6220	0.5977
4	24	0.8487	0.7691	0.5440
4	34	0.6004	0.7810	0.4169
5	6	0.9991	0.9322	0.2211
5	9	0.5180	0.7001	0.4892
5	15	0.7509	0.7625	0.4211
5	24	0.9990	0.3587	0.3583
6	9	0.8001	0.5966	0.4048
6	10	0.7001	0.4985	0.5820
6	24	0.5498	0.4063	0.5681
7	8	0.9975	0.8826	0.2488
8	9	0.9988	0.7841	0.1257
8	11	0.5999	0.8600	0.3860
8	14	0.6497	0.8961	0.6548
8	15	0.9996	0.8083	0.5088
8	24	0.9987	0.7269	0.2931
8	30	0.6496	0.5192	0.5271
9	10	0.9996	0.8559	0.4939
9	11	0.6010	0.3986	0.3194
10	11	0.8852	0.7152	0.0590
10	14	0.7505	0.5572	0.8474
10	15	0.7498	0.6577	0.1732
11	12	0.9493	0.9765	0.3392
11	14	0.9997	0.5226	0.7806
11	15	0.9966	0.4544	0.6287
11	16	0.9977	0.9594	0.4153
11	17	0.9482	0.6618	0.6525
11	22	0.6500	0.8686	0.6065
11	24	0.9992	0.5671	0.2609
11	25	0.9993	0.1337	0.7961
12	13	0.8494	0.4982	0.3689
12	14	0.8494	0.3760	0.0858
12	15	0.8500	0.3385	0.9006
12	16	0.7001	0.4197	0.2313
12	17	0.9003	0.4516	0.9584
13	14	0.9981	0.6419	0.1275
13	15	0.8502	0.5525	0.3973
13	16	0.9993	0.4338	0.4882
13	17	0.7006	0.4845	0.4302
14	15	0.9997	0.8252	0.3190
14	16	0.6012	0.3248	0.7121
14	17	0.6512	0.6850	0.3469
15	16	0.9980	0.9720	0.3653
15	17	0.9978	0.5654	0.5862
15	24	0.6008	0.5996	0.3302
15	25	0.6497	0.5171	0.5794
16	17	0.9999	0.5312	0.8898
16	20	0.7003	0.6984	0.3217
16	22	0.7492	0.4422	0.6293
16	24	0.7001	0.3642	0.0592
17	20	0.6485	0.7348	0.4919
17	21	0.7010	0.3907	0.6746
17	22	0.9986	0.7510	0.6243
18	19	0.8497	0.6280	0.4193
18	20	0.9492	0.5386	0.2120
19	20	0.8986	0.8181	0.2397
19	34	0.9490	0.7173	0.3441
20	21	0.9996	0.7483	0.2516
20	22	0.9982	0.5666	0.1643
21	22	0.9987	0.9633	0.1217
22	23	0.8494	0.6052	0.6609
22	26	0.6499	0.2591	0.7265
23	27	0.7012	0.5460	0.4551
24	25	0.9991	0.6957	0.4314
24	26	0.8723	0.4482	0.5029
25	26	0.7502	0.6660	0.3541
26	27	0.6501	0.7566	0.2499
26	28	0.8494	0.7626	0.2814
26	29	0.7503	0.8158	0.3188
27	28	0.6498	0.4978	0.4690
27	29	0.7503	0.1185	0.7538
28	29	0.9992	0.8616	0.4316
28	30	0.8996	0.7126	0.4719
28	31	0.7503	0.8533	0.4363
29	30	0.9498	0.5222	0.7484
29	31	0.6502	0.4456	0.4810
30	31	0.9989	0.8281	0.5938
31	32	0.7494	0.7091	0.1956
32	33	0.9983	0.7651	0.4363
32	34	0.6505	0.8322	0.3006
33	34	0.9973	0.7530	0.6425
34	35	0.9986	0.8842	0.6181
35	36	0.9007	0.9317	0.1733
