0	1	0.9998	0.8215	0.2599
1	2	0.9974	0.9251	0.1475
1	3	1.0000	0.7485	0.7540
1	4	0.9500	0.6490	0.6644
1	5	1.0000	0.6933	0.7754
1	7	0.7003	0.4143	0.4304
1	8	0.6502	0.3455	0.7669
2	3	0.7991	0.3963	0.7030
2	5	0.7029	0.0664	0.6318
2	11	0.5007	0.5728	0.4250
3	4	0.8505	0.8036	0.6234
3	5	0.5538	0.7383	0.6734
3	7	0.8502	0.6857	0.3983
3	8	0.8006	0.4546	0.7303
3	9	0.5533	0.6375	0.5952
3	10	0.5497	0.8218	0.4395
4	5	0.9495	0.8787	0.2540
4	7	0.7519	0.7399	0.5798
4	9	0.7508	0.5513	0.4799
4	10	0.8491	0.8654	0.1816
5	6	0.9983	0.8831	0.0638
5	21	0.5002	0.7469	0.0657
5	24	0.9989	0.8116	0.5065
6	7	0.9999	0.9323	0.2740
6	10	0.5003	0.4078	0.7706
6	11	0.9997	0.5341	0.4449
6	12	0.7997	0.8269	0.1009
6	13	0.6493	0.4654	0.3981
6	19	0.9986	0.6377	0.6453
6	20	0.7492	0.7206	0.4056
6	21	0.9994	0.6899	0.5574
6	22	0.8003	0.9526	0.5851
6	23	0.9991	0.8741	0.8814
6	24	0.9985	0.7227	0.7333
6	25	0.8988	0.8742	0.1822
7	8	1.0000	0.5612	0.6045
7	9	0.5506	0.3695	0.5531
7	10	0.6508	0.5366	0.4490
7	22	0.6440	0.2818	0.3468
7	24	0.7505	0.1814	0.9061
7	25	0.6083	0.4473	0.2917
7	26	0.5008	0.3099	0.5809
8	9	0.9996	0.6256	0.6665
8	10	0.9494	0.9022	0.3336
8	12	0.7501	0.7076	0.4126
9	10	0.9994	0.8295	0.2808
9	12	0.6480	0.4575	0.4162
10	11	0.9987	0.8017	0.1333
10	12	0.9998	0.3052	0.6771
10	13	0.8490	0.5618	0.1973
11	12	0.9997	0.5157	0.3420
11	13	0.9480	0.4706	0.5609
11	14	0.9484	0.5986	0.5287
11	15	0.8491	0.5625	0.5519
11	17	0.6999	0.6647	0.4583
11	19	0.9487	0.5397	0.5209
11	21	0.9486	0.5615	0.5726
11	24	0.9967	0.5245	0.7570
12	13	0.9999	0.4209	0.4032
12	14	0.9998	0.5153	0.6116
12	15	0.9988	0.4498	0.3693
13	14	0.9998	0.6994	0.6210
13	15	0.9995	0.5075	0.4678
13	16	0.9499	0.8367	0.5339
13	17	0.9000	0.5685	0.3985
13	19	0.9993	0.6194	0.3893
14	15	0.9999	0.5708	0.4728
14	16	0.9999	0.3355	0.5656
14	17	0.9990	0.4347	0.3976
14	18	0.5506	0.2249	0.7477
15	16	0.9994	0.7302	0.4992
15	17	0.9995	0.5399	0.3690
15	18	0.7500	0.8631	0.4317
15	19	0.9991	0.6035	0.2970
15	20	0.9975	0.9796	0.3743
15	21	0.8500	0.6902	0.1988
16	17	0.9997	0.4248	0.4790
16	18	0.8498	0.1877	0.7659
16	19	0.8499	0.4837	0.2967
17	18	0.9971	0.9687	0.7829
17	19	0.9990	0.4931	0.4147
17	20	0.9984	0.8657	0.4232
17	21	0.5997	0.3886	0.2493
18	19	0.8976	0.4212	0.7698
18	20	0.5998	0.6859	0.2395
19	20	1.0000	0.5986	0.3845
19	21	0.9999	0.5902	0.4565
19	24	0.8499	0.7176	0.4669
20	21	0.9989	0.5894	0.2966
20	23	0.9501	0.2266	0.8089
20	24	0.5512	0.3563	0.3829
21	22	0.9980	0.9715	0.4370
21	23	0.9992	0.8894	0.6486
21	24	0.8995	0.5219	0.4982
21	25	0.6488	0.9222	0.2762
22	23	0.9997	0.4701	0.3157
22	24	1.0000	0.3701	0.9510
22	25	0.7001	0.4989	0.8390
22	26	0.9987	0.6167	0.6720
23	24	1.0000	0.6768	0.5621
23	26	0.9995	0.5437	0.6684
24	25	0.9965	0.9745	0.2328
25	26	0.6793	0.4402	0.3886
