0	1	0.9997	0.6882	0.7594
0	2	0.7002	0.5706	0.5437
0	3	0.8000	0.6884	0.6025
0	4	0.7001	0.6118	0.6055
1	2	0.8999	0.5620	0.4285
1	3	0.6506	0.4781	0.5880
2	3	0.9501	0.6191	0.4726
2	4	0.7002	0.5311	0.3922
2	5	0.5007	0.4387	0.3449
2	9	0.5505	0.3917	0.5137
2	10	0.8498	0.4928	0.5560
2	11	0.9993	0.5052	0.4503
3	4	0.9499	0.6410	0.5212
3	5	0.5507	0.5633	0.4896
3	8	0.6007	0.4369	0.3329
3	9	0.6002	0.3351	0.5930
3	10	0.8998	0.4901	0.5727
3	11	0.9493	0.7617	0.5608
4	5	0.7003	0.7278	0.4013
4	6	0.6004	0.4304	0.3436
4	8	0.5505	0.6230	0.4171
4	9	0.8500	0.8139	0.6424
4	10	0.6506	0.6205	0.4416
4	11	0.9998	0.8099	0.3908
5	7	0.5327	0.5994	0.3244
5	9	0.5003	0.5270	0.4693
5	10	0.5232	0.6082	0.5409
5	11	0.7985	0.6768	0.6224
6	7	0.6501	0.4969	0.4671
6	8	0.5996	0.5955	0.4352
6	9	0.8497	0.5220	0.4669
6	10	0.6004	0.5037	0.5358
6	11	0.9985	0.7285	0.5620
6	15	0.5502	0.2135	0.5380
7	8	0.9982	0.6911	0.3392
7	9	0.9490	0.7597	0.7191
7	10	0.9496	0.4214	0.6906
7	11	0.9994	0.5877	0.5427
8	9	0.9999	0.5395	0.5455
8	10	0.9987	0.4810	0.5953
8	11	0.9996	0.5632	0.6132
8	12	0.8989	0.4967	0.5537
8	13	0.8501	0.6437	0.4037
8	14	0.9986	0.6240	0.6630
8	15	0.7991	0.4778	0.4682
8	16	0.7003	0.6892	0.3794
9	10	0.9994	0.4973	0.5131
9	11	0.9997	0.5817	0.5206
9	12	0.9989	0.2725	0.7613
9	13	0.9993	0.3694	0.5067
9	14	0.7493	0.4177	0.8276
9	15	0.8498	0.4254	0.5587
9	16	0.9498	0.7144	0.6707
10	11	0.9995	0.5243	0.5600
10	12	0.9500	0.2059	0.7712
10	13	0.9495	0.4296	0.4719
10	14	0.8000	0.5530	0.4568
10	15	0.9996	0.5426	0.4436
10	16	0.9996	0.5855	0.4645
11	12	0.9976	0.9549	0.9765
11	13	0.8008	0.7623	0.5582
11	14	0.8989	0.7217	0.5910
11	15	0.8505	0.6965	0.3240
11	16	0.8999	0.6308	0.5079
12	13	0.9984	0.9020	0.4029
12	14	0.6522	0.6382	0.3662
12	15	0.6006	0.7811	0.5509
13	14	0.9494	0.6253	0.3779
13	15	0.9497	0.3979	0.5617
13	16	0.7006	0.5090	0.6141
14	15	0.7996	0.7350	0.4303
14	16	0.5522	0.6993	0.2569
15	16	0.9994	0.8097	0.4738
