0	1	0.9965	0.5969	0.2353
0	2	0.9995	0.3309	0.9659
0	4	0.7000	0.5847	0.6573
0	5	0.9998	0.0184	0.5718
0	6	0.9507	0.0031	0.6490
1	2	0.9996	0.4592	0.4255
1	3	0.9984	0.2208	0.3058
1	5	0.7997	0.1587	0.1814
1	6	0.9964	0.1322	0.6629
2	3	0.9993	0.7692	0.2208
2	4	0.5009	0.7593	0.7066
2	5	0.9999	0.6451	0.1680
2	6	0.9994	0.5246	0.6432
3	4	0.7502	0.8031	0.4900
3	5	0.9999	0.7617	0.3226
3	6	1.0000	0.6220	0.4774
3	14	0.6497	0.7873	0.9406
4	5	0.9989	0.7013	0.2895
4	6	0.9999	0.5460	0.4247
4	9	0.9041	0.9022	0.9196
4	14	0.5489	0.9406	0.6296
5	6	0.9996	0.4698	0.4150
6	13	0.9989	0.9973	0.6183
6	14	0.9485	0.8774	0.5110
7	8	0.9984	0.8198	0.0905
7	9	0.9988	0.1108	0.3297
7	11	0.9482	0.3444	0.3753
7	12	0.9987	0.8399	0.5989
7	13	0.9975	0.5482	0.0691
7	14	0.7494	0.6709	0.8967
7	16	0.9999	0.0243	0.9321
8	9	0.6501	0.3196	0.2570
8	11	0.9007	0.1425	0.5241
8	13	0.9983	0.2529	0.3173
8	16	0.9996	0.3259	0.8912
9	10	0.9998	0.9675	0.3561
9	11	0.9987	0.9980	0.0442
9	13	1.0000	0.5636	0.2931
9	14	0.9997	0.8778	0.8591
9	16	1.0000	0.4842	0.5331
9	18	0.6996	0.4917	0.4238
9	19	0.9997	0.6502	0.3255
9	20	0.9994	0.3937	0.3850
10	16	1.0000	0.9719	0.2211
10	18	0.9994	0.9355	0.6698
10	19	0.7002	0.9456	0.7197
11	12	0.9992	0.4905	0.9354
11	13	0.9979	0.5722	0.2701
11	14	0.9510	0.7487	0.9927
11	16	0.9994	0.0019	0.7990
12	13	0.9997	0.7354	0.2047
12	14	0.8492	0.9323	0.7305
12	16	1.0000	0.1532	0.8964
13	14	0.9997	0.6961	0.5685
13	16	0.9962	0.0250	0.6460
15	16	0.9500	0.0770	0.1214
15	17	0.9999	0.6752	0.5855
16	17	1.0000	0.5843	0.6256
16	18	1.0000	0.4335	0.7000
16	19	0.9998	0.3673	0.3695
16	20	0.5013	0.6690	0.4504
17	18	0.9998	0.6655	0.8932
18	19	0.9987	0.6667	0.5755
19	20	0.9997	0.9535	0.4685
