0	1	0.9980	0.6974	0.0443
0	3	0.7508	0.9138	0.2570
0	5	0.5519	0.5165	0.4925
0	6	0.9500	0.9079	0.1807
1	2	0.9997	0.6938	0.2198
1	3	0.9976	0.2974	0.2717
1	5	0.9998	0.1029	0.5216
1	6	0.9500	0.6528	0.7104
1	7	0.9970	0.9721	0.4823
1	8	1.0000	0.6563	0.1501
1	10	0.8008	0.6618	0.7190
1	12	0.9999	0.6167	0.2432
1	17	0.8998	0.5570	0.0613
2	8	0.9997	0.5101	0.4607
2	9	0.9991	0.9137	0.2786
2	10	0.9995	0.8915	0.4699
2	12	0.9979	0.5352	0.6949
2	15	0.6999	0.7669	0.4734
2	16	0.9497	0.3521	0.8152
3	4	0.9996	0.9344	0.3529
3	5	0.9000	0.4867	0.5963
3	6	0.9497	0.7039	0.4191
3	8	0.9472	0.0992	0.3659
3	12	0.9502	0.1986	0.9867
3	13	0.8503	0.3322	0.4823
4	6	0.9989	0.7469	0.5600
5	6	0.9988	0.7603	0.1062
5	10	0.8492	0.7461	0.1598
6	7	0.9490	0.9739	0.2526
6	8	0.9963	0.6696	0.0575
7	8	0.7999	0.7588	0.0363
7	12	0.7994	0.7781	0.0305
8	9	0.9980	0.9887	0.2444
8	10	0.9999	0.6128	0.5875
8	11	0.9991	0.2617	0.5992
8	12	0.9994	0.4520	0.5450
8	13	0.5526	0.5354	0.2591
9	10	0.9963	0.5697	0.0718
9	12	0.9998	0.3083	0.8314
9	13	0.5501	0.4626	0.4696
10	11	0.9982	0.8981	0.3293
10	12	0.9999	0.6607	0.2393
10	13	0.5504	0.3381	0.2061
10	16	0.9498	0.2290	0.8528
11	12	0.9491	0.6664	0.1374
12	13	0.6013	0.7899	0.2380
13	14	0.9986	0.7554	0.6390
13	15	0.9494	0.6439	0.4112
13	16	0.5001	0.3915	0.3178
14	15	0.9987	0.8122	0.2319
14	16	0.9994	0.8665	0.2160
14	17	0.6994	0.7275	0.8011
15	16	0.9981	0.8396	0.2404
16	17	0.9485	0.6732	0.3301
17	18	0.8991	0.9958	0.2086
17	19	0.6497	0.7547	0.4212
17	20	0.9998	0.6686	0.4493
17	22	0.9982	0.9918	0.6931
17	23	0.9994	0.5924	0.5779
18	19	0.9981	0.9073	0.1329
18	20	0.9999	0.3511	0.9953
18	21	0.9995	0.6006	0.5173
18	22	0.9975	0.4326	0.1537
18	23	0.7011	0.3177	0.9279
19	20	0.9996	0.7147	0.8062
19	21	0.9999	0.1843	0.8588
19	22	0.9998	0.4944	0.7357
19	23	0.9992	0.7079	0.5936
20	21	0.9499	0.9999	0.1232
20	22	0.9993	0.9193	0.7632
20	23	0.9982	0.4824	0.5572
20	24	0.7496	0.9962	0.3841
20	25	0.8502	0.8034	0.3142
21	22	0.9972	0.4018	0.0963
22	23	1.0000	0.8087	0.7476
23	24	0.9999	0.9900	0.3354
23	25	1.0000	0.8610	0.2361
24	25	0.9498	0.7070	0.6183
