0	4	0.9983	0.9904	1.0000
0	6	0.9990	0.1050	0.9923
0	7	0.9981	0.9353	0.0000
0	8	1.0000	0.9428	0.9950
0	9	0.9494	0.9947	0.5241
1	2	0.9997	0.4718	0.4592
1	4	0.9988	0.1394	0.7752
1	7	0.9983	0.3654	0.3111
1	8	0.9999	0.8207	0.4604
1	9	0.9998	0.4087	0.7875
1	10	1.0000	0.9159	0.3994
1	11	0.9979	0.9486	0.4241
1	12	1.0000	0.5985	0.4686
1	13	0.6074	0.3746	0.2646
2	3	0.9965	0.4315	0.0246
2	4	1.0000	0.5489	0.4409
2	7	0.9952	0.1951	0.7071
2	8	0.9999	0.0759	0.1517
2	9	0.7506	0.3373	0.5599
2	11	0.7498	0.2538	0.4127
2	12	1.0000	0.5446	0.3855
2	13	1.0000	0.5180	0.3849
2	14	0.9966	0.3775	0.1667
2	15	0.7007	0.7712	0.5729
3	4	0.9999	0.5463	0.3211
3	5	0.9961	0.6400	0.4902
3	6	1.0000	0.8997	0.1178
3	7	1.0000	0.7735	0.5158
3	13	0.9989	0.0568	0.3784
3	14	0.9999	0.4565	0.5495
4	5	1.0000	0.7316	0.1537
4	6	1.0000	0.0716	0.0464
4	7	0.9995	0.4849	0.2786
4	8	0.9490	0.4216	0.8100
4	13	1.0000	0.0981	0.9184
4	14	0.9989	0.1176	0.4889
5	6	0.9977	0.5662	0.4574
5	7	0.9985	0.2158	0.0401
6	7	0.9997	0.2143	0.5932
6	8	0.9997	0.1328	0.6647
6	9	0.9993	0.0866	0.3571
7	8	0.9996	0.6181	0.5899
7	9	0.9996	0.4137	0.4754
7	13	0.9983	0.8978	0.9968
7	14	0.9998	0.8388	0.2013
8	9	0.9500	0.4763	0.4577
9	10	0.9993	0.9923	0.1722
9	11	0.9987	0.9605	0.1846
9	12	0.5005	0.7386	0.1608
10	11	0.9993	0.7421	0.7448
10	12	0.9999	0.5393	0.6339
11	12	0.9988	0.5355	0.3038
11	15	0.6499	0.5337	0.3099
12	13	1.0000	0.3236	0.3987
12	14	0.9999	0.1145	0.9673
12	15	1.0000	0.4729	0.8165
13	14	0.9977	0.6774	0.5166
13	15	0.9994	0.2050	0.5054
14	15	1.0000	0.9823	0.1912
