0	1	1.0000	0.8881	0.4412
0	2	1.0000	0.5671	0.4806
0	6	0.8990	0.2489	0.5040
0	7	0.9994	0.6776	0.5212
0	8	0.8992	0.8290	0.2734
0	9	0.9996	0.7305	0.4896
0	11	1.0000	0.7626	0.4150
0	12	0.9500	0.8172	0.3962
0	13	0.5005	0.6899	0.3710
1	2	0.9999	0.6770	0.3118
1	3	0.9999	0.2166	0.7733
1	4	0.9993	0.7552	0.4762
1	5	0.9497	0.7224	0.0453
1	7	0.9999	0.7314	0.7540
1	9	1.0000	0.4098	0.8327
1	11	0.9999	0.2821	0.8258
1	12	0.9991	0.3474	0.2724
1	14	1.0000	0.4800	0.7450
2	3	0.9994	0.9496	0.4560
2	4	0.5007	0.4887	0.5025
2	5	0.9993	0.4938	0.5129
2	6	0.9983	0.9108	0.6773
2	7	0.9996	0.4597	0.4847
2	8	0.9498	0.9517	0.4040
3	4	0.9999	0.8512	0.2934
3	5	0.9999	0.4440	0.8289
4	5	0.9961	0.5358	0.1027
5	6	0.8994	0.9941	0.7076
5	7	0.8503	0.5789	0.3213
6	7	0.9986	0.5651	0.4768
6	8	0.9997	0.2615	0.8504
7	8	0.9986	0.9412	0.4952
7	9	1.0000	0.6431	0.4589
7	10	0.6000	0.8124	0.4372
7	11	0.9996	0.6740	0.4073
8	9	0.9994	0.4716	0.3693
8	10	0.9998	0.2463	0.7672
8	11	0.8982	0.3979	0.0423
9	10	0.9984	0.9447	0.6120
9	11	0.9995	0.5316	0.4202
9	13	0.9002	0.6819	0.3891
9	14	0.8998	0.8669	0.2472
10	11	0.9991	0.6293	0.5323
10	13	0.9994	0.3691	0.7915
10	14	0.9990	0.1459	0.6518
11	12	0.9999	0.7426	0.3360
11	13	0.9494	0.5948	0.4791
11	14	0.9980	0.7287	0.2550
12	13	0.9496	0.4183	0.4713
12	14	0.9995	0.4559	0.4699
13	14	0.9983	0.8691	0.3846
14	15	0.9972	0.8263	0.7126
14	16	0.9490	0.6697	0.3308
14	17	0.9974	0.7320	0.0311
15	17	0.7500	0.6584	0.2637
16	17	0.8503	0.5815	0.0452
17	18	1.0000	0.8153	0.3681
17	19	0.9497	0.6357	0.4607
17	20	0.9997	0.3873	0.4527
17	22	0.9997	0.1013	0.4986
18	19	0.9500	0.5858	0.4025
19	20	0.8002	0.5109	0.2739
20	21	0.9991	0.9583	0.1651
20	22	0.9994	0.7588	0.6036
20	23	0.6505	0.6529	0.0900
20	24	0.5505	0.4246	0.3993
20	28	0.9491	0.9235	0.3905
20	31	0.9993	0.9480	0.5740
20	33	0.9997	0.9276	0.6839
21	22	0.9984	0.6513	0.1980
21	23	0.8992	0.3914	0.3827
21	24	0.8488	0.8514	0.0141
21	27	0.9997	0.4154	0.7185
21	28	0.9995	0.5882	0.5894
21	29	0.9981	0.9345	0.7037
21	30	0.9999	0.6102	0.6851
21	31	0.9998	0.5707	0.4674
21	32	0.7997	0.8986	0.5717
21	33	0.9487	0.5610	0.2108
22	23	0.9998	0.7061	0.5117
22	27	0.8480	0.8879	0.6482
22	28	0.9999	0.4909	0.7692
22	31	1.0000	0.3608	0.7345
22	33	0.9506	0.4079	0.7807
23	24	0.9987	0.9712	0.2970
23	25	0.9001	0.5909	0.6600
23	26	0.9984	0.7291	0.4446
23	27	0.9998	0.7992	0.7403
23	28	1.0000	0.6494	0.3961
23	29	0.9988	0.9854	0.9703
23	30	0.6507	0.7911	0.6059
23	31	0.7013	0.5388	0.3357
24	25	0.9991	0.7562	0.3817
24	28	0.9003	0.0677	0.9948
24	29	0.7499	0.3490	0.4446
25	26	0.9964	0.8774	0.5466
25	27	0.6998	0.9150	0.3481
26	27	0.5001	0.4265	0.5131
26	29	0.9971	0.5253	0.8736
26	30	0.8477	0.7353	0.4131
27	28	0.9987	0.8509	0.3156
27	29	0.9995	0.3984	0.9282
27	30	0.9496	0.6186	0.5461
27	31	0.5126	0.5346	0.1818
28	29	0.9977	0.9885	0.6189
28	30	0.9987	0.6488	0.6613
28	31	0.9996	0.5530	0.5034
28	32	0.5004	0.9303	0.5589
28	33	0.6998	0.5454	0.3528
29	30	0.9985	0.9558	0.2026
29	31	0.9998	0.5138	0.9661
29	32	0.6577	0.5725	0.3754
30	31	0.9992	0.8593	0.1664
30	32	0.9003	0.2175	0.7410
31	32	0.9985	0.9433	0.6146
31	33	0.9999	0.6583	0.5048
32	33	0.9993	0.7894	0.4985
