0	1	0.9986	0.9162	0.7286
0	2	0.9999	0.6030	0.4313
0	3	0.6987	0.3334	0.4252
0	4	1.0000	0.7209	0.3544
0	5	0.6985	0.9854	0.4651
0	7	0.9998	0.5086	0.5767
1	2	0.6011	0.8936	0.0484
1	3	0.5654	0.7256	0.4056
1	4	0.9988	0.8665	0.5936
1	5	0.9960	0.9888	0.6668
1	6	0.9991	0.9620	0.0191
1	7	0.9992	0.9144	0.1230
2	3	0.9996	0.9999	0.0578
2	4	0.9977	0.4488	0.1484
2	7	0.9500	0.4167	0.6814
2	11	1.0000	0.9394	0.2480
2	18	0.9997	0.6608	0.4130
3	4	0.9972	0.9777	0.0161
3	7	0.8490	0.6345	0.9158
4	5	0.9995	0.9925	0.9802
4	6	0.9986	0.9611	0.2712
4	7	0.9999	0.5503	0.5629
4	8	0.9993	0.7488	0.6430
4	11	0.9494	0.1180	0.3083
5	6	0.9969	0.4283	0.2852
6	7	0.9948	0.5378	0.1432
7	8	1.0000	0.6919	0.3511
7	11	0.6498	0.8611	0.3008
8	9	0.9940	0.9801	0.7510
8	10	0.9992	0.8481	0.7494
8	11	0.9993	0.3371	0.2479
8	12	0.8001	0.7382	0.6043
9	10	0.9966	0.4674	0.3184
10	11	0.9493	0.9764	0.0895
10	12	1.0000	0.6882	0.5786
10	14	0.9999	0.0543	0.3720
10	17	0.7000	0.6088	0.3630
11	12	0.9973	0.4933	0.1560
11	17	0.9486	0.4281	0.7362
11	18	0.9985	0.3653	0.4167
12	13	0.9963	0.9872	0.6468
12	14	1.0000	0.9762	0.2625
12	16	0.9995	0.9211	0.8845
12	17	0.9998	0.5248	0.5489
12	18	0.9994	0.4286	0.5899
13	16	0.8982	0.2909	0.6964
14	15	0.9999	0.8764	0.3183
14	16	0.9999	0.3539	0.4883
14	17	0.9500	0.0825	0.0559
15	16	0.9997	0.6197	0.3764
16	17	0.9997	0.9715	0.0424
17	18	1.0000	0.9088	0.2665
