0	1	1.0000	0.7431	0.4934
0	2	0.5014	0.6092	0.4544
0	3	0.7508	0.6998	0.4937
1	2	0.9501	0.8850	0.5463
1	3	0.9500	0.5904	0.6599
1	4	0.6003	0.7357	0.4762
2	3	0.9987	0.6700	0.4738
3	4	0.9500	0.6057	0.4734
4	5	0.8997	0.5050	0.5615
4	7	0.5009	0.4939	0.4693
4	9	0.5005	0.3799	0.4909
5	6	0.9501	0.6744	0.5319
5	7	0.9996	0.5074	0.5519
5	9	0.8500	0.6247	0.4308
6	7	0.9502	0.8861	0.4083
6	9	0.8502	0.6175	0.6056
6	10	0.5011	0.5079	0.3862
7	8	0.9964	0.9468	0.6405
7	9	0.9992	0.3374	0.2735
8	9	0.7010	0.5748	0.2453
9	10	0.9989	0.6849	0.3695
10	11	0.9998	0.8312	0.5666
10	12	0.5002	0.6119	0.1759
10	13	0.9488	0.8820	0.3810
10	15	0.8993	0.7474	0.1811
10	16	0.8486	0.8479	0.4638
10	17	0.8003	0.8021	0.8536
10	18	1.0000	0.7526	0.6964
11	13	0.8487	0.6819	0.2515
11	15	0.7990	0.7374	0.2709
11	16	0.7496	0.7249	0.6309
11	17	0.9995	0.8532	0.9806
11	18	0.5503	0.6451	0.5878
11	19	0.7003	0.5503	0.5284
12	13	0.9483	0.9994	0.0628
12	15	0.7487	0.8199	0.1150
12	16	0.8979	0.8569	0.6984
12	17	0.9472	0.9532	0.6467
13	14	1.0000	0.6668	0.4864
13	15	0.9975	0.3533	0.6093
13	16	0.9990	0.4225	0.4722
13	17	0.9992	0.3243	0.4933
13	18	0.9989	0.4887	0.3780
13	19	0.7500	0.4294	0.7200
13	22	0.6497	0.3846	0.5233
14	15	0.9991	0.5606	0.3816
14	16	0.9497	0.5554	0.3913
14	17	0.9998	0.6573	0.7826
14	18	0.8001	0.5207	0.5152
15	16	0.9991	0.5139	0.5327
15	17	0.9999	0.5158	0.6035
15	18	0.9978	0.4427	0.3025
16	17	1.0000	0.5353	0.5010
16	18	0.7503	0.2354	0.2939
17	18	0.9967	0.9818	0.2846
17	19	0.9497	0.8422	0.6891
17	20	0.8491	0.7209	0.3896
17	22	0.5498	0.7265	0.3608
18	19	1.0000	0.8052	0.4441
18	23	0.5498	0.9129	0.6673
19	21	0.7504	0.6759	0.5564
19	22	1.0000	0.5371	0.8553
20	21	0.9991	0.6183	0.6015
20	22	0.5838	0.3372	0.4009
21	22	0.8000	0.6808	0.4107
22	23	0.7991	0.8704	0.8724
