0	1	0.9992	0.8139	0.4926
0	2	0.9991	0.7564	0.3279
0	23	0.9972	0.9766	0.9729
0	26	0.9999	0.9721	0.6061
0	27	0.9999	0.8409	0.1174
0	28	0.9976	0.9862	0.1125
1	22	0.9999	0.0675	0.8573
1	23	0.9998	0.2019	0.8238
1	24	0.8021	0.5028	0.0014
1	25	0.9973	0.9077	0.9928
1	26	0.9990	0.7522	0.7582
1	27	1.0000	0.0000	0.0669
1	28	0.9997	0.0376	0.1403
1	29	0.7986	0.2627	0.8067
2	3	0.7998	0.7011	0.2166
2	19	0.9955	0.5108	0.1069
2	26	0.7520	0.5747	0.5648
3	4	0.9959	0.6584	0.1075
3	19	0.8995	0.6541	0.0248
4	5	0.9989	0.5940	0.4551
4	14	0.9979	0.9895	0.7932
4	15	0.9981	0.9952	0.0782
4	16	0.9997	0.9841	0.6866
4	17	0.9997	0.9094	0.6920
4	18	0.5508	0.7102	0.6153
4	19	0.9991	0.6864	0.2494
5	6	1.0000	0.9974	0.2597
5	13	0.8988	0.1979	0.2953
5	15	0.9988	0.2494	0.0577
5	16	0.9994	0.6130	0.3500
5	17	0.9999	0.6797	0.5456
5	18	0.9996	0.2881	0.3590
6	7	1.0000	0.8375	0.2511
6	8	0.9999	0.4389	0.5203
6	11	0.9994	0.6219	0.3884
6	13	1.0000	0.4639	0.4969
6	16	1.0000	0.4411	0.5322
6	17	0.9999	0.2749	0.4520
6	18	0.9995	0.7345	0.7105
7	8	0.9993	0.6158	0.5315
7	9	0.9982	0.5275	0.5322
7	10	1.0000	0.3966	0.7254
7	11	0.9995	0.4819	0.4165
7	13	0.8996	0.3404	0.3381
8	9	0.9999	0.6592	0.2410
8	11	1.0000	0.3808	0.7184
8	13	1.0000	0.2321	0.8574
8	16	0.7503	0.1820	0.4058
9	10	0.9938	0.7905	0.6200
9	11	0.5014	0.6491	0.4670
10	11	0.9991	0.6757	0.1360
10	12	0.9996	0.2472	0.7882
11	12	0.9995	0.9533	0.2649
11	13	1.0000	0.5108	0.4154
11	14	0.6990	0.9875	0.2726
11	15	0.7992	0.8097	0.4747
11	16	0.9998	0.4238	0.2594
11	18	0.9009	0.0014	0.2244
12	13	0.9992	0.3208	0.3619
12	15	0.9995	0.1593	0.8481
12	16	0.6499	0.3862	0.0042
13	14	0.9990	0.9906	0.0444
13	15	0.9989	0.4885	0.5385
13	16	0.9996	0.4488	0.3573
13	17	0.9988	0.4097	0.5309
13	18	0.9999	0.0021	0.2649
14	15	0.9979	0.7152	0.2219
14	16	0.9489	0.4439	0.5861
14	19	0.9498	0.2865	0.5654
15	16	0.9967	0.4494	0.0590
15	17	0.9997	0.3206	0.9820
15	18	0.7596	0.2633	0.3383
16	17	0.9993	0.3395	0.5573
16	18	1.0000	0.0071	0.4701
17	18	1.0000	0.9213	0.3469
19	20	0.6981	0.9475	0.2374
19	21	1.0000	0.8893	0.1200
19	25	1.0000	0.9207	0.9890
19	26	0.9994	0.8228	0.6680
19	27	0.9998	0.9680	0.1956
20	21	0.9988	0.6065	0.8019
20	27	0.5497	0.4477	0.8576
21	22	0.9999	0.9866	0.3227
21	24	0.9987	0.4023	0.5864
21	25	0.9996	0.4764	0.4153
21	26	0.9987	0.2211	0.4545
21	27	0.9994	0.5459	0.6826
22	23	0.9999	0.8710	0.1165
22	24	1.0000	0.5306	0.5550
22	25	0.9978	0.3694	0.2789
22	27	0.9997	0.6944	0.7958
22	28	1.0000	0.6334	0.4952
23	24	1.0000	0.9199	0.1522
23	25	0.9990	0.8880	0.6477
23	27	0.8014	0.0903	0.5488
23	28	0.9499	0.2296	0.2919
24	25	0.9981	0.2488	0.2555
24	27	0.5003	0.0597	0.4946
24	28	0.9001	0.1652	0.2354
25	26	0.9999	0.9847	0.4239
25	27	0.9997	0.6943	0.5359
25	28	0.5506	0.5819	0.3971
26	27	0.9971	0.6734	0.1178
27	28	0.9993	0.6723	0.2557
27	29	0.9985	0.4638	0.5240
28	29	0.9998	0.5466	0.4640
