0	1	0.7002	0.6895	0.6601
0	2	0.8500	0.5587	0.5441
0	3	0.6503	0.7563	0.3160
0	4	0.9499	0.6704	0.7282
0	5	0.9483	0.8335	0.6572
0	11	0.6501	0.7079	0.4751
1	2	0.9994	0.7734	0.5844
1	3	0.5512	0.5599	0.4589
1	4	0.7997	0.6827	0.5512
2	3	0.9994	0.7219	0.5671
2	4	0.9999	0.5885	0.4400
3	4	0.9990	0.5945	0.3383
4	5	0.6499	0.7307	0.2778
4	22	0.6987	0.3694	0.3913
5	6	0.7000	0.5867	0.2254
6	7	0.9996	0.7133	0.4335
6	8	0.8000	0.5342	0.3851
6	10	0.8493	0.5022	0.4991
6	11	0.7497	0.6176	0.4095
6	14	0.9986	0.5902	0.7133
6	15	0.6006	0.6217	0.4554
7	8	0.9986	0.6525	0.2869
7	10	0.7495	0.7175	0.4519
7	11	0.6502	0.4645	0.4665
7	12	0.9493	0.7274	0.3808
7	14	0.9993	0.5817	0.5368
7	15	0.9992	0.5104	0.8382
7	16	0.7498	0.5058	0.5478
7	18	0.9493	0.3664	0.5084
7	20	0.9992	0.5645	0.6020
7	21	0.7490	0.3341	0.5567
7	22	0.9499	0.6741	0.5181
8	9	0.9998	0.7548	0.4386
8	10	0.9990	0.6025	0.5901
8	11	0.9992	0.6081	0.4148
8	12	0.9991	0.5113	0.5149
8	13	0.9978	0.5601	0.5032
8	14	0.9991	0.4935	0.5241
8	15	0.9485	0.8147	0.5219
8	16	0.7003	0.6763	0.5877
8	17	0.5503	0.5046	0.4186
8	18	0.8990	0.5726	0.3698
8	22	0.5009	0.0302	0.5447
9	10	0.9996	0.5391	0.4349
9	12	0.9999	0.6790	0.6676
9	14	0.9998	0.4893	0.5032
9	15	0.9498	0.5443	0.6567
9	16	0.8000	0.3995	0.3758
9	18	0.6503	0.3762	0.4397
10	11	0.9992	0.6653	0.2583
10	12	0.9496	0.5750	0.5436
10	13	0.9497	0.8460	0.4914
10	14	0.9997	0.5524	0.4809
10	15	0.8996	0.5372	0.4444
10	16	0.5510	0.5721	0.4347
10	17	0.6502	0.4322	0.3589
10	18	0.6493	0.3569	0.3913
10	22	0.7967	0.3714	0.6509
11	12	0.9990	0.4711	0.3582
11	13	0.6005	0.5054	0.6030
11	14	0.9996	0.4823	0.3826
11	15	0.9003	0.4250	0.4540
11	22	0.5003	0.5943	0.4597
12	13	0.9495	0.6494	0.6580
12	14	0.9993	0.4889	0.5318
13	14	0.9991	0.5979	0.4378
13	15	0.5033	0.4709	0.4420
13	16	0.7497	0.5791	0.4475
13	17	0.7494	0.4543	0.5103
13	18	0.5996	0.4872	0.5170
14	15	0.9972	0.8315	0.5419
14	18	0.5007	0.4244	0.3825
15	16	0.8499	0.5573	0.4095
15	17	0.8993	0.6536	0.7090
15	18	0.9492	0.5952	0.5361
16	17	0.9001	0.6091	0.4287
16	18	0.8996	0.5540	0.6069
17	18	0.8002	0.6289	0.5865
18	19	0.6505	0.4556	0.4032
18	20	0.9999	0.6026	0.4466
18	21	0.6002	0.6115	0.3831
19	20	0.7005	0.8634	0.4412
20	21	0.8989	0.6236	0.6239
20	22	0.9997	0.6646	0.5153
21	22	0.9485	0.5432	0.1702
