0	1	0.9484	0.2021	0.7601
0	5	0.6505	0.0276	0.6998
0	6	0.8999	0.0404	0.2382
0	7	0.9993	0.1087	0.5204
1	2	0.8487	0.5124	0.0686
1	3	0.9999	0.5394	0.6207
1	5	0.9992	0.9334	0.6245
1	6	0.9989	0.8587	0.5504
1	7	0.9999	0.6554	0.7825
2	3	0.9971	0.3057	0.4052
2	5	0.9960	0.0444	0.5954
2	6	0.9491	0.1188	0.3942
2	7	0.9976	0.1609	0.4820
3	4	0.9998	0.9287	0.3654
3	5	0.9993	0.4315	0.2892
3	6	0.9992	0.5167	0.4484
3	7	0.9983	0.6397	0.6597
4	5	0.9997	0.8895	0.0827
4	6	0.9999	0.7884	0.7530
4	7	1.0000	0.5120	0.3806
4	9	0.6499	0.8744	0.9596
5	6	0.6930	0.4683	0.3420
5	7	0.9993	0.5741	0.6349
6	7	1.0000	0.5113	0.4213
7	12	0.9987	0.9996	0.6834
8	9	0.9972	0.2079	0.2076
8	10	0.9999	0.0079	0.4858
8	11	0.9978	0.6044	0.4367
8	12	0.9997	0.1946	0.0210
8	14	0.9995	0.6728	0.9405
9	10	0.9965	0.5933	0.1434
9	11	0.9982	0.3913	0.4856
9	12	0.9993	0.4471	0.2572
9	14	0.9978	0.5800	0.5289
9	16	1.0000	0.1311	0.1240
9	18	0.9975	0.4758	0.1699
9	20	0.9995	0.2006	0.5105
10	11	1.0000	0.5337	0.8896
10	12	1.0000	0.7259	0.3972
10	14	1.0000	0.2560	0.6090
11	12	1.0000	0.9483	0.0639
11	14	0.9999	0.2559	0.9419
12	14	0.9961	0.1036	0.6670
13	14	0.9991	0.2771	0.1040
13	15	0.9997	0.5097	0.4591
13	17	0.9968	0.5891	0.0035
14	15	1.0000	0.4493	0.8411
14	16	0.9993	0.6257	0.6661
14	17	0.9989	0.2708	0.0439
14	18	0.9983	0.3895	0.0992
16	17	0.9977	0.9876	0.9990
16	18	0.9998	0.6204	0.5323
16	20	0.6499	0.7746	0.3470
18	19	0.9996	0.6111	0.9365
18	20	0.9983	0.9869	0.2036
19	20	0.9974	0.9649	0.2161
