0	1	0.9995	0.7009	0.6180
0	2	1.0000	0.7450	0.4752
0	3	0.9491	0.5684	0.3472
0	4	1.0000	0.7659	0.3650
0	7	0.8503	0.5727	0.7424
1	2	1.0000	0.8577	0.2496
1	4	0.9988	0.7512	0.7091
1	5	0.9982	0.9932	0.7170
1	7	1.0000	0.6884	0.5654
2	3	0.9997	0.9164	0.2496
2	4	0.9990	0.4295	0.2651
2	12	0.6007	0.0533	0.7694
2	19	1.0000	0.8662	0.4666
3	4	0.9990	0.9505	0.0928
3	7	0.9993	0.8768	0.9413
3	19	0.6445	0.3154	0.0748
4	5	0.9981	0.9966	0.9966
4	6	0.9992	0.9692	0.1081
4	7	1.0000	0.6017	0.5565
4	8	0.9999	0.6432	0.4115
4	11	0.9980	0.2908	0.2314
4	19	0.5013	0.2044	0.0142
5	6	0.9986	0.4644	0.5859
5	8	0.5002	0.9119	0.7908
6	7	0.9937	0.5179	0.0356
6	8	0.9013	0.3684	0.9037
7	8	0.9998	0.7098	0.2993
8	9	0.9968	0.9831	0.2949
8	10	0.9499	0.8767	0.7593
8	11	1.0000	0.2053	0.1358
8	14	0.6496	0.9993	0.7273
9	10	0.9974	0.8149	0.2576
10	11	0.9991	0.9771	0.0336
10	12	1.0000	0.7263	0.7392
10	13	0.8005	0.0598	0.2352
10	14	0.9999	0.0423	0.5850
10	15	0.9493	0.3288	0.3362
10	17	0.5010	0.1747	0.5005
10	18	0.7040	0.5318	0.3208
11	12	0.9970	0.4728	0.1854
11	19	0.9989	0.7994	0.3111
12	13	0.9955	0.9922	0.6605
12	14	0.9979	0.9620	0.7017
12	15	1.0000	0.9316	0.3771
12	16	1.0000	0.9412	0.4923
12	17	0.9994	0.9137	0.5990
12	18	1.0000	0.4399	0.5576
12	19	0.9996	0.2650	0.7351
13	14	0.9985	0.3542	0.5513
13	17	0.9970	0.5628	0.1459
14	15	0.9995	0.3477	0.5589
14	17	0.9975	0.2943	0.3427
14	18	0.7513	0.3625	0.1747
15	16	0.9999	0.8633	0.3375
15	17	0.9998	0.3066	0.4958
15	18	0.9991	0.1860	0.1721
16	17	0.9997	0.8321	0.2614
16	18	0.5209	0.3118	0.1882
17	18	0.9966	0.7390	0.0506
18	19	0.9501	0.8807	0.2367
