0	1	0.8499	0.9156	0.4212
0	2	0.9998	0.9544	0.1759
0	3	0.9990	0.7092	0.6215
0	4	1.0000	0.8303	0.6734
1	2	1.0000	0.7826	0.3509
1	3	1.0000	0.5301	0.5305
1	4	0.9990	0.8396	0.6296
1	5	0.9999	0.7259	0.4433
1	6	0.9998	0.9753	0.6101
1	7	0.7008	0.6501	0.1021
1	24	0.9996	0.1511	0.3504
2	3	1.0000	0.5787	0.3910
2	5	0.9995	0.6293	0.7016
2	22	0.9999	0.2583	0.6259
2	23	0.9999	0.1130	0.0851
2	24	0.9992	0.5064	0.1423
3	4	0.9976	0.8774	0.6854
3	5	0.9997	0.5998	0.3387
3	24	0.9994	0.0242	0.4315
4	5	0.9992	0.8167	0.6352
4	6	0.9993	0.4788	0.6000
5	6	0.9982	0.8378	0.7691
5	7	0.9999	0.6860	0.3995
5	9	0.9495	0.7511	0.4059
5	24	1.0000	0.5398	0.3515
5	26	0.9984	0.4055	0.9918
6	7	0.9981	0.6557	0.1106
6	8	0.8982	0.4434	0.4334
6	9	0.9970	0.5745	0.1899
6	12	0.9512	0.1635	0.0959
6	26	0.9989	0.8637	0.6206
7	8	0.6509	0.8843	0.4479
7	9	0.9994	0.4943	0.5270
7	24	1.0000	0.6405	0.3549
7	26	0.9986	0.0433	0.9754
8	9	0.9984	0.7854	0.6822
8	10	0.9990	0.9817	0.0153
8	12	0.9479	0.3317	0.2404
9	10	0.9964	0.9997	0.0279
9	24	1.0000	0.8334	0.3286
9	26	0.9986	0.8642	0.9249
10	11	0.9998	0.7957	0.1575
10	12	1.0000	0.4228	0.5123
10	13	0.9981	0.7753	0.0067
10	15	0.9999	0.6619	0.3054
10	17	0.9999	0.5402	0.6409
10	18	0.5509	0.1314	0.0931
10	21	1.0000	0.4112	0.7005
10	29	0.9997	0.5141	0.3573
10	30	1.0000	0.4719	0.9665
10	31	0.9998	0.6318	0.8300
11	12	0.9988	0.6995	0.4808
11	13	0.9999	0.5295	0.4847
11	14	0.9977	0.7988	0.5793
11	15	0.9999	0.5406	0.5073
11	16	1.0000	0.9600	0.2879
11	17	0.9997	0.4723	0.4942
12	13	0.9998	0.5617	0.2433
12	15	0.9999	0.4443	0.7244
12	17	0.9998	0.3304	0.8924
13	14	0.9976	0.9379	0.6360
13	15	1.0000	0.5742	0.5124
13	16	0.9995	0.9875	0.2431
14	15	1.0000	0.6766	0.6879
14	16	1.0000	0.3722	0.7907
14	17	0.9973	0.7392	0.0407
15	16	0.9976	0.9497	0.5246
15	17	0.9991	0.5722	0.6034
15	18	0.9491	0.9473	0.1228
15	21	0.9989	0.5094	0.3397
16	17	0.9999	0.6301	0.3547
16	18	0.9974	0.0460	0.9955
16	19	0.9502	0.0546	0.9950
16	20	0.9997	0.3764	0.7258
16	21	0.9469	0.4567	0.0053
17	18	0.9991	0.9987	0.1969
17	19	0.9995	0.9332	0.4731
17	20	0.9998	0.3795	0.9553
17	21	1.0000	0.6143	0.3838
17	29	1.0000	0.7714	0.5090
18	19	0.9968	0.9084	0.5475
18	20	0.6997	0.9164	0.3363
18	21	0.9998	0.1215	0.9585
18	24	0.7525	0.0005	0.0071
18	29	0.9973	0.3962	0.3217
19	20	0.9993	0.9873	0.1562
19	21	0.9988	0.3542	0.6078
20	21	0.9996	0.7872	0.0550
20	29	0.9996	0.5153	0.6117
20	30	0.7003	0.4393	0.3578
21	24	1.0000	0.9991	0.3695
21	29	1.0000	0.6075	0.4810
22	23	0.9998	0.9890	0.3851
22	24	0.9960	0.4503	0.0025
22	27	0.9993	0.1093	0.6482
22	28	0.9480	0.5309	0.4847
23	24	0.5012	0.3052	0.0164
24	25	0.9985	0.9985	0.9958
24	26	1.0000	0.9310	0.9953
24	27	0.9973	0.1762	0.2116
24	28	0.7003	0.0829	0.6221
25	26	0.6502	0.3746	0.2821
27	28	0.9489	0.6855	0.7121
29	30	1.0000	0.4616	0.4383
29	31	0.9996	0.4884	0.6150
29	32	0.9984	0.3594	0.3523
29	33	0.8987	0.4464	0.3122
29	34	0.8996	0.4604	0.4925
29	35	0.7503	0.3243	0.3748
30	31	0.9997	0.8516	0.6514
30	32	0.9974	0.7571	0.5091
30	33	0.9992	0.3026	0.1727
30	34	0.9996	0.3863	0.3583
30	35	0.9988	0.4344	0.5454
30	36	0.8002	0.3564	0.2361
31	35	0.7501	0.4155	0.7495
32	33	0.9487	0.8634	0.1808
32	35	0.5488	0.7717	0.3739
33	34	0.9987	0.6366	0.6449
33	35	0.9983	0.5934	0.2958
33	36	0.8499	0.5767	0.4227
33	37	0.9990	0.5309	0.4114
34	35	0.9995	0.8315	0.4686
34	36	0.7989	0.5887	0.5332
34	37	0.7002	0.6659	0.5139
35	36	0.9004	0.4541	0.5125
36	37	0.9998	0.6873	0.3514
