0	1	0.9980	0.4994	0.3932
0	2	0.9997	0.6699	0.6601
0	3	0.9992	0.5304	0.5515
0	7	0.5502	0.6022	0.4889
0	22	0.5505	0.5977	0.4297
1	2	0.9983	0.5155	0.5892
1	3	0.9992	0.4358	0.3769
1	20	0.6854	0.4032	0.1996
1	22	0.7500	0.5390	0.2407
2	3	0.8997	0.5062	0.3679
2	4	0.5007	0.5637	0.2034
2	22	0.9500	0.5024	0.3147
3	4	0.9995	0.6433	0.5529
3	5	0.5496	0.4771	0.4151
3	6	0.9992	0.5277	0.6026
3	7	0.9991	0.6033	0.5771
3	8	0.9489	0.6543	0.7126
3	9	0.7488	0.7143	0.6126
3	12	0.7506	0.5467	0.4349
3	16	0.6503	0.5970	0.3484
3	20	0.6986	0.4583	0.3746
3	22	0.5006	0.5497	0.3727
4	5	0.9999	0.6079	0.6571
4	6	0.9999	0.6179	0.5913
4	7	0.9997	0.6165	0.4632
4	8	0.7502	0.4251	0.6071
4	11	0.8494	0.4080	0.4969
4	12	0.8001	0.4763	0.4004
4	13	0.9991	0.7043	0.7501
4	14	0.9481	0.6432	0.2119
4	15	0.7505	0.7148	0.5072
4	16	0.9494	0.5785	0.4269
4	17	0.7990	0.6109	0.4589
4	18	0.9495	0.6999	0.5687
4	19	0.7001	0.4923	0.7774
5	6	0.9996	0.8694	0.3940
5	7	0.5502	0.4870	0.3283
5	13	0.8004	0.7502	0.5746
5	14	0.9483	0.9498	0.3912
5	15	0.9000	0.6994	0.4065
5	16	0.8498	0.8904	0.3575
6	7	1.0000	0.7119	0.4917
6	8	0.6003	0.8258	0.5556
6	11	0.5508	0.5552	0.5537
6	12	0.8998	0.5906	0.4972
6	13	0.9996	0.3713	0.6538
6	14	0.9995	0.4820	0.2427
6	15	0.9998	0.6921	0.6834
6	16	0.9187	0.6080	0.5421
6	17	0.8900	0.4566	0.4188
6	18	0.6999	0.6152	0.5468
6	19	0.5009	0.5326	0.5973
7	8	0.8006	0.8412	0.5387
7	11	0.7000	0.6578	0.6431
7	16	0.5009	0.5855	0.3497
8	9	0.7503	0.6629	0.4797
8	11	0.5508	0.4182	0.5956
9	11	0.8003	0.5504	0.5566
9	20	0.6609	0.5995	0.2789
9	22	0.7008	0.4568	0.3079
10	11	0.5005	0.6261	0.3997
10	12	0.6003	0.5077	0.5957
10	19	0.6011	0.4312	0.4936
10	20	0.8999	0.3747	0.5242
10	21	0.7008	0.4590	0.3361
11	12	0.9992	0.6368	0.4968
11	13	0.8987	0.3363	0.5543
11	15	0.9497	0.6476	0.5620
11	16	0.8028	0.6346	0.6826
11	17	0.9992	0.4780	0.5560
11	18	0.9991	0.6661	0.6262
11	19	0.9998	0.6266	0.5980
12	13	0.6001	0.7411	0.4696
12	15	0.9493	0.7186	0.5260
12	18	0.8001	0.5445	0.4924
12	19	0.6496	0.4524	0.5877
12	20	0.7003	0.4200	0.5614
12	21	0.5491	0.4225	0.4654
13	14	0.9986	0.7873	0.5146
13	15	0.9489	0.7409	0.3132
13	16	0.6504	0.5144	0.4902
13	18	0.9004	0.5194	0.4203
13	19	0.5132	0.3587	0.5270
14	15	0.9984	0.4727	0.3635
14	17	0.5005	0.3819	0.6954
15	16	0.8997	0.4538	0.5716
15	17	0.6506	0.3435	0.6134
15	18	0.9998	0.4906	0.8288
15	19	0.5498	0.4631	0.5519
16	17	0.9001	0.6333	0.5429
16	18	0.5496	0.4970	0.4103
17	18	0.9490	0.5185	0.4418
17	19	0.5012	0.3781	0.5175
18	19	0.9494	0.5795	0.5733
19	20	0.6002	0.6715	0.4973
20	21	0.9497	0.6291	0.5619
20	22	0.7471	0.4012	0.3471
21	22	0.9498	0.5575	0.5611
21	25	0.6008	0.3529	0.4728
22	23	0.5006	0.6001	0.2281
23	24	0.9989	0.8003	0.6308
23	25	0.9992	0.7517	0.6810
23	26	0.9486	0.5410	0.4970
23	27	0.9978	0.5189	0.5829
23	28	0.9982	0.5617	0.6751
23	29	0.9973	0.9562	0.4388
23	32	0.5499	0.5847	0.6456
24	25	0.9990	0.6902	0.6683
24	26	0.9990	0.5727	0.5856
24	27	0.9984	0.6164	0.5947
24	28	0.9977	0.5798	0.7070
24	29	0.9499	0.3681	0.3852
25	26	0.9984	0.6216	0.5511
25	27	0.9980	0.5404	0.6074
25	28	0.9487	0.4939	0.4711
26	27	0.9488	0.5299	0.5227
26	28	0.9986	0.5587	0.5590
27	28	0.9990	0.5351	0.4104
28	29	0.9001	0.7942	0.3105
29	30	1.0000	0.7150	0.2246
29	31	0.7007	0.6166	0.4752
29	32	1.0000	0.5734	0.4349
30	31	1.0000	0.6436	0.4778
30	32	0.9999	0.5189	0.3746
31	32	0.9501	0.5796	0.3985
