0	1	0.9997	0.9251	0.2368
0	2	0.9999	0.8011	0.4342
0	4	0.7498	0.9676	0.1805
0	5	1.0000	0.6406	0.6814
0	6	0.8997	0.6628	0.2113
1	2	0.9999	0.5402	0.4343
1	8	0.9989	0.8796	0.3461
1	9	0.9993	0.5889	0.3895
1	15	0.9995	0.8383	0.4548
2	3	0.9961	0.9976	0.9135
2	4	0.9997	0.9999	0.2607
2	5	1.0000	0.5966	0.7393
2	6	0.9991	0.6793	0.5009
2	7	0.9993	0.7751	0.9917
2	8	0.9997	0.3425	0.5251
2	9	0.9989	0.5560	0.6245
3	4	0.9990	0.6831	0.3158
4	5	0.9943	0.4862	0.0010
5	6	1.0000	0.9624	0.1993
6	7	0.9941	0.9679	0.6282
6	8	1.0000	0.5107	0.5370
6	9	0.9993	0.6626	0.5443
6	10	0.8970	0.9963	0.4663
6	11	0.9999	0.9993	0.0422
6	13	0.7490	0.9991	0.5939
7	8	0.9979	0.9723	0.0477
7	9	0.9998	0.7738	0.8897
7	10	0.9996	0.7782	0.5076
7	11	0.9958	0.5956	0.0632
7	13	0.9968	0.6037	0.1698
7	14	0.5011	0.4848	0.3916
8	9	0.9996	0.7459	0.2221
8	15	0.9996	0.6788	0.5794
9	10	0.9992	0.9866	0.7510
9	11	0.9999	0.9908	0.1654
9	13	0.9993	0.9787	0.8336
9	14	1.0000	0.9613	0.7550
9	15	0.9992	0.5663	0.5433
10	11	0.6467	0.5891	0.2737
10	13	0.8982	0.6982	0.4162
10	15	0.6495	0.7722	0.8014
11	12	0.9999	0.9213	0.2780
11	13	0.9998	0.5943	0.3785
11	14	0.9969	0.2762	0.1053
12	13	0.9993	0.7038	0.2217
12	14	0.9886	0.5560	0.0524
13	14	0.9973	0.7618	0.1470
14	15	1.0000	0.9000	0.3801
