0	1	0.9989	0.7428	0.1914
0	2	1.0000	0.6880	0.7411
0	3	0.9498	0.7743	0.1764
0	8	0.9497	0.7595	0.2102
0	17	0.9993	0.7143	0.3975
0	20	0.7501	0.4866	0.6317
1	2	0.9998	0.6487	0.3596
1	3	0.9986	0.4075	0.4292
1	4	0.9496	0.9033	0.4658
1	5	0.9992	0.5657	0.4665
1	6	0.9948	0.9828	0.2261
1	7	0.9493	0.4843	0.5596
1	8	0.9995	0.4980	0.4767
1	17	0.7995	0.3430	0.5099
2	3	0.9997	0.5866	0.2639
2	4	0.9999	0.3122	0.8106
2	5	0.9981	0.6186	0.1087
2	8	0.9994	0.4568	0.5459
3	4	0.9996	0.8858	0.5275
3	5	0.9996	0.5369	0.4371
3	6	0.9946	0.9879	0.3969
3	7	0.9503	0.5800	0.6075
3	8	0.9985	0.4890	0.3331
4	5	1.0000	0.5962	0.5355
4	7	0.8506	0.4901	0.4243
5	6	0.7480	0.9029	0.4485
5	7	0.9994	0.5007	0.4936
6	7	0.9479	0.5394	0.1587
6	8	0.9992	0.1262	0.7465
6	13	0.8980	0.3976	0.5574
7	8	0.9974	0.6711	0.0658
8	14	0.6495	0.6526	0.5551
8	15	0.6720	0.7602	0.3929
8	16	0.6520	0.8475	0.5813
8	17	0.9996	0.6588	0.4964
9	10	0.9990	0.7384	0.5716
9	11	0.9998	0.5922	0.6307
9	12	0.9000	0.5688	0.7405
9	13	0.8498	0.5171	0.4496
10	11	0.9991	0.7528	0.5022
10	12	0.8514	0.6999	0.5921
11	12	0.9998	0.5857	0.3771
12	13	0.9498	0.7716	0.3667
14	15	0.9996	0.5889	0.5638
14	16	0.9998	0.5177	0.5526
14	17	0.9989	0.5163	0.5341
14	18	0.7490	0.6745	0.3754
14	19	0.6506	0.5946	0.3944
14	20	0.9993	0.6388	0.5815
15	16	0.9999	0.7807	0.3094
15	17	0.9996	0.5127	0.5725
15	18	0.8001	0.5814	0.7112
15	19	0.8507	0.5199	0.2546
16	17	1.0000	0.8127	0.2065
16	18	1.0000	0.2707	0.8871
17	18	0.9490	0.9020	0.6164
17	19	0.9997	0.7218	0.4831
17	20	0.9497	0.7382	0.4247
18	19	0.9987	0.4766	0.2156
19	20	0.9990	0.7565	0.3717
