0	1	0.9992	0.7367	0.2796
0	6	0.9489	0.6366	0.0201
0	7	0.9999	0.7058	0.4855
0	13	0.6922	0.6335	0.1231
0	16	0.8999	0.6974	0.1433
0	33	0.6497	0.4103	0.4537
1	2	0.7077	0.8599	0.1527
1	4	0.7000	0.7150	0.5439
1	6	0.7501	0.5112	0.5098
1	7	0.9997	0.5718	0.5031
1	8	0.7005	0.7720	0.3407
1	12	0.6003	0.3396	0.8518
1	13	0.8498	0.6764	0.4469
1	14	0.7997	0.8969	0.2746
1	15	0.9995	0.6316	0.7715
1	16	0.9995	0.5253	0.4757
1	33	0.9980	0.5764	0.7205
2	3	0.7000	0.6590	0.3136
2	4	0.7992	0.7692	0.1659
2	7	0.8487	0.6379	0.4018
2	9	0.8003	0.4898	0.4682
3	4	0.9989	0.6689	0.4386
3	9	0.7008	0.5205	0.4199
4	5	1.0000	0.8805	0.5145
4	6	0.9985	0.7372	0.4442
4	7	0.8998	0.5973	0.5226
4	8	0.8501	0.6096	0.5589
4	9	0.8502	0.5335	0.4616
4	33	0.5193	0.2500	0.3085
5	6	0.5997	0.8583	0.3325
5	7	0.9503	0.7476	0.7930
5	8	0.5506	0.5799	0.5421
5	9	0.6006	0.7138	0.5298
6	7	0.9985	0.6005	0.6011
6	13	0.5000	0.3843	0.2940
6	14	0.6502	0.4681	0.1368
7	8	0.9494	0.7479	0.3403
7	9	0.9494	0.5659	0.7162
7	12	0.9497	0.6275	0.6682
7	13	0.8499	0.5188	0.4846
7	14	0.8494	0.6498	0.3722
7	33	0.5001	0.7415	0.6792
8	9	0.9003	0.5092	0.5479
8	11	0.6005	0.5585	0.3040
8	12	0.7010	0.4570	0.5922
9	10	0.9990	0.8123	0.5909
9	11	0.9495	0.6159	0.3842
9	12	0.8502	0.6415	0.5997
9	13	0.9998	0.8268	0.4496
9	14	0.9993	0.6356	0.4485
9	15	0.7005	0.6821	0.3677
10	11	0.8991	0.7056	0.2869
10	12	0.6695	0.6879	0.5728
11	12	0.9988	0.6370	0.3101
12	13	0.9496	0.8742	0.3799
12	14	0.8502	0.7360	0.5598
12	15	0.6501	0.6018	0.5604
13	14	0.9501	0.7776	0.4746
13	15	0.8499	0.6478	0.6241
13	16	0.6994	0.4199	0.5006
14	15	0.6005	0.5160	0.3436
14	16	1.0000	0.3556	0.9055
15	16	0.9500	0.7294	0.4300
15	17	0.5510	0.2480	0.5160
15	34	0.7495	0.4572	0.3200
16	17	0.6007	0.8602	0.3106
16	18	0.7003	0.5974	0.6272
16	19	0.6000	0.5509	0.3679
16	20	0.6004	0.5763	0.4812
16	23	0.5500	0.5414	0.6150
16	33	0.7981	0.5875	0.6555
17	18	0.9994	0.7539	0.1858
17	19	0.6502	0.4075	0.5706
17	20	0.7010	0.5732	0.3025
17	23	0.6500	0.4545	0.8719
17	35	0.5983	0.5266	0.3988
18	19	0.6484	0.6803	0.3051
18	20	0.9500	0.6321	0.4459
18	23	0.8498	0.5145	0.5424
18	24	0.5505	0.4010	0.5403
18	31	0.5005	0.4718	0.6532
19	20	0.9982	0.7181	0.4960
19	22	0.7994	0.3698	0.5597
19	23	0.9991	0.5208	0.4195
19	24	0.5505	0.7997	0.4538
20	21	0.9966	0.8538	0.5159
20	22	0.7489	0.3787	0.7229
20	23	0.9499	0.4097	0.8207
20	24	0.5456	0.4568	0.5755
21	22	0.7994	0.5651	0.6167
21	23	0.6007	0.4486	0.4688
22	23	0.9987	0.8418	0.3722
23	24	0.9998	0.9314	0.2986
23	26	0.6010	0.6143	0.3195
24	25	0.9993	0.7935	0.5647
24	26	0.6538	0.6999	0.5881
24	27	0.5005	0.3198	0.3490
24	28	0.9500	0.4922	0.5799
24	29	0.8007	0.5370	0.4869
24	30	0.8007	0.4953	0.4730
24	31	0.6504	0.4129	0.4848
24	33	0.5007	0.3664	0.6748
25	26	0.5006	0.3136	0.5641
25	28	0.5985	0.3214	0.2777
26	28	0.7502	0.5027	0.4508
26	29	0.5004	0.7627	0.4692
27	28	0.9984	0.6647	0.1817
27	29	0.6004	0.4961	0.6040
27	30	0.5504	0.5617	0.6205
27	31	0.5503	0.6154	0.4831
28	29	0.9997	0.6950	0.5051
28	30	0.9992	0.5551	0.5674
28	31	0.9492	0.4236	0.5172
28	32	0.5004	0.3315	0.4718
28	33	0.5007	0.5757	0.3893
29	30	0.9997	0.5818	0.5091
29	31	0.9486	0.5076	0.6581
29	32	0.5969	0.6279	0.5383
30	31	0.8493	0.5087	0.4584
31	32	0.9991	0.7729	0.6345
31	33	0.7505	0.3812	0.4875
32	33	0.6504	0.5336	0.2061
32	34	0.5005	0.7010	0.1859
32	35	0.5504	0.6516	0.6791
33	34	0.9994	0.6242	0.4478
33	35	0.7503	0.4727	0.4896
34	35	1.0000	0.7766	0.4560
