0	4	0.9999	0.9979	0.9949
0	7	0.9993	0.9596	0.0001
0	8	0.6520	0.7752	0.9969
0	9	0.9987	0.9953	0.3652
1	2	0.9984	0.4350	0.4078
1	4	0.9982	0.0840	0.7869
1	7	0.9998	0.4477	0.3673
1	8	0.9496	0.8649	0.7028
1	9	1.0000	0.4494	0.4748
1	10	0.9994	0.6702	0.5035
1	11	1.0000	0.4764	0.5132
1	12	0.5978	0.2521	0.2846
2	3	0.9985	0.4205	0.0000
2	4	1.0000	0.5380	0.4665
2	7	0.9958	0.2027	0.6046
2	8	0.9997	0.0254	0.2513
2	9	0.8505	0.4501	0.3159
2	10	1.0000	0.7665	0.3859
2	11	1.0000	0.6050	0.3465
2	12	0.9995	0.5151	0.4528
3	4	0.9999	0.4532	0.2229
3	5	0.9987	0.4926	0.4940
3	6	1.0000	0.8306	0.2401
3	7	0.9444	0.4692	0.4758
3	12	0.9999	0.0013	0.2181
3	13	0.9978	0.2204	0.3597
4	5	0.9984	0.5047	0.1342
4	6	0.9996	0.0799	0.1176
4	7	0.9999	0.4552	0.2364
4	8	0.9478	0.3444	0.8010
4	9	0.9995	0.6035	0.2057
4	12	1.0000	0.2123	0.8069
4	13	0.9992	0.0981	0.1445
5	6	0.9964	0.5390	0.4864
5	7	0.9998	0.1601	0.0315
6	7	0.9998	0.2285	0.5518
6	8	0.6954	0.1089	0.3314
6	9	0.9991	0.2650	0.5860
7	8	0.9985	0.5268	0.5452
7	9	1.0000	0.3823	0.5034
7	10	0.9502	0.3852	0.1248
7	12	0.9989	0.8140	0.9938
7	13	0.8982	0.7266	0.0679
8	9	1.0000	0.6125	0.4179
8	12	0.9005	0.0752	0.9383
9	10	0.9998	0.5941	0.2938
9	11	1.0000	0.4854	0.3883
10	11	0.9999	0.5270	0.5137
11	12	1.0000	0.2664	0.4403
11	13	0.8497	0.0083	0.8524
11	14	0.9999	0.2983	0.8376
12	13	0.9996	0.5919	0.5195
12	14	0.9992	0.3044	0.4794
13	14	0.9992	0.6889	0.2670
