0	1	0.9991	0.7046	0.3101
0	2	1.0000	0.6521	0.8412
0	3	0.9998	0.8909	0.6918
0	4	0.9985	0.9831	0.3426
0	8	0.7004	0.6283	0.5529
0	10	0.9963	0.8262	0.2294
0	16	0.8967	0.9766	0.6684
0	17	0.9995	0.9254	0.8582
1	2	0.9994	0.5667	0.5843
1	3	0.9992	0.8453	0.6151
1	4	0.6000	0.5959	0.4255
1	5	0.5008	0.4787	0.2518
1	8	0.8498	0.3832	0.5541
1	17	0.9994	0.8551	0.7417
1	32	0.7498	0.6234	0.9256
1	33	0.6005	0.5109	0.4736
2	3	0.9999	0.6140	0.4887
2	5	0.8995	0.3444	0.4816
2	8	0.9997	0.8164	0.5896
2	17	0.9500	0.7094	0.8535
3	4	0.9998	0.6518	0.5989
3	5	0.9995	0.1758	0.2624
3	6	0.6498	0.3163	0.5901
3	8	0.9994	0.4823	0.5647
3	10	0.9491	0.4442	0.6810
3	11	0.9001	0.6963	0.7263
3	16	0.7004	0.5519	0.7488
3	17	0.9994	0.6838	0.6718
4	5	0.9989	0.7708	0.1472
4	6	0.5011	0.6192	0.4696
4	10	0.6997	0.5119	0.6164
4	11	0.9979	0.5244	0.7990
4	12	0.6998	0.4563	0.5089
4	17	0.8988	0.4602	0.3438
5	6	1.0000	0.9043	0.4968
5	7	0.9965	0.9572	0.6966
5	8	0.8998	0.4041	0.3170
5	9	0.8495	0.3079	0.2566
5	10	0.9998	0.3925	0.3681
5	11	0.9498	0.2018	0.6724
5	12	0.9498	0.0957	0.7519
5	16	0.5014	0.0909	0.5695
6	7	0.9965	0.9339	0.5134
6	9	0.5002	0.3838	0.4102
6	10	0.9969	0.6906	0.0675
6	12	0.5013	0.4227	0.8465
8	9	0.8504	0.6501	0.6116
8	10	0.9984	0.6974	0.1423
8	17	0.9998	0.8365	0.4446
9	10	0.8989	0.6336	0.0591
10	11	0.9997	0.8252	0.6250
10	12	0.9986	0.5191	0.7005
10	14	0.7993	0.7520	0.8614
10	16	0.7012	0.7805	0.4623
10	17	1.0000	0.7974	0.5492
11	12	0.8995	0.7006	0.6937
11	14	0.7006	0.6371	0.4967
11	16	0.9989	0.7487	0.5700
11	17	0.9493	0.5043	0.4836
12	13	0.9506	0.6851	0.2477
12	14	0.9981	0.5939	0.6077
12	16	0.7503	0.6791	0.5036
12	17	0.9999	0.7655	0.3933
13	14	0.9989	0.7101	0.6708
14	15	0.9494	0.6910	0.4337
14	16	0.9983	0.6336	0.4221
14	17	0.8498	0.4390	0.4157
15	16	0.9993	0.6605	0.3269
15	17	0.9988	0.4548	0.3210
16	17	1.0000	0.6642	0.5069
17	18	0.9981	0.8479	0.1437
17	32	0.6492	0.6923	0.7595
18	19	0.9501	0.7736	0.5909
18	21	0.5507	0.7720	0.1791
19	20	0.9488	0.7010	0.3786
19	21	0.7001	0.5163	0.0384
20	35	0.7502	0.2969	0.3319
20	36	0.5008	0.5283	0.3132
21	22	0.9491	0.5413	0.4332
21	33	0.7995	0.6047	0.6536
22	23	0.9492	0.6289	0.5449
23	24	0.9985	0.5569	0.4953
23	25	0.9986	0.7276	0.6583
23	27	0.7503	0.6756	0.2433
24	25	0.9986	0.5081	0.6107
24	26	0.9995	0.4913	0.4652
24	27	0.9988	0.4305	0.4380
24	28	0.9985	0.5127	0.5187
24	29	0.9972	0.4268	0.5832
25	26	0.9988	0.8207	0.6108
25	27	0.9997	0.6978	0.5000
25	28	0.9997	0.7645	0.6525
25	29	0.5010	0.3316	0.5005
25	32	0.9986	0.6153	0.7931
26	27	0.9992	0.6382	0.3595
26	28	0.9994	0.5747	0.6985
26	29	0.8510	0.5850	0.5628
26	30	0.5496	0.5086	0.5382
27	28	0.9993	0.5247	0.4651
27	29	0.9991	0.4521	0.5775
27	32	0.7999	0.5400	0.5059
28	29	0.9981	0.5943	0.6346
28	32	0.9988	0.6593	0.6340
28	33	0.9982	0.7075	0.8070
29	30	0.9980	0.9362	0.3335
29	31	0.7001	0.6874	0.4952
29	32	0.9997	0.6147	0.4414
29	33	0.8988	0.5029	0.6899
30	31	0.9986	0.4100	0.1566
30	32	0.6500	0.1900	0.3621
31	32	0.5501	0.6260	0.1967
32	33	0.9990	0.8614	0.7257
33	34	0.9487	0.9721	0.3733
33	36	0.7506	0.4730	0.3215
33	41	0.9494	0.9466	0.5513
33	43	1.0000	0.7250	0.3827
34	35	0.9994	0.9439	0.2869
34	36	0.9498	0.5987	0.4046
34	37	0.8500	0.3760	0.7154
34	39	0.9995	0.6353	0.8972
34	40	0.6510	0.5226	0.4585
34	41	0.7001	0.5051	0.5476
34	43	0.9993	0.6133	0.5985
35	36	0.8002	0.2745	0.2220
36	37	0.9994	0.5732	0.5012
36	38	0.8011	0.7639	0.4014
36	39	0.8696	0.4560	0.5045
36	40	0.7999	0.5911	0.4615
36	41	0.9488	0.5682	0.5564
36	42	0.5007	0.3013	0.4627
36	43	0.9991	0.4548	0.4130
37	38	0.9986	0.9301	0.8070
37	39	0.8003	0.5250	0.3914
37	40	0.9499	0.9417	0.5948
37	41	0.9998	0.6552	0.4189
37	42	0.9475	0.7026	0.8122
37	43	0.9498	0.5427	0.5033
38	39	0.8987	0.7054	0.5007
38	41	0.9971	0.7706	0.1344
38	43	0.9998	0.5306	0.7489
39	40	0.9988	0.7160	0.7006
39	41	0.9985	0.6518	0.3562
40	41	0.9977	0.8726	0.2782
40	43	1.0000	0.7225	0.7998
41	42	0.7982	0.6995	0.9502
41	43	0.9999	0.6218	0.5439
42	43	0.9956	0.8894	0.5385
