0	1	0.5504	0.7187	0.2675
0	2	0.9498	0.5414	0.8244
0	3	0.7004	0.7516	0.2966
0	4	0.8500	0.5527	0.8402
1	2	0.9999	0.7514	0.3609
1	3	1.0000	0.4825	0.5092
1	4	0.9499	0.9278	0.6944
1	5	0.9497	0.8423	0.5824
1	6	0.9998	0.5714	0.5919
1	7	1.0000	0.5210	0.5064
1	8	0.9993	0.8899	0.3543
1	10	0.9994	0.6330	0.4456
2	3	1.0000	0.6617	0.2179
2	4	1.0000	0.4476	0.9228
2	7	1.0000	0.4292	0.7985
2	8	0.7510	0.0983	0.3258
2	10	1.0000	0.1986	0.8782
2	12	0.9997	0.1862	0.6699
2	15	1.0000	0.1855	0.9571
3	4	0.9980	0.7637	0.5069
3	5	0.9999	0.8948	0.4531
3	6	0.9972	0.9633	0.5517
3	7	0.9988	0.4489	0.3658
3	8	0.9974	0.9942	0.2084
3	10	0.9485	0.2706	0.3768
4	5	0.9994	0.5138	0.3183
5	6	0.9994	0.9256	0.5634
5	8	0.7995	0.9914	0.3382
6	7	1.0000	0.5966	0.3906
6	8	0.9996	0.2971	0.6268
6	9	0.5508	0.5038	0.8990
7	8	0.9998	0.8197	0.3982
7	10	0.8976	0.5191	0.3834
7	11	0.9000	0.5803	0.3868
7	12	0.6499	0.8770	0.5418
7	15	0.9497	0.8501	0.2980
8	9	0.9984	0.9324	0.5853
8	10	0.9973	0.4453	0.1634
8	14	0.7000	0.4363	0.4863
10	11	0.9503	0.5318	0.4522
10	12	0.9488	0.7425	0.2716
10	14	0.8996	0.7903	0.8101
10	15	1.0000	0.6950	0.4399
10	16	0.9481	0.9136	0.8298
11	12	0.6513	0.6767	0.4890
11	14	0.9999	0.7309	0.6304
11	15	0.9995	0.5435	0.4511
12	13	0.8990	0.8264	0.3055
12	14	0.9996	0.5887	0.3191
12	15	0.9496	0.3822	0.5893
13	14	0.9987	0.3674	0.2783
13	15	0.6505	0.6441	0.4781
14	15	0.9999	0.6694	0.3159
14	16	0.5999	0.6486	0.4757
15	16	0.9985	0.8707	0.7023
