0	1	0.9999	0.8388	0.4760
0	2	0.6988	0.5017	0.4158
0	3	0.5502	0.6001	0.4144
1	2	0.9495	0.5830	0.3092
1	4	0.9999	0.5259	0.6404
2	3	0.6999	0.8656	0.4109
2	4	0.9494	0.5042	0.2164
2	5	0.6964	0.4398	0.6485
3	4	0.7995	0.7322	0.1160
4	5	0.9999	0.9079	0.4075
4	9	0.8002	0.6054	0.3683
4	10	0.5373	0.4199	0.4981
5	6	0.9989	0.7859	0.3868
5	7	0.6499	0.6579	0.1712
5	9	0.7690	0.4273	0.4751
5	10	0.6504	0.4230	0.5758
6	8	0.5502	0.5418	0.3766
6	9	0.8990	0.5499	0.1375
7	9	0.5497	0.8080	0.1898
7	11	0.7981	0.8246	0.4934
7	12	0.9985	0.5630	0.5529
7	13	0.5499	0.1710	0.3671
8	9	0.9206	0.6208	0.2131
8	10	0.6484	0.6613	0.8503
8	12	0.5004	0.1980	0.5249
9	10	0.9501	0.5169	0.5566
9	11	0.8998	0.4215	0.5161
9	13	0.9998	0.4445	0.6935
9	14	0.6021	0.5712	0.5616
9	15	0.7009	0.5294	0.4016
9	17	0.9496	0.5996	0.5434
9	19	0.7151	0.3852	0.5262
10	11	0.8998	0.8653	0.4210
10	12	0.5504	0.7058	0.5150
10	13	0.8999	0.7179	0.6347
11	12	0.9985	0.5155	0.6818
11	13	0.8004	0.6651	0.4910
12	13	0.9984	0.9154	0.0780
13	14	0.8003	0.8132	0.2156
13	17	0.9999	0.7225	0.6975
13	19	0.8499	0.6405	0.2901
14	15	0.9498	0.5005	0.5251
14	16	0.5005	0.6108	0.4768
14	17	0.9999	0.6022	0.5074
14	19	0.9998	0.4419	0.5747
15	16	0.9995	0.7588	0.3443
15	17	0.8500	0.4927	0.4604
15	19	0.9001	0.5370	0.5798
16	17	0.9985	0.6553	0.2179
16	19	0.9991	0.5518	0.4595
17	18	0.9488	0.5601	0.6093
17	19	1.0000	0.5978	0.6133
18	19	0.8992	0.6316	0.2445
