0	1	0.9500	0.7989	0.2510
0	2	0.8003	0.7935	0.5261
0	8	0.5507	0.6427	0.5011
1	2	0.9500	0.7642	0.4850
1	8	0.6007	0.5755	0.4417
2	3	0.9486	0.6878	0.1662
3	4	0.9991	0.8071	0.3717
3	5	0.9035	0.4642	0.5907
3	6	0.9477	0.5007	0.5254
3	12	0.5999	0.4070	0.4240
3	16	0.5994	0.4970	0.4891
4	5	0.9486	0.4760	0.3709
4	6	0.7503	0.4724	0.4001
4	8	0.6004	0.6766	0.2966
5	6	0.9992	0.5409	0.4478
6	7	0.8499	0.8209	0.2321
7	8	0.9999	0.6853	0.3400
7	9	0.7008	0.6040	0.3887
8	9	0.7499	0.4702	0.5205
8	10	0.6003	0.6759	0.2342
9	10	0.7503	0.6785	0.4609
9	17	0.6006	0.7104	0.4893
10	11	0.6995	0.9048	0.7473
10	12	0.7502	0.7941	0.5024
10	13	0.7504	0.7210	0.6493
10	14	0.5517	0.6250	0.4040
10	15	0.6003	0.8040	0.5800
10	16	0.6502	0.6931	0.5458
11	12	0.8499	0.7541	0.2198
11	13	0.6502	0.4949	0.5342
11	14	0.7999	0.8011	0.4488
12	13	0.8990	0.6601	0.5718
12	14	0.8998	0.5769	0.5038
12	16	0.7993	0.5310	0.4450
13	14	0.8002	0.6258	0.5506
13	15	0.7521	0.5659	0.6126
14	15	0.9496	0.5690	0.6163
14	16	0.5498	0.4082	0.4362
15	16	0.9991	0.7580	0.3227
16	17	0.9500	0.9218	0.4316
16	18	0.6503	0.6581	0.3060
17	18	0.9500	0.7408	0.3956
