0	1	0.9979	0.9338	0.5764
0	2	0.9990	0.4068	0.2379
0	3	0.9998	0.5906	0.2740
0	4	1.0000	0.5493	0.7935
0	5	0.9997	0.5218	0.4068
0	6	0.9992	0.9938	0.0424
0	7	0.9967	0.7618	0.7657
0	20	0.9988	0.1426	0.8877
1	2	0.9993	0.9031	0.1234
1	3	0.9999	0.6104	0.8800
1	5	0.9991	0.5885	0.9648
1	6	0.9503	0.2081	0.0114
1	7	0.9994	0.4999	0.9953
1	12	0.6509	0.1576	0.8005
1	19	0.7503	0.2546	0.6357
1	20	1.0000	0.8953	0.3035
2	3	0.9978	0.5178	0.1556
2	5	0.9992	0.2632	0.6938
2	20	1.0000	0.3629	0.7246
3	4	0.9975	0.6648	0.6716
3	5	0.9996	0.2614	0.1855
4	5	1.0000	0.7620	0.1563
4	6	0.9997	0.3680	0.5226
4	7	0.5515	0.7149	0.0908
4	14	0.9507	0.0052	0.6465
5	6	0.9999	0.6879	0.3132
5	7	0.9992	0.4996	0.6823
5	16	1.0000	0.6730	0.4366
5	18	0.7993	0.6800	0.5724
5	19	0.5005	0.9978	0.4356
5	20	1.0000	0.5823	0.7779
6	7	0.9997	0.6210	0.5871
6	10	0.7371	0.0012	0.2512
6	15	0.9995	0.8047	0.6510
6	16	0.9962	0.5208	0.1328
6	17	0.7504	0.4093	0.5312
6	18	0.9492	0.3289	0.2716
7	8	0.7499	0.9516	0.1030
7	15	0.9999	0.4703	0.9321
7	16	1.0000	0.6341	0.3824
7	17	0.9994	0.9033	0.6786
7	18	1.0000	0.9085	0.3995
7	20	0.9996	0.6226	0.8025
8	9	0.9999	0.3825	0.7903
8	10	1.0000	0.4541	0.9960
8	11	0.9501	0.6635	0.5003
8	12	0.9493	0.7709	0.7298
8	14	0.9494	0.9354	0.9652
8	15	0.9972	0.5475	0.2297
8	16	0.9005	0.0154	0.9679
8	17	1.0000	0.1113	0.0977
9	10	0.9500	0.8039	0.7683
9	11	0.8497	0.4949	0.4180
9	14	0.9991	0.6704	0.8986
10	11	0.9981	0.9886	0.3071
10	14	0.9984	0.9671	0.6662
11	12	0.9991	0.4578	0.3396
11	13	0.9485	0.4372	0.5167
11	14	0.9984	0.4054	0.5661
12	13	0.9500	0.5646	0.5275
12	14	0.9991	0.4891	0.2698
13	14	0.9982	0.9647	0.6718
14	15	0.9494	0.9173	0.0430
15	17	0.9997	0.4625	0.6486
16	17	1.0000	0.5329	0.5862
16	18	0.9987	0.4788	0.4648
16	20	0.9975	0.2647	0.6592
17	18	0.9999	0.6622	0.1700
18	20	0.9992	0.7415	0.4678
19	20	0.9966	0.5480	0.0053
