0	1	0.7499	0.8402	0.1157
0	3	0.5997	0.8859	0.5936
1	2	0.9998	0.6788	0.5044
1	3	0.9993	0.6286	0.3849
1	15	0.9999	0.8612	0.4816
1	16	1.0000	0.7631	0.5581
2	3	1.0000	0.5052	0.4218
2	5	0.6503	0.3869	0.2648
2	15	0.9987	0.5697	0.4683
2	16	1.0000	0.4579	0.5054
3	4	0.8500	0.4156	0.8201
3	5	0.9987	0.3908	0.4488
3	6	0.9983	0.5070	0.8353
3	15	0.9976	0.6869	0.3740
3	16	1.0000	0.4881	0.6832
5	6	1.0000	0.5453	0.4514
5	7	0.9992	0.5446	0.5329
5	8	0.9992	0.6925	0.5533
6	7	0.9998	0.5821	0.4905
6	8	0.9991	0.6200	0.3963
7	8	0.9996	0.5483	0.3993
7	10	0.7002	0.5749	0.2827
8	9	0.9992	0.6450	0.5738
8	10	0.9998	0.6483	0.3725
8	11	0.9977	0.6489	0.7936
8	12	0.6503	0.6028	0.3044
8	14	0.9989	0.8411	0.3416
9	10	0.5006	0.2385	0.0166
9	12	0.9978	0.4604	0.7302
10	11	0.9999	0.4849	0.5347
10	12	0.7080	0.0532	0.2279
10	14	0.9494	0.4326	0.4649
10	15	0.8495	0.4642	0.2324
11	12	0.9423	0.9325	0.2983
11	14	1.0000	0.7809	0.5255
11	15	0.7504	0.6798	0.4032
12	13	0.9992	0.8369	0.4201
12	14	0.9995	0.1746	0.2606
13	14	0.8002	0.8487	0.1761
14	15	1.0000	0.6172	0.5587
14	16	0.9994	0.7172	0.6926
15	16	1.0000	0.5817	0.4968
