0	1	0.9980	0.8318	0.1285
0	3	0.8987	0.8160	0.1653
0	4	0.7990	0.7970	0.4038
0	5	0.6499	0.7218	0.7569
1	2	0.9994	0.8173	0.4103
1	3	0.9988	0.4400	0.4671
1	4	0.9999	0.5459	0.5655
1	5	1.0000	0.6554	0.5772
1	6	0.9998	0.6102	0.4356
1	7	0.7501	0.7998	0.4074
1	20	0.5525	0.1967	0.6379
2	3	1.0000	0.7172	0.3801
2	4	1.0000	0.4282	0.7477
2	6	0.7007	0.4872	0.7031
2	20	0.7013	0.6081	0.2180
3	4	0.9997	0.5373	0.5003
3	5	0.9985	0.6368	0.4802
4	5	0.9988	0.7143	0.4824
4	6	0.8499	0.6228	0.5185
5	6	0.9986	0.4663	0.3072
5	7	0.9996	0.2334	0.6580
6	7	0.9992	0.9377	0.3317
6	8	0.9000	0.6564	0.3823
6	9	0.7500	0.6537	0.4662
6	10	0.9488	0.7758	0.2106
6	20	0.9993	0.6166	0.5845
7	8	0.9995	0.3673	0.2743
7	9	0.9492	0.4038	0.7328
7	10	0.7507	0.4271	0.3876
8	9	0.9980	0.4847	0.4832
8	10	0.9983	0.5410	0.1913
8	17	0.5504	0.7628	0.5076
8	18	0.8993	0.6461	0.6924
8	19	0.8980	0.6556	0.6239
8	20	0.9996	0.5448	0.4870
9	10	0.9999	0.6987	0.3308
9	11	0.7243	0.5899	0.4365
9	18	0.9489	0.6725	0.6646
9	19	0.9491	0.5668	0.5049
9	20	0.9993	0.4733	0.4535
10	11	0.9993	0.6145	0.1596
10	12	0.7500	0.4421	0.6697
10	13	0.9990	0.4956	0.4595
10	16	0.9506	0.5029	0.1719
10	18	0.9993	0.4675	0.4939
10	19	0.9991	0.2822	0.8129
10	20	0.9498	0.4907	0.4718
11	12	0.9992	0.8805	0.5187
11	13	0.9995	0.4830	0.4923
11	14	0.9491	0.9706	0.5981
11	15	0.8999	0.7346	0.7829
11	16	0.9996	0.4906	0.3638
11	17	0.6495	0.8627	0.4813
12	13	1.0000	0.5296	0.7219
12	14	0.8502	0.1926	0.6334
12	16	0.9992	0.4082	0.6874
13	14	0.9987	0.9840	0.5889
13	15	0.9495	0.4975	0.5032
13	16	0.9992	0.5291	0.3181
13	17	0.7000	0.8022	0.5169
14	15	0.9990	0.8314	0.1623
14	16	0.8001	0.5965	0.8378
14	17	0.5505	0.3435	0.3784
15	16	0.9993	0.5781	0.3347
15	17	0.9995	0.6141	0.4639
16	17	0.9991	0.8088	0.5281
17	18	0.9999	0.5951	0.6316
17	19	0.9492	0.5219	0.6969
18	19	0.9998	0.6966	0.5867
18	20	0.9993	0.6912	0.3673
19	20	0.9998	0.7624	0.3526
