0	1	0.9993	0.9998	0.0841
0	2	0.9990	0.5411	0.6737
0	3	0.9998	0.4507	0.2776
0	7	0.9996	0.0594	0.2382
0	9	0.9999	0.3269	0.6007
0	10	0.9992	0.0230	0.5119
0	11	0.9987	0.8326	0.0042
1	2	0.9985	0.5141	0.1136
1	7	0.9493	0.8587	0.9996
1	11	0.9995	0.4731	0.5464
1	14	0.9995	0.7136	0.9987
2	3	0.9995	0.5357	0.3340
2	6	0.9987	0.3672	0.4554
2	7	0.9997	0.4950	0.4821
2	8	0.7025	0.0147	0.9743
2	9	0.9992	0.5331	0.4471
2	10	0.9998	0.7675	1.0000
2	11	0.9999	0.2649	0.1755
3	4	0.9989	0.5065	0.4665
3	5	1.0000	0.0002	0.0000
3	6	0.9995	0.5113	0.2486
3	7	0.9996	0.2866	0.4516
3	8	1.0000	0.7629	0.8640
3	9	0.9993	0.4951	0.4563
3	10	1.0000	0.5786	1.0000
3	11	1.0000	0.4992	0.0227
4	5	0.9953	0.8575	0.5156
4	6	0.9988	0.6216	0.1210
4	7	0.9959	0.6385	0.6247
4	8	0.8997	0.1313	0.8437
4	9	0.9982	0.5064	0.2705
5	6	1.0000	0.9561	0.1184
6	7	1.0000	0.4451	0.5231
6	8	0.9997	0.0000	1.0000
6	9	1.0000	0.0004	0.1674
6	11	0.8014	0.0000	0.6327
7	8	0.9995	1.0000	1.0000
7	9	1.0000	0.7192	0.3002
7	11	0.9994	0.9995	0.5190
8	9	1.0000	0.9836	0.1500
8	11	0.9999	0.7799	0.8719
9	10	0.9976	0.8195	0.6902
9	11	1.0000	0.0514	0.1395
11	14	1.0000	0.8654	0.9951
12	14	1.0000	0.4965	0.5377
12	15	0.9981	0.8130	0.6158
12	17	1.0000	0.6673	0.5075
12	21	0.9997	0.5297	0.4078
12	22	0.9999	0.5542	0.5289
13	14	0.9972	0.5953	0.0486
13	20	0.9987	0.9797	0.4957
13	21	0.6639	0.8335	0.1784
14	15	0.9995	0.5401	0.4128
14	17	1.0000	0.5083	0.5768
14	19	0.9500	0.1227	0.6167
14	20	0.9995	0.0209	0.4783
14	21	1.0000	0.5708	0.5183
14	22	1.0000	0.5030	0.5003
15	16	0.9997	0.8832	0.3752
15	17	0.9999	0.6098	0.3702
15	18	0.9993	0.9947	0.9250
15	19	1.0000	0.9512	0.3610
15	20	0.9994	0.9908	0.4499
15	21	0.9999	0.4892	0.4438
15	22	1.0000	0.6146	0.4084
16	17	0.8467	0.7702	0.6037
17	18	0.9990	0.9500	0.9944
17	19	0.9501	0.8229	0.4819
17	20	0.9984	0.9951	0.7540
17	21	0.9998	0.4806	0.4367
18	21	1.0000	0.9998	0.1455
19	20	0.9999	0.6256	0.7684
19	21	0.9996	0.6148	0.2192
20	21	0.9999	0.8838	0.0628
20	22	0.9000	0.7595	0.9971
21	22	0.9989	0.3981	0.4089
