0	1	1.0000	0.8892	0.3078
0	2	1.0000	0.5183	0.4888
0	3	0.9998	0.8194	0.5167
0	4	1.0000	0.6290	0.5537
0	5	0.9982	0.9423	0.5107
0	6	0.9996	0.7083	0.3269
0	7	0.8501	0.6927	0.4947
0	18	0.9999	0.4632	0.6732
1	2	1.0000	0.6115	0.5084
1	4	1.0000	0.5261	0.9433
1	18	0.9995	0.4264	0.1770
2	3	1.0000	0.8030	0.7429
2	4	0.9992	0.5773	0.7512
2	18	0.9987	0.1132	0.7162
3	4	0.9998	0.7392	0.4540
3	5	1.0000	0.4381	0.6045
3	6	0.8496	0.6503	0.2949
4	5	0.9993	0.7304	0.6749
4	6	0.9989	0.6696	0.5706
4	7	0.9995	0.6741	0.4872
4	18	0.9998	0.6292	0.3862
4	19	0.7576	0.5403	0.7333
5	6	0.9992	0.6997	0.3071
5	7	0.9985	0.5396	0.2233
6	18	0.9993	0.5614	0.3606
6	19	0.9486	0.4300	0.6052
6	54	0.8000	0.5058	0.1510
7	8	0.5503	0.8229	0.0598
7	18	0.9998	0.5127	0.3752
7	19	0.9494	0.3685	0.7389
7	20	0.7999	0.7776	0.5818
8	9	0.9984	0.9484	0.0298
8	10	0.9991	0.5781	0.2388
8	11	0.9491	0.7289	0.0165
8	13	0.9979	0.5906	0.0798
8	15	1.0000	0.3573	0.7287
8	16	0.9478	0.5611	0.3397
8	17	0.9982	0.4107	0.1857
8	20	0.9989	0.0922	0.7853
8	21	0.9488	0.3285	0.2389
8	22	0.9998	0.4862	0.9943
8	23	0.9998	0.4164	0.6334
8	24	0.9991	0.2899	0.8946
8	25	0.9987	0.6651	0.4004
8	51	0.6002	0.8742	0.9747
8	53	0.9983	0.9268	0.9890
9	10	1.0000	0.9148	0.2943
9	11	0.9999	0.4823	0.5888
9	12	0.9999	0.5225	0.6807
9	13	0.9992	0.5177	0.5885
9	14	0.9997	0.8615	0.3883
9	15	0.9997	0.4598	0.5180
10	11	0.9984	0.3892	0.4278
10	13	0.9998	0.1588	0.8204
10	15	0.9999	0.0988	0.8762
11	12	0.9992	0.9390	0.4830
11	13	0.9496	0.5475	0.4415
11	14	1.0000	0.8940	0.3482
12	13	0.9984	0.5321	0.3425
12	14	0.9997	0.3228	0.6571
12	15	0.9992	0.5679	0.2817
13	14	0.9980	0.8117	0.5020
13	15	0.9984	0.4802	0.6090
13	16	0.9997	0.9963	0.3986
14	15	0.9998	0.6251	0.4339
14	16	0.8003	0.1973	0.6617
15	16	0.9979	0.9855	0.5103
15	17	0.9995	0.7865	0.0968
16	17	0.9962	0.4615	0.0973
16	20	0.7353	0.2774	0.5855
16	21	0.9967	0.7610	0.2499
16	23	0.9975	0.5464	0.6342
17	20	0.8978	0.1580	0.5583
17	21	1.0000	0.7496	0.3787
17	22	0.9988	0.6648	0.9045
17	23	0.9982	0.3780	0.3287
18	19	1.0000	0.4643	0.5384
18	20	0.9479	0.3007	0.4948
19	54	0.5000	0.4615	0.2359
20	23	0.8995	0.6067	0.2182
21	22	0.9995	0.3189	0.3207
21	23	0.9976	0.3350	0.2110
21	24	0.9992	0.2446	0.9851
21	26	0.5516	0.5007	0.1868
22	23	0.9984	0.9826	0.3545
22	24	0.9993	0.8949	0.9073
22	25	0.9978	0.6673	0.6605
22	26	0.9493	0.9167	0.3064
22	53	0.8002	0.7764	0.7955
23	24	0.9991	0.5879	0.6186
25	26	0.9496	0.7949	0.3445
25	29	0.9501	0.6927	0.3232
25	30	0.9482	0.8405	0.2813
25	31	0.9493	0.5060	0.4569
25	52	0.6006	0.7966	0.4359
26	27	0.8499	0.5997	0.4861
26	28	0.8991	0.4519	0.6247
26	29	0.9978	0.1543	0.3228
26	30	0.9984	0.4614	0.4194
26	31	0.9973	0.2036	0.6113
27	28	0.9986	0.8284	0.5540
27	29	0.8000	0.5373	0.4455
27	30	0.9487	0.5284	0.5377
27	31	0.5004	0.4651	0.5344
28	29	0.9995	0.5189	0.3957
28	30	0.9980	0.9043	0.2664
28	31	0.9994	0.7091	0.6564
29	30	0.9983	0.7452	0.1989
29	31	0.9998	0.3924	0.7434
30	31	0.9998	0.3499	0.5319
30	52	0.8495	0.8311	0.5787
30	53	0.9499	0.8553	0.6905
31	34	0.5998	0.4768	0.2294
32	33	0.7503	0.4596	0.6322
33	34	0.8020	0.8960	0.1412
34	35	0.9977	0.2748	0.2195
34	37	0.6489	0.4220	0.8021
34	38	0.9979	0.9376	0.6336
34	51	0.9003	0.5124	0.7848
34	53	0.9500	0.9527	0.9808
35	36	0.9496	0.5669	0.5614
35	37	0.9495	0.4102	0.6700
35	38	0.8515	0.4108	0.6867
35	51	0.9979	0.7422	0.2319
36	37	0.9982	0.8454	0.7394
36	38	0.9984	0.2754	0.5699
36	51	0.9976	0.5504	0.6954
36	52	0.7034	0.3456	0.1092
37	38	0.9982	0.8764	0.4294
37	51	0.9988	0.9620	0.5066
38	51	0.9994	0.7938	0.9207
38	52	0.9971	0.3939	0.2819
39	40	0.9481	0.9507	0.0053
39	43	0.9990	0.8559	0.9634
39	44	1.0000	0.6111	0.4361
39	45	0.9978	0.8035	0.0721
39	46	0.9494	0.9003	0.5315
39	47	0.9985	0.9628	0.4267
39	48	0.9990	0.9589	0.3645
39	49	1.0000	0.8243	0.4214
39	50	0.9993	0.4629	0.5555
39	51	0.9977	0.2184	0.4408
39	52	0.7502	0.1461	0.1253
40	41	1.0000	0.7919	0.3150
40	42	1.0000	0.5750	0.3264
40	44	0.9005	0.0344	0.7332
40	46	0.9494	0.6805	0.4450
41	42	0.9985	0.5905	0.1838
42	44	0.9982	0.8722	0.1812
42	46	0.5167	0.4838	0.6455
42	47	0.5997	0.4374	0.4980
43	44	0.9981	0.9491	0.3797
43	46	0.9997	0.3139	0.8346
44	45	0.9997	0.8204	0.2100
44	46	0.9998	0.6786	0.8427
44	47	0.9003	0.7311	0.7447
44	48	0.8498	0.6930	0.4075
44	49	0.9497	0.6067	0.5699
44	50	0.9984	0.2340	0.4549
45	46	1.0000	0.5966	0.4733
45	47	0.9999	0.5957	0.6569
45	48	0.9996	0.4724	0.4532
45	49	0.9987	0.4128	0.1244
45	50	0.9988	0.2838	0.1462
45	51	0.9997	0.1698	0.1154
46	47	0.9985	0.8842	0.5605
46	48	0.9991	0.7184	0.3895
46	49	0.9982	0.5912	0.1747
47	49	0.9492	0.6345	0.2956
48	49	0.9494	0.5837	0.1731
48	50	0.6497	0.6488	0.3078
48	51	0.5505	0.2949	0.3116
49	50	0.9491	0.7324	0.0948
49	51	0.9007	0.5963	0.1236
50	51	0.9494	0.7851	0.1520
51	52	0.7999	0.9744	0.1782
52	53	0.9989	0.9812	0.3064
53	54	0.5499	0.5143	0.2681
