0	1	1.0000	1.0000	0.2565
0	5	0.9995	0.7381	0.5661
0	7	0.5230	0.4129	0.6763
0	8	0.9980	0.9201	0.6976
0	15	0.9991	0.8089	0.3196
0	23	0.9484	0.6624	0.8749
0	25	0.8001	0.2610	0.6875
0	26	0.7002	0.7728	0.4429
0	41	0.9995	0.1733	0.7529
1	2	0.9991	0.9762	0.5905
1	3	0.9994	0.9914	0.3868
1	4	0.9992	0.6530	0.6117
1	5	0.9469	0.3686	0.9643
1	6	0.9980	0.9219	0.7865
1	7	0.9984	0.9342	0.9210
1	8	0.9486	0.4062	0.3434
1	41	0.7009	0.1946	0.3129
2	3	0.9985	0.5330	0.9232
2	18	0.8498	0.6880	0.3514
3	5	0.8000	0.6674	0.8737
3	8	0.9966	0.3118	0.4963
4	5	0.9984	0.6544	0.3680
4	6	0.9997	0.9494	0.6590
4	7	0.5496	0.7447	0.2808
4	8	0.8978	0.5773	0.2632
4	15	0.7487	0.8030	0.3050
5	6	0.9992	0.7665	0.5465
5	8	0.9981	0.7227	0.6227
5	15	0.7500	0.3049	0.2174
6	7	0.9976	0.9240	0.4187
6	8	0.9984	0.4335	0.2524
7	8	0.7982	0.7889	0.1121
8	9	0.9995	0.8266	0.5801
8	10	0.5999	0.4567	0.5469
8	14	0.7504	0.5617	0.4564
8	15	1.0000	0.7196	0.1741
8	22	0.9993	0.6122	0.4183
8	23	0.9992	0.7825	0.6089
9	10	0.9999	0.6653	0.4927
9	11	0.9991	0.7576	0.6193
9	12	0.9992	0.4933	0.5125
9	13	0.9985	0.7187	0.8193
9	14	0.9993	0.5830	0.5654
9	15	0.9988	0.3627	0.3280
9	16	0.9994	0.5369	0.4698
9	17	0.9005	0.7183	0.6854
9	21	0.9999	0.7504	0.5681
9	22	0.9997	0.5513	0.4131
9	23	0.7998	0.5554	0.3543
10	11	1.0000	0.6039	0.4834
10	12	0.9990	0.4433	0.6028
10	13	0.9997	0.6714	0.9080
10	14	1.0000	0.6485	0.4881
10	22	0.9000	0.5166	0.3207
11	12	0.8498	0.9550	0.5444
11	13	0.9983	0.5392	0.7530
11	14	0.9468	0.3932	0.6558
11	17	0.7503	0.6386	0.6189
11	21	0.9985	0.4433	0.4690
11	31	0.6000	0.9015	0.6154
12	13	0.9478	0.8679	0.6538
12	14	0.9994	0.4185	0.3873
12	15	0.9996	0.6128	0.3743
12	16	0.9496	0.8272	0.7005
12	17	0.8490	0.6965	0.7795
12	21	0.9988	0.3834	0.7999
12	22	0.9500	0.4094	0.2896
13	14	0.9960	0.5553	0.3235
13	17	0.9473	0.8824	0.9807
13	21	0.5990	0.5924	0.3495
14	15	0.7004	0.2078	0.1624
15	16	0.9994	0.9982	0.0349
15	17	0.5999	0.4310	0.5203
15	21	0.9485	0.4600	0.7815
15	22	0.9999	0.5338	0.5076
15	23	0.9971	0.7403	0.8086
16	17	0.9997	0.4924	0.5638
16	18	0.7986	0.6246	0.3200
16	19	0.9997	0.3199	0.9220
16	20	1.0000	0.6853	0.4348
16	21	1.0000	0.4192	0.5180
16	22	0.9971	0.0838	0.4777
16	23	0.9969	0.1865	0.8500
16	31	0.8502	0.5106	0.9678
17	18	0.7506	0.7461	0.2899
17	19	0.6493	0.8944	0.6421
17	20	1.0000	0.7141	0.5626
17	21	0.9996	0.5830	0.5662
17	22	0.5499	0.4045	0.4048
18	19	0.7488	0.7627	0.5652
18	23	0.6999	0.4148	0.3278
19	20	0.8969	0.8571	0.3093
19	23	0.9968	0.8845	0.9135
19	29	0.5499	0.4531	0.7956
20	21	1.0000	0.5562	0.4672
21	22	0.5963	0.4362	0.2952
21	23	0.9995	0.5766	0.3510
22	23	0.9495	0.4075	0.5208
23	24	0.6214	0.7447	0.2356
24	25	0.9974	0.6436	0.0922
24	26	0.9954	0.6993	0.0071
24	28	0.6002	0.5051	0.1213
24	30	0.9960	0.8041	0.0037
24	32	0.9956	0.8000	0.0124
24	34	0.9472	0.8334	0.0138
24	36	0.9946	0.7353	0.0050
24	38	0.9973	0.7442	0.0782
24	40	0.9986	0.6252	0.2754
25	26	0.7039	0.7112	0.1108
25	32	0.5016	0.3241	0.0472
25	41	0.8490	0.2209	0.7620
26	27	0.9998	0.9001	0.3927
26	28	1.0000	0.4734	0.4746
26	30	0.9960	0.2585	0.5220
26	32	0.9950	0.1206	0.6833
26	34	0.7494	0.3110	0.7528
26	36	0.9978	0.2777	0.6700
26	38	0.9994	0.4626	0.6595
26	40	1.0000	0.3340	0.8279
26	41	0.9995	0.4331	0.3864
27	28	1.0000	0.4903	0.4962
27	29	0.9999	0.6039	0.3588
27	30	0.9969	0.4135	0.3059
27	32	0.8971	0.3374	0.2052
27	40	0.7501	0.3604	0.9246
27	41	1.0000	0.7264	0.2782
28	29	0.9990	0.6912	0.3904
28	30	0.9998	0.5097	0.5437
28	31	0.6505	0.8670	0.9263
28	32	0.9991	0.5829	0.6154
28	34	0.9978	0.6355	0.6500
28	36	0.9969	0.8350	0.7126
28	38	0.9991	0.6400	0.7174
28	40	1.0000	0.3564	0.9080
28	41	0.9987	0.0338	0.7321
29	30	0.9974	0.3425	0.2856
29	31	1.0000	0.4148	0.9243
29	32	0.9954	0.3655	0.0822
30	31	0.9994	0.8568	0.9761
30	32	0.9998	0.4785	0.5668
30	33	0.8000	0.8883	0.9522
30	34	0.9999	0.4802	0.5500
30	36	0.9975	0.7094	0.5983
30	38	0.9983	0.6321	0.6084
30	40	1.0000	0.2491	0.8239
30	41	0.9994	0.0057	0.6767
31	32	0.9989	0.8783	0.5494
31	33	0.9999	0.4268	0.6403
31	34	0.9999	0.9246	0.1462
31	35	0.7504	0.3049	0.5435
32	33	0.9999	0.7099	0.8989
32	34	0.9999	0.5300	0.5110
32	35	1.0000	0.9815	0.4716
32	36	0.9996	0.6894	0.4823
32	38	0.9993	0.7632	0.5155
32	40	0.9987	0.4482	0.7268
33	34	1.0000	0.9441	0.2368
33	35	0.9997	0.4002	0.5099
33	36	0.5521	0.8168	0.0048
34	35	0.9983	0.8293	0.5747
34	36	1.0000	0.6752	0.5101
34	38	1.0000	0.7537	0.4930
34	40	0.9990	0.6147	0.6187
35	36	0.9975	0.6165	0.0964
35	37	0.9996	0.5898	0.6193
36	37	0.9984	0.6263	0.5992
36	38	1.0000	0.5909	0.4451
36	39	0.9996	0.9481	0.7228
36	40	0.9996	0.6405	0.3775
37	38	1.0000	0.7212	0.3267
37	39	0.9906	0.2678	0.7293
37	40	0.9975	0.7264	0.0265
38	39	1.0000	0.6035	0.6822
38	40	0.9998	0.5316	0.5878
38	41	0.6508	0.4416	0.3473
39	40	0.9999	0.8247	0.1980
40	41	0.9991	0.5985	0.5495
