0	1	0.9986	0.7647	0.4617
0	2	1.0000	0.5735	0.4778
0	9	0.9978	0.2759	0.1768
0	10	0.9994	0.9998	0.0734
0	11	0.9994	0.8343	0.4596
0	12	0.9994	0.3729	0.9648
0	13	0.9990	0.9414	0.4780
0	15	0.9970	0.9456	0.7128
0	28	0.6507	0.8243	0.5580
0	29	0.9990	0.8000	0.3334
0	30	0.6994	0.7688	0.1275
0	32	1.0000	0.5982	0.9159
1	2	0.9998	0.5125	0.3641
1	3	0.9502	0.0349	0.1476
1	5	1.0000	0.3607	0.9631
1	8	1.0000	0.2675	0.5613
1	9	0.9465	0.4015	0.0013
1	13	1.0000	0.0346	0.5223
1	32	1.0000	0.3519	0.6211
2	8	0.9992	0.8992	0.6600
2	9	0.9999	0.6971	0.3927
2	10	0.9996	1.0000	0.0554
2	11	0.9980	0.9084	0.7105
2	12	0.9958	0.8601	0.9861
3	4	0.9987	0.9388	0.3309
3	5	1.0000	0.2564	0.6795
3	6	0.9006	0.1929	0.7330
3	7	0.8494	0.4963	0.6960
3	8	0.9956	0.6764	0.0461
3	31	0.9478	0.8143	0.3793
3	32	0.9987	0.2757	0.0343
4	5	0.9991	0.2884	0.2271
4	6	0.5010	0.7028	0.4520
4	7	0.9992	0.5845	0.8659
4	8	0.8007	0.1119	0.1173
4	32	0.9968	0.4734	0.1125
4	37	0.6994	0.7800	0.1263
5	6	0.9996	0.9236	0.0469
5	7	0.9976	0.7628	0.3198
5	8	0.9983	0.5919	0.2625
5	32	0.9493	0.7213	0.1577
6	7	0.9986	0.4028	0.3560
6	8	0.9999	0.0345	0.2070
6	32	0.9984	0.5296	0.1288
7	8	0.9983	0.9199	0.0897
7	32	0.9971	0.9105	0.0475
8	9	0.9995	0.6405	0.4180
8	32	0.8512	0.2209	0.0196
9	10	1.0000	1.0000	0.1148
9	11	0.9999	1.0000	0.8798
9	12	0.9983	0.9827	0.4219
10	11	1.0000	0.4874	0.5797
10	12	1.0000	0.3314	0.6103
10	13	0.9995	0.4202	0.4657
10	15	0.9994	0.0720	0.3819
10	28	0.9991	0.7362	0.1895
10	29	1.0000	0.6041	0.3369
10	30	0.9997	0.6137	0.3082
11	12	0.9985	0.6389	0.7343
11	13	0.9982	0.3567	0.1202
11	15	0.9495	0.0793	0.2227
11	28	0.9987	0.1363	0.1067
11	29	0.9988	0.4392	0.2654
11	30	0.9999	0.1222	0.0816
11	32	0.9991	0.0033	0.8201
12	13	0.9996	0.9980	0.0905
12	15	0.8989	0.9038	0.2782
12	28	0.6028	0.5830	0.1387
12	29	0.6006	0.7466	0.2094
12	30	0.9498	0.9237	0.1194
13	15	0.9979	0.9444	0.5167
13	28	0.9990	0.6486	0.6879
13	29	0.9983	0.4751	0.5203
13	30	0.9975	0.5421	0.5399
13	31	0.9494	0.9998	0.3804
13	32	0.8499	0.4117	0.4405
13	39	0.6978	0.8033	0.6391
14	15	0.9478	0.7534	0.3815
14	20	0.7501	0.2230	0.2686
15	16	0.8479	0.3150	0.6341
15	20	0.7497	0.0991	0.4455
15	27	0.9993	0.0316	0.8400
15	28	0.9994	0.6240	0.7075
15	29	0.9987	0.5577	0.4400
15	30	0.9990	0.5602	0.4884
15	31	0.9998	0.3699	0.6799
15	33	0.8486	0.6408	0.3842
15	38	0.5501	0.6402	0.9348
15	39	0.9976	0.7442	0.1803
16	18	0.6999	0.7007	0.3570
16	20	0.9000	0.6098	0.5036
16	31	0.7993	0.6900	0.7683
16	32	0.8504	0.0696	0.4576
16	37	0.9490	0.1852	0.8519
16	39	0.7978	0.4771	0.6602
17	18	0.8993	0.5537	0.4634
17	19	0.7002	0.8100	0.4541
17	20	0.8002	0.6401	0.2558
17	22	0.6485	0.5436	0.2937
17	37	0.8984	0.4573	0.5662
18	19	0.9983	0.7656	0.7040
18	20	0.8002	0.3996	0.4975
18	22	0.9955	0.8782	0.3889
18	31	0.5003	0.9130	0.6358
18	37	0.9979	0.7821	0.6633
19	20	0.7001	0.6640	0.3811
19	21	0.7997	0.6307	0.1235
19	22	0.9998	0.3642	0.6519
20	21	0.9499	0.6845	0.2993
20	22	0.7022	0.6808	0.4311
20	39	0.5502	0.9696	0.5505
21	22	0.9999	0.5123	0.4366
21	23	0.9992	0.5538	0.5594
21	26	0.9996	0.8303	0.8465
22	23	0.9993	0.6411	0.5305
22	25	0.9496	0.6786	0.4411
22	26	1.0000	0.5868	0.6184
23	26	0.9992	0.8868	0.8009
24	25	0.7494	0.8445	0.3178
24	26	0.9982	0.4629	0.6363
25	26	0.9974	0.6545	0.1294
27	28	0.7000	0.5945	0.1340
27	39	0.6511	0.6872	0.6592
28	29	0.9988	0.5422	0.6310
28	30	0.9982	0.5925	0.7626
28	31	0.9989	0.8775	0.9261
28	32	0.7002	0.4507	0.3579
28	33	0.7153	0.2586	0.2641
28	39	0.9991	0.6998	0.5820
29	30	0.9981	0.5456	0.6188
30	31	0.9963	0.9986	0.4996
30	32	0.8990	0.4613	0.4523
30	38	0.8971	0.6130	0.5648
30	39	0.9971	0.9482	0.4181
31	32	0.9973	0.4787	0.1302
31	33	0.9990	0.7162	0.5504
31	37	0.9988	0.8035	0.7209
31	38	0.9999	0.7047	0.9673
31	39	0.9980	0.6517	0.3834
32	33	0.9995	0.2550	0.1799
32	39	0.9000	0.6297	0.1879
33	34	0.9498	0.8807	0.5178
33	35	0.9993	0.9221	0.3586
33	36	0.8496	0.9521	0.7081
33	37	0.9996	0.6101	0.6346
33	38	0.9487	0.4530	0.5828
33	39	0.9999	0.4910	0.5394
34	35	0.9995	0.7986	0.4886
34	36	0.9492	0.3121	0.6384
34	37	0.9997	0.5453	0.3663
34	39	0.7997	0.5574	0.3599
35	36	0.8046	0.8896	0.3906
35	37	0.9995	0.4544	0.4144
36	37	0.9979	0.5065	0.3051
37	38	0.9999	0.7896	0.2493
37	39	1.0000	0.8007	0.2958
38	39	0.9999	0.6663	0.4950
