0	1	0.9995	0.5636	0.5412
0	2	0.9977	0.9678	0.3459
0	3	0.8986	0.8866	0.6957
0	4	0.8995	0.7149	0.5877
0	5	0.6504	0.6002	0.3910
0	6	0.7991	0.4108	0.6154
0	7	1.0000	0.6552	0.4691
0	9	0.6004	0.5420	0.3410
0	13	0.7001	0.6590	0.5964
0	16	0.6008	0.3281	0.3745
1	2	1.0000	0.6850	0.4864
1	3	0.5007	0.8059	0.6498
1	4	0.7001	0.6278	0.3560
1	7	0.8496	0.5094	0.4367
1	14	0.9984	0.4689	0.4685
1	15	0.8984	0.5693	0.6370
1	16	0.7001	0.5106	0.4137
2	3	0.9983	0.5988	0.4803
2	4	0.9987	0.4187	0.2994
2	5	0.8495	0.3459	0.2041
2	6	0.9993	0.2126	0.9867
2	7	0.9980	0.5773	0.2270
2	9	0.8495	0.5588	0.3648
2	13	0.9989	0.2952	0.5460
2	14	0.9500	0.5477	0.6658
2	15	0.6007	0.5351	0.2633
2	16	0.8999	0.3585	0.7079
3	4	0.9983	0.8764	0.4994
3	5	0.5003	0.8312	0.2349
3	7	0.6005	0.9685	0.2662
3	9	0.6493	0.7774	0.2400
4	5	0.9994	0.8698	0.1999
4	6	0.9990	0.7583	0.6040
4	7	0.9974	0.9282	0.1479
4	9	0.9983	0.8167	0.2304
5	6	0.9986	0.5839	0.6450
5	7	0.7996	0.7225	0.6736
5	8	0.8999	0.3689	0.8615
5	9	0.9989	0.6229	0.3253
6	7	0.9989	0.7544	0.6304
6	8	0.9990	0.4412	0.6525
6	9	0.9995	0.6938	0.3137
7	8	0.9976	0.8389	0.7680
7	9	0.9988	0.9065	0.4700
7	13	0.9499	0.8620	0.6344
7	14	0.9479	0.9135	0.3540
8	9	0.9971	0.8058	0.1398
8	13	0.9988	0.5547	0.7471
9	10	0.9981	0.9175	0.4737
9	11	0.9998	0.8539	0.3232
9	13	1.0000	0.5165	0.6199
9	14	0.8998	0.6174	0.2023
10	11	0.9979	0.8479	0.5631
10	12	0.9500	0.7220	0.5818
10	13	0.9992	0.5969	0.4365
11	12	0.9995	0.8185	0.4702
11	13	0.7500	0.4637	0.3851
12	13	0.8501	0.7067	0.2419
13	14	0.9983	0.7125	0.1314
13	17	0.9490	0.6973	0.3847
14	15	0.9997	0.6133	0.4409
14	16	0.9998	0.6830	0.3751
14	17	0.7998	0.8750	0.4412
14	21	0.9989	0.6052	0.6261
14	22	0.8997	0.1855	0.3460
15	16	0.9993	0.4934	0.4247
15	17	0.9995	0.4684	0.5481
15	19	0.7001	0.5938	0.6412
15	21	0.6500	0.4213	0.3973
15	22	0.7014	0.2763	0.2235
16	17	0.9991	0.9567	0.4386
16	18	0.8001	0.8744	0.2847
16	19	0.8992	0.9374	0.5163
16	20	0.8488	0.5129	0.4814
16	21	0.8977	0.4164	0.5421
16	22	0.9988	0.2819	0.2988
17	18	0.9977	0.7558	0.4150
17	19	0.9992	0.7290	0.4581
17	20	0.9987	0.5171	0.3782
17	21	0.9994	0.4728	0.4642
17	22	0.9498	0.6183	0.4626
18	19	0.9988	0.4599	0.6739
18	22	0.9490	0.3384	0.6807
19	20	0.9983	0.6280	0.1380
19	21	0.9995	0.6398	0.7680
19	22	0.9498	0.6608	0.4784
20	21	0.9992	0.4255	0.5075
20	22	0.9985	0.2865	0.3108
21	22	0.9999	0.6761	0.2875
