0	1	0.9499	0.7461	0.4779
0	2	0.9986	0.7387	0.1000
1	2	0.9993	0.6712	0.2221
2	3	0.7687	0.8313	0.5363
2	5	0.7009	0.3910	0.5065
2	12	0.9988	0.9157	0.4633
2	15	0.9501	0.8979	0.7865
2	16	0.9998	0.7025	0.5526
2	18	0.8004	0.5473	0.5995
2	19	0.5007	0.5582	0.4606
3	4	1.0000	0.8669	0.2292
3	9	0.9990	0.7839	0.5085
3	10	0.9993	0.4755	0.4602
3	11	0.9986	0.5636	0.5139
3	12	0.9488	0.5192	0.5082
3	13	0.5505	0.5243	0.3932
3	15	0.9996	0.5186	0.5322
3	16	0.9997	0.4412	0.5304
4	5	0.9982	0.9004	0.1448
4	7	0.5689	0.4028	0.4669
4	8	0.7498	0.5438	0.3960
4	9	0.9997	0.5352	0.3783
4	10	0.9987	0.4012	0.3402
4	11	0.9987	0.4728	0.2654
4	12	0.9996	0.2846	0.5407
4	15	1.0000	0.2309	0.8512
4	16	0.8501	0.5037	0.2566
4	20	0.8499	0.2674	0.4867
5	6	0.9994	0.8033	0.7918
5	7	0.7008	0.6308	0.6227
5	8	0.5535	0.3802	0.4999
5	9	0.6004	0.4145	0.4123
6	7	0.8500	0.7340	0.4536
7	8	0.7494	0.4672	0.6199
7	9	0.5007	0.4493	0.3205
7	11	0.8994	0.7305	0.5081
9	10	0.9994	0.7720	0.3360
9	11	0.6507	0.3870	0.5193
9	12	0.9992	0.5193	0.3733
9	15	0.8997	0.6237	0.6817
10	11	0.9991	0.8209	0.5814
10	12	0.9993	0.5553	0.5781
10	14	0.6997	0.4129	0.5093
10	15	0.7185	0.3742	0.3619
10	16	0.6006	0.0726	0.5497
11	12	0.9980	0.3697	0.5267
11	14	0.9000	0.4429	0.7110
11	15	0.9985	0.3195	0.4027
11	16	0.7995	0.6277	0.4540
12	13	0.9483	0.9194	0.2774
12	14	0.9000	0.7736	0.8641
12	15	0.9993	0.4512	0.4116
12	16	0.9997	0.5261	0.3258
13	14	0.7990	0.6971	0.4728
13	15	0.8504	0.0889	0.3601
14	15	0.9483	0.9429	0.0957
14	16	0.6502	0.7178	0.6228
15	16	0.9491	0.8665	0.3573
16	17	0.8481	0.8752	0.7411
16	18	0.9001	0.6380	0.6274
16	19	0.7055	0.6908	0.5351
17	18	0.5497	0.5834	0.5442
18	19	0.9990	0.9289	0.6924
18	20	0.8501	0.6871	0.5245
18	21	0.9503	0.5766	0.4369
19	20	0.9496	0.6124	0.3038
19	21	0.9997	0.6706	0.8411
20	21	0.9992	0.4309	0.4441
