0	1	0.9975	0.6274	0.2294
0	3	0.9491	0.7291	0.5628
1	2	0.9965	0.8857	0.4058
1	3	0.8999	0.5759	0.4999
1	5	0.5691	0.3632	0.5010
1	6	0.5004	0.1921	0.5524
1	8	0.9995	0.4630	0.4474
1	10	0.5007	0.3416	0.3022
2	3	0.9976	0.6702	0.1498
2	4	0.5508	0.3409	0.3043
2	7	0.8968	0.4652	0.3851
2	8	0.8992	0.6036	0.6249
3	4	1.0000	0.7416	0.4686
3	5	0.9501	0.6771	0.5951
3	6	0.7999	0.5280	0.6598
3	7	0.6995	0.5783	0.4884
3	8	0.8994	0.4811	0.4990
3	10	0.5023	0.6056	0.4608
4	5	0.8005	0.6454	0.5174
4	6	0.9496	0.7386	0.5750
4	7	1.0000	0.5669	0.4742
5	6	0.9985	0.9594	0.1928
5	7	1.0000	0.6156	0.3740
5	10	0.5507	0.6235	0.5880
6	7	0.9978	0.7595	0.0942
7	8	0.9996	0.6175	0.4421
7	10	0.9997	0.4011	0.6442
8	9	1.0000	0.7856	0.5204
8	10	0.7000	0.5840	0.3522
10	11	0.9497	0.7171	0.4471
10	12	0.5016	0.6347	0.4856
10	13	0.9498	0.7183	0.6642
11	12	0.9997	0.6558	0.4330
11	13	0.9501	0.5674	0.5472
12	13	0.9500	0.5589	0.5270
