0	1	1.0000	0.9215	0.1193
0	3	0.5672	0.4089	0.4989
0	22	0.9981	0.8119	0.5258
0	23	0.9990	0.4597	0.4790
0	29	0.9968	0.4963	0.0465
1	2	0.9997	0.8731	0.1910
1	3	1.0000	0.8689	0.6457
1	4	0.9999	0.4721	0.8335
1	13	0.9980	0.9722	0.9203
1	29	0.7516	0.2994	0.0963
2	3	0.9991	0.6260	0.6044
2	4	0.5518	0.7753	0.2796
2	13	0.8506	0.9858	0.3775
2	22	0.8007	0.8177	0.4126
3	22	0.5512	0.7880	0.4877
3	29	0.6015	0.3320	0.1105
4	5	0.9973	0.7134	0.0400
4	19	0.6001	0.2891	0.4159
4	21	0.8499	0.5736	0.3629
4	22	0.9989	0.3711	0.3025
4	23	0.8493	0.5117	0.1688
5	6	0.9988	0.7097	0.0577
5	16	0.9984	0.9479	0.0657
5	18	0.9988	0.7228	0.5809
5	19	0.9999	0.4434	0.7864
5	20	0.7503	0.5716	0.4537
5	21	0.8504	0.2687	0.4674
5	22	0.9997	0.0699	0.3734
6	7	0.9994	0.9014	0.2558
6	9	0.6999	0.4370	0.1480
6	16	0.8000	0.7192	0.0405
6	18	0.9965	0.7161	0.7887
6	19	0.9991	0.4544	0.4507
6	20	0.9980	0.1493	0.5021
6	21	0.9499	0.9178	0.4300
6	22	0.9997	0.7986	0.3687
7	8	1.0000	0.5265	0.3095
7	9	0.9977	0.5720	0.1686
7	11	0.5084	0.3052	0.2216
7	15	0.9991	0.3882	0.5624
7	16	0.7008	0.0978	0.0622
7	18	1.0000	0.3542	0.7679
7	19	0.9999	0.4797	0.3962
7	20	1.0000	0.7796	0.3460
7	21	0.9975	0.7585	0.0827
8	9	0.9991	0.4910	0.3428
8	11	0.9984	0.9385	0.1388
8	15	0.6482	0.4210	0.5451
9	10	0.9985	0.6545	0.2603
9	11	0.9500	0.5185	0.2845
9	12	0.9983	0.7790	0.2123
9	15	0.9996	0.7319	0.3642
9	16	0.7720	0.1665	0.2342
9	18	0.9488	0.3658	0.2696
9	19	0.9496	0.4997	0.5524
10	11	1.0000	0.7515	0.4984
10	12	0.9988	0.4742	0.4944
10	14	0.9999	0.7066	0.4944
10	15	0.9996	0.5061	0.5188
11	12	1.0000	0.5727	0.4598
11	13	0.5674	0.0140	0.3710
11	14	0.6002	0.4455	0.3266
11	15	1.0000	0.4907	0.6031
11	16	0.6015	0.1286	0.4469
12	13	0.6977	0.9963	0.2942
12	14	0.9997	0.6666	0.5954
12	15	1.0000	0.5265	0.4540
13	14	0.9953	0.9061	0.0368
14	15	0.9999	0.7837	0.2462
14	16	0.9499	0.0513	0.8926
14	17	0.9002	0.5569	0.7849
15	16	0.9496	0.9352	0.1315
15	17	0.8989	0.1894	0.5348
15	18	0.8998	0.7648	0.2299
16	17	0.9494	0.4306	0.0963
16	18	0.7500	0.1177	0.3162
17	18	0.6749	0.2525	0.1236
18	19	1.0000	0.5242	0.5643
18	20	0.8514	0.0241	0.2207
18	22	0.9488	0.9847	0.6559
19	20	1.0000	0.8762	0.1781
19	22	0.9992	0.1139	0.1823
22	23	0.9991	0.9431	0.0797
23	25	0.9995	0.9169	0.1380
23	28	1.0000	0.7617	0.9968
23	29	1.0000	0.9004	0.3662
24	25	0.9991	0.7372	0.3662
24	26	0.9994	0.0973	0.7633
24	27	0.7004	0.3920	0.4977
24	28	0.9988	0.6203	0.7718
24	29	0.9994	0.0598	0.7058
25	26	0.9998	0.7820	0.3805
25	27	0.9480	0.6000	0.6949
25	28	0.9997	0.4716	0.4751
25	29	1.0000	0.5090	0.7069
26	27	0.9998	0.4739	0.6020
26	28	1.0000	0.3572	0.4976
26	29	0.9992	0.7975	0.7419
27	28	0.9998	0.5670	0.4284
27	29	0.9501	0.0405	0.8638
28	29	0.9996	0.9233	0.5860
