0	1	0.9992	0.9148	0.3278
0	2	0.9999	0.5614	0.6136
0	4	1.0000	0.4990	0.5189
0	5	0.9500	0.5946	0.4355
0	7	0.5005	0.5670	0.3948
0	11	0.7981	0.6219	0.3039
0	20	0.7999	0.3901	0.7825
0	23	1.0000	0.6873	0.3575
0	24	0.5001	0.8937	0.3895
1	2	0.9982	0.6805	0.5739
1	4	0.7492	0.3887	0.4805
1	5	0.7506	0.4821	0.4155
2	3	0.9477	0.9283	0.5820
2	4	0.9002	0.6219	0.5073
2	5	0.9999	0.7341	0.3581
3	4	0.9982	0.4850	0.1316
3	5	0.6995	0.3783	0.8561
4	5	1.0000	0.6791	0.4390
5	7	0.7500	0.5819	0.4601
5	23	0.6506	0.4275	0.3052
6	7	0.9001	0.7442	0.0487
7	8	0.9998	0.4529	0.6969
7	10	0.9000	0.6526	0.4892
7	11	0.7503	0.5617	0.4356
7	20	0.7004	0.5184	0.3368
7	21	0.8500	0.7215	0.4076
7	23	0.8501	0.5818	0.2978
7	24	0.8503	0.5797	0.5525
7	25	0.7506	0.3299	0.4243
8	9	0.9484	0.9134	0.2381
8	10	0.7004	0.5846	0.5400
8	11	0.8505	0.6039	0.5213
8	23	0.7011	0.3687	0.2160
8	24	0.9501	0.5940	0.4491
8	25	0.5501	0.4650	0.2752
9	10	0.8000	0.7593	0.2191
10	11	0.9998	0.8215	0.4521
10	12	0.6504	0.3829	0.3731
10	13	0.9500	0.6031	0.4744
10	14	0.8501	0.6495	0.3421
11	12	0.9976	0.8754	0.4677
11	13	0.8998	0.5136	0.3478
11	14	0.7513	0.5553	0.6214
11	16	0.8507	0.6166	0.3942
12	13	0.9981	0.7707	0.2967
12	14	0.7991	0.5524	0.4213
13	14	0.9988	0.4778	0.3357
13	15	0.8006	0.6060	0.5677
13	16	0.9996	0.3764	0.5090
13	17	0.7004	0.5459	0.2990
13	20	0.9497	0.4950	0.5185
14	15	0.9982	0.3775	0.6048
14	16	0.9997	0.4306	0.5868
14	17	0.7496	0.3529	0.4802
14	20	1.0000	0.3726	0.8959
15	16	0.9989	0.7734	0.2046
15	20	0.7514	0.4786	0.6059
16	17	0.9996	0.9426	0.1244
16	18	0.6001	0.9022	0.6759
16	20	0.9997	0.7047	0.4144
17	18	0.9994	0.8481	0.4949
17	19	0.9985	0.5450	0.6338
17	20	0.9989	0.4894	0.3064
18	19	0.9983	0.3724	0.4477
18	20	0.9992	0.6651	0.2264
20	21	0.9498	0.9019	0.3093
20	23	0.8006	0.7556	0.4176
20	24	0.6002	0.4880	0.4686
21	22	0.9970	0.8981	0.4059
21	23	1.0000	0.7614	0.4380
22	23	0.7000	0.6537	0.5124
23	24	0.9990	0.6928	0.1735
