0	1	0.9993	0.7083	0.3113
0	4	0.8991	0.4541	0.3273
0	32	0.5003	0.2699	0.6300
1	2	0.8999	0.5651	0.4963
1	3	0.6992	0.5377	0.5706
1	4	0.9988	0.3181	0.3261
1	13	0.7486	0.4652	0.3316
1	14	0.7492	0.6108	0.5404
1	15	0.6498	0.5016	0.5331
1	18	0.6490	0.7119	0.4248
1	19	0.7498	0.5503	0.4462
1	32	0.8490	0.5114	0.7681
2	3	0.9974	0.5437	0.6154
2	4	0.9997	0.5728	0.4475
2	5	0.8508	0.4413	0.7302
2	6	0.9978	0.5807	0.7028
2	7	0.9492	0.8638	0.4142
2	13	0.8973	0.5595	0.5786
2	14	0.6500	0.6612	0.7419
2	32	0.7502	0.4288	0.6655
3	4	0.9995	0.8274	0.4300
3	5	0.5505	0.6374	0.4165
3	6	0.8995	0.6762	0.6314
3	7	0.9987	0.9778	0.4847
3	13	0.5994	0.8357	0.6353
3	14	0.5008	0.6806	0.4663
4	5	0.9960	0.9710	0.0601
4	6	1.0000	0.6729	0.4291
4	7	0.9002	0.1622	0.4910
4	10	0.9993	0.3576	0.4976
4	11	0.5496	0.5815	0.3926
4	15	0.5505	0.5774	0.5861
4	18	0.7501	0.7113	0.4485
4	19	0.5505	0.3708	0.6108
4	32	0.7502	0.6238	0.5391
5	6	0.9000	0.8161	0.1823
6	7	0.9003	0.9692	0.4414
6	10	0.6004	0.7205	0.7253
6	11	0.6005	0.7559	0.4289
6	12	0.6010	0.8085	0.6213
6	13	0.9984	0.9412	0.7689
6	14	0.9491	0.7746	0.6337
7	8	0.7505	0.6741	0.4100
7	10	0.9999	0.7430	0.3785
7	11	0.6004	0.3549	0.7884
7	13	0.6532	0.5086	0.4546
7	14	0.6509	0.6027	0.5428
7	17	0.6003	0.8557	0.2092
8	9	0.9995	0.6935	0.7727
8	10	0.6502	0.6052	0.4845
8	16	0.5506	0.5859	0.4310
8	17	0.8012	0.4998	0.3740
9	10	0.9002	0.7523	0.4047
9	12	0.5503	0.6042	0.4819
9	17	0.8973	0.8475	0.1882
10	11	0.8493	0.7010	0.5629
10	12	0.8501	0.6671	0.6309
10	17	0.5503	0.4799	0.3868
11	12	0.9486	0.7825	0.7008
11	14	0.5504	0.4946	0.4300
12	13	0.9985	0.8443	0.6497
12	14	0.6003	0.5201	0.5697
12	17	0.7498	0.5018	0.3448
13	14	0.9979	0.4712	0.6190
13	15	0.9979	0.5079	0.5297
14	15	0.8494	0.5454	0.5469
14	17	0.6528	0.3610	0.5008
14	18	0.6500	0.4555	0.4765
15	17	0.9971	0.9446	0.4225
15	18	0.9972	0.9411	0.5923
15	19	0.7495	0.5592	0.6249
15	20	0.6501	0.7230	0.3526
15	32	0.8499	0.8656	0.5181
16	17	0.9974	0.8490	0.2512
16	18	0.7011	0.6621	0.4059
17	18	0.9984	0.7539	0.3391
17	19	0.8503	0.7205	0.3223
17	20	0.7494	0.5911	0.7745
17	21	0.8497	0.4462	0.4967
17	23	0.6020	0.3957	0.5379
18	19	0.9984	0.8243	0.2891
18	20	0.9984	0.7189	0.8358
18	21	0.9501	0.4900	0.6171
18	23	0.5009	0.3302	0.5912
18	32	0.8509	0.7305	0.5206
19	20	0.9500	0.8576	0.4247
19	21	0.9993	0.5793	0.4202
19	23	0.6504	0.7353	0.4535
19	32	0.9494	0.3701	0.6633
20	21	0.9971	0.9032	0.2775
20	23	0.5002	0.5835	0.3893
20	32	0.6039	0.5836	0.4539
21	22	0.7500	0.4285	0.3651
21	23	0.7500	0.3577	0.5175
21	32	0.9000	0.6491	0.3699
22	23	1.0000	0.6384	0.5131
22	24	0.8988	0.4792	0.5099
22	25	0.9999	0.7648	0.5791
22	26	0.9996	0.5896	0.5071
22	27	0.9999	0.7512	0.5504
22	28	1.0000	0.5973	0.4758
22	29	0.7501	0.8661	0.5929
23	24	0.9498	0.5629	0.4219
23	25	0.9496	0.4922	0.3717
23	26	0.9996	0.5523	0.4179
23	27	0.7526	0.5119	0.4392
23	28	0.9997	0.4392	0.5632
24	25	0.9997	0.7901	0.5091
24	26	0.9996	0.5381	0.5012
24	27	0.9999	0.7639	0.4277
25	26	1.0000	0.6054	0.5658
25	27	1.0000	0.5004	0.4344
26	27	0.9995	0.7683	0.4854
26	28	0.9011	0.6029	0.4212
26	29	0.7978	0.6491	0.4383
27	28	0.9998	0.5943	0.2840
27	29	0.9996	0.4488	0.6242
27	30	0.6495	0.4989	0.0714
28	29	0.9997	0.7530	0.5039
28	30	0.9984	0.4495	0.4759
28	31	0.8999	0.6775	0.3829
28	32	0.7006	0.6093	0.3550
29	30	0.9977	0.7216	0.3618
29	31	0.8494	0.3442	0.1591
30	31	0.9495	0.7422	0.4936
30	32	0.8477	0.6167	0.3138
31	32	0.9984	0.8234	0.1867
