0	1	0.9498	0.6143	0.4559
0	2	0.9992	0.5988	0.6669
0	3	0.9989	0.5900	0.5396
0	4	0.8002	0.5171	0.4373
0	5	0.7992	0.4763	0.6319
1	2	0.9499	0.6304	0.4125
1	3	0.7000	0.3916	0.6307
1	4	0.8998	0.5286	0.5261
1	5	0.9990	0.6122	0.6300
1	6	0.6007	0.4919	0.5237
2	3	0.9998	0.5098	0.4941
2	4	0.9988	0.5237	0.5298
2	5	0.9995	0.5188	0.5252
2	6	0.5497	0.4253	0.4078
2	7	0.5509	0.5128	0.3773
3	4	0.9996	0.4574	0.5544
3	5	0.9992	0.6167	0.4805
3	6	0.8504	0.6866	0.4237
3	7	0.7006	0.6132	0.4775
4	5	0.9984	0.5919	0.5599
4	6	0.9910	0.5063	0.4735
5	6	0.9991	0.8004	0.5723
5	7	0.8995	0.7078	0.6066
6	7	0.9992	0.4779	0.5540
7	8	0.9002	0.5294	0.3550
7	11	0.8992	0.4167	0.5179
7	12	0.8498	0.5695	0.5033
7	13	0.5009	0.5105	0.4003
8	10	0.8507	0.4408	0.4346
8	11	0.7999	0.4845	0.6110
8	12	0.8498	0.4926	0.4674
9	10	0.7990	0.5076	0.2988
9	11	0.6003	0.4686	0.4196
9	19	0.8226	0.4375	0.3061
10	11	0.9989	0.5203	0.5770
10	12	0.9491	0.5162	0.5014
10	13	0.5005	0.4377	0.6695
10	14	0.8996	0.4795	0.4069
10	15	0.8489	0.4830	0.4998
10	16	0.5993	0.4368	0.4249
10	17	0.6498	0.3775	0.6111
10	19	0.9487	0.5014	0.5172
10	20	0.6999	0.4683	0.5644
11	12	0.9496	0.6500	0.5896
11	13	0.8000	0.5600	0.5858
11	14	0.9492	0.5618	0.5098
11	15	0.7494	0.4847	0.4685
11	16	0.9497	0.4889	0.4550
11	17	0.7981	0.3191	0.6451
11	19	0.9990	0.5696	0.4976
11	20	0.5510	0.5513	0.4381
12	13	0.9003	0.8660	0.5878
12	14	0.9500	0.7360	0.5179
12	15	0.5012	0.4395	0.3702
12	17	0.7496	0.7984	0.8724
12	19	0.8994	0.4383	0.4702
13	14	0.8493	0.4781	0.4848
13	16	0.8007	0.4946	0.3553
13	17	0.5506	0.5297	0.5716
13	19	0.9992	0.6046	0.3880
14	15	0.8991	0.5260	0.4914
14	16	0.7990	0.5385	0.5286
14	17	0.8000	0.5302	0.5862
14	19	0.9995	0.6213	0.4599
14	20	0.5501	0.6992	0.4563
15	16	0.9988	0.4813	0.4956
15	17	0.9988	0.4252	0.8662
15	19	0.9986	0.4844	0.4528
15	20	0.7493	0.5864	0.7077
16	17	0.9987	0.4976	0.7799
16	18	0.9999	0.7844	0.6485
16	19	0.9993	0.5186	0.4834
17	18	0.9995	0.9698	0.4827
17	19	0.9493	0.6093	0.2727
18	19	0.9989	0.6577	0.3357
19	20	0.9985	0.5026	0.4867
