1	4	0.7997	0.8732	0.5256
4	8	0.9969	0.5631	0.6407
5	6	0.9967	0.9556	0.6419
5	7	0.9477	0.9326	0.2422
5	24	0.7489	0.8799	0.0474
5	26	0.8985	0.8545	0.0280
5	28	0.8986	0.8305	0.0489
5	30	0.9956	0.9483	0.2408
5	31	0.6002	0.8948	0.7615
5	32	0.9472	0.9807	0.2489
5	33	0.7976	0.7494	0.8735
5	34	0.7692	0.7488	0.4901
5	38	0.9498	0.7274	0.9473
5	39	0.5005	0.5772	0.3518
6	7	0.9962	0.9986	0.0937
6	32	0.8999	0.9389	0.1879
6	34	0.6499	0.8821	0.3846
7	8	0.9985	0.9502	0.6562
7	9	0.9997	0.7694	0.3738
7	30	0.8990	0.4763	0.6649
7	32	0.9981	0.6550	0.6007
7	33	0.6525	0.3873	0.3522
7	34	0.5155	0.4486	0.7735
7	38	0.9997	0.7334	0.9631
8	9	0.9988	0.7185	0.2073
8	10	0.9999	0.4193	0.7915
8	12	0.9470	0.5529	0.2208
8	38	1.0000	0.6349	0.7694
9	10	0.9499	0.9312	0.4971
9	11	0.6997	0.5097	0.7954
9	12	0.9989	0.5892	0.4616
9	13	0.8502	0.8272	0.3168
9	24	0.8995	0.5930	0.3208
9	28	0.6347	0.5259	0.3513
9	30	0.7992	0.6749	0.5301
9	38	0.6193	0.2039	0.7771
10	11	0.9975	0.6469	0.2714
10	12	0.9998	0.4367	0.7145
10	13	0.9988	0.3421	0.4888
10	16	0.9974	0.5791	0.3144
10	20	0.6501	0.2284	0.3892
11	12	0.9976	0.7934	0.2587
11	16	0.7504	0.5984	0.2549
12	13	1.0000	0.6326	0.5330
12	14	0.9969	0.9328	0.5550
12	15	0.8998	0.2493	0.6188
12	16	0.9996	0.5623	0.4697
12	18	0.8965	0.3457	0.8234
12	19	0.9973	0.8284	0.3125
12	20	0.9980	0.7205	0.4173
12	21	0.7999	0.7998	0.4817
13	14	0.9979	0.9218	0.6240
13	15	0.6502	0.5706	0.7450
13	16	0.9995	0.6469	0.4977
13	18	0.5992	0.5232	0.6559
13	19	0.9993	0.7277	0.1482
13	20	0.9987	0.2756	0.3568
13	21	0.5009	0.4739	0.4713
14	15	0.9985	0.9693	0.4587
14	16	0.9999	0.3693	0.9709
14	18	0.8986	0.8238	0.4445
14	19	0.9972	0.8416	0.1224
15	16	0.9982	0.8455	0.2651
15	19	0.9491	0.4714	0.6293
16	18	0.9989	0.8168	0.8890
16	19	0.8003	0.5965	0.2993
16	20	0.8505	0.1925	0.3854
17	18	0.9974	0.8559	0.2238
17	19	0.6996	0.3900	0.2590
18	19	0.9969	0.7854	0.3865
19	20	0.9980	0.6480	0.1904
20	21	0.9979	0.5809	0.1866
20	22	1.0000	0.1682	0.8986
20	23	0.9998	0.3498	0.6937
20	24	0.5504	0.5668	0.0246
21	23	0.9491	0.4955	0.4697
21	24	0.9996	0.6430	0.5078
21	26	1.0000	0.8259	0.3826
21	28	0.9996	0.7284	0.4257
21	30	0.8497	0.7460	0.5432
22	23	0.9995	0.9725	0.0778
22	24	0.9997	0.6275	0.9468
22	25	0.9498	0.7975	0.5247
22	26	0.7501	0.5468	0.4521
22	27	0.5505	0.4875	0.4770
23	24	0.9976	0.5010	0.0976
23	25	0.9999	0.2337	0.8778
23	26	0.9975	0.4228	0.0097
24	25	0.9989	0.7433	0.6982
24	26	0.9996	0.6638	0.4671
24	27	0.9961	0.8215	0.6326
24	28	0.9999	0.6850	0.4911
24	29	0.9005	0.9932	0.1993
24	30	0.9998	0.7349	0.4580
24	32	0.9991	0.7981	0.4371
25	26	0.9996	0.7546	0.3845
25	27	0.9997	0.5412	0.7051
25	28	0.9996	0.8484	0.2044
26	27	0.9995	0.5888	0.5054
26	28	0.9999	0.5663	0.5319
26	29	0.9981	0.9834	0.3793
26	30	0.9999	0.5726	0.5373
26	32	0.9999	0.5737	0.4542
27	28	1.0000	0.7045	0.2559
27	29	1.0000	0.3589	0.6392
27	30	0.9967	0.6926	0.0166
28	29	0.9993	0.8912	0.3947
28	30	0.9997	0.6270	0.5102
28	31	0.5010	0.7674	0.4580
28	32	1.0000	0.7243	0.3893
29	30	1.0000	0.4405	0.4392
29	31	0.9997	0.2313	0.8305
29	32	0.6005	0.3999	0.1803
30	31	0.9993	0.7705	0.5128
30	32	1.0000	0.6748	0.4860
30	38	0.6004	0.6143	0.3548
31	32	1.0000	0.6782	0.3986
31	33	0.9979	0.2998	0.6827
31	34	0.9967	0.5682	0.0487
32	33	1.0000	0.6751	0.6341
32	34	1.0000	0.6500	0.4736
32	35	0.8003	0.8765	0.4564
32	38	0.7003	0.6849	0.3782
33	34	1.0000	0.6448	0.4101
33	35	0.9982	0.3605	0.2422
33	36	0.9991	0.3269	0.0668
33	38	0.9996	0.2338	0.1053
34	35	0.9998	0.8579	0.5427
34	36	1.0000	0.6999	0.4024
34	37	0.9999	0.7831	0.6405
34	38	0.9994	0.7935	0.1637
35	36	0.9992	0.3823	0.5597
35	37	0.9483	0.5101	0.6772
35	38	0.9983	0.3488	0.0247
36	37	0.9982	0.5828	0.7252
36	38	0.8999	0.2636	0.1238
37	38	0.9477	0.7844	0.0059
38	39	0.9998	0.9859	0.1605
38	40	0.9494	0.7409	0.6707
