0	1	0.9491	0.5222	0.2037
0	5	0.8486	0.4695	0.3007
1	2	0.9996	0.8455	0.3807
1	4	0.7992	0.2214	0.6696
1	5	0.7999	0.5329	0.5311
1	6	0.8504	0.9048	0.3587
1	9	0.6000	0.5323	0.4504
2	3	0.9994	0.5596	0.2914
2	5	0.9999	0.5449	0.7483
3	4	0.8000	0.8535	0.3575
3	5	0.8993	0.4742	0.3009
3	6	0.8002	0.4516	0.8009
4	5	0.9988	0.4290	0.0461
4	9	0.8984	0.6849	0.0418
5	6	1.0000	0.9758	0.5203
5	7	0.6508	0.5519	0.4304
5	9	0.9497	0.5568	0.4114
5	10	0.7500	0.4341	0.7458
6	7	0.9989	0.9589	0.1835
6	8	0.8486	0.9690	0.6413
6	9	0.9999	0.5548	0.6786
6	10	0.8997	0.6393	0.6087
6	17	0.6501	0.3966	0.8607
7	8	0.8975	0.8627	0.3990
7	9	0.9999	0.6085	0.4329
8	9	0.9982	0.4588	0.2165
8	17	0.9980	0.6544	0.8674
9	10	1.0000	0.5371	0.7003
9	11	0.9995	0.4683	0.7401
9	13	0.9996	0.6899	0.6280
9	14	0.7503	0.4362	0.3025
9	15	0.7500	0.7092	0.5619
9	16	0.6499	0.7484	0.6621
9	17	0.9495	0.6035	0.5778
10	11	0.9996	0.9837	0.7658
10	12	0.9467	0.9815	0.7033
10	13	0.9997	0.7687	0.5269
11	12	0.9975	0.9882	0.8463
11	13	1.0000	0.8925	0.6434
12	13	0.9969	0.9006	0.0257
13	14	0.9991	0.9566	0.0836
13	17	0.9999	0.6577	0.7224
14	15	0.9996	0.4681	0.5978
14	16	0.9996	0.6684	0.6740
14	17	0.9999	0.4507	0.6458
15	16	0.9983	0.8720	0.2115
15	17	0.9007	0.5650	0.3858
16	17	0.9987	0.6467	0.1528
17	18	0.9992	0.9297	0.4961
