0	1	0.9979	0.5922	0.3114
0	2	0.7992	0.5140	0.5583
0	6	0.5997	0.4683	0.2402
0	7	0.9499	0.8030	0.4438
0	8	0.7193	0.3015	0.2780
0	9	0.9985	0.3649	0.3100
1	2	0.6004	0.3620	0.7247
1	9	0.9969	0.3575	0.3523
2	4	0.7993	0.2203	0.7256
2	6	0.6005	0.1889	0.0619
3	4	0.9994	0.6315	0.1709
3	8	0.9984	0.6592	0.1186
3	9	1.0000	0.4471	0.9606
4	5	0.9992	0.8851	0.8242
4	6	0.9982	0.6775	0.3423
4	7	0.9995	0.6010	0.6158
4	8	0.9999	0.5349	0.5016
4	9	1.0000	0.4766	0.4755
4	10	0.9975	0.8712	0.0867
4	20	0.9476	0.8522	0.9996
4	21	0.9977	0.7436	0.1550
5	6	0.5602	0.5436	0.1049
5	7	0.9996	0.9821	0.0820
5	9	0.9469	0.7284	0.2587
6	7	0.9969	0.5276	0.1462
6	8	0.9992	0.7903	0.6236
6	9	0.9998	0.7353	0.3054
6	17	0.9977	0.2962	0.0224
7	8	0.9999	0.7314	0.4120
7	9	1.0000	0.6602	0.7834
8	9	1.0000	0.5043	0.4869
10	11	0.9982	0.9515	0.0598
10	20	1.0000	0.8953	0.9618
10	21	0.9986	0.8331	0.6682
10	23	1.0000	0.6641	0.7884
11	12	0.9985	0.7748	0.5579
11	13	0.9999	0.5443	0.3567
11	15	0.9972	0.4659	0.1033
11	19	0.8492	0.9637	0.1804
11	20	0.9999	0.1945	0.3771
11	21	0.9997	0.1621	0.7829
12	13	1.0000	0.5693	0.5727
12	20	0.6505	0.4120	0.0766
13	14	0.9983	0.9612	0.9175
13	15	0.9434	0.3853	0.2101
13	16	0.9994	0.9814	0.3514
13	19	0.9987	0.9966	0.6827
13	20	0.9998	0.1485	0.4607
13	21	0.9973	0.1557	0.6792
13	23	0.8484	0.5160	0.0714
14	15	0.9998	0.8416	0.6373
14	16	0.9989	0.5206	0.5563
14	20	0.9995	0.9505	0.5106
14	23	0.7498	0.5590	0.1970
15	16	1.0000	0.6853	0.3701
15	17	0.9973	0.5641	0.2041
15	18	0.8997	0.4130	0.3869
15	19	1.0000	0.3731	0.6558
15	20	0.9996	0.3272	0.5074
15	21	0.9986	0.0592	0.3147
15	23	0.9978	0.3349	0.1529
16	17	1.0000	0.7682	0.3477
16	18	1.0000	0.7089	0.4842
16	19	0.9996	0.7249	0.9164
16	20	0.9974	0.2077	0.5773
16	23	0.9983	0.2371	0.2356
17	18	0.9999	0.6306	0.4807
17	21	0.5023	0.0373	0.0165
17	23	0.7480	0.3636	0.4183
18	19	0.9999	0.9751	0.4404
19	20	0.8509	0.7648	0.0436
19	21	0.9988	0.8980	0.9968
20	21	1.0000	0.7118	0.4845
21	22	0.9989	0.5726	0.3243
21	23	0.8506	0.0098	0.1340
