0	1	1.0000	0.6380	0.4698
0	2	0.5005	0.5844	0.5187
0	3	0.7503	0.6675	0.5231
1	2	0.9119	0.9010	0.3321
1	3	0.9503	0.6261	0.5972
1	4	0.8001	0.5744	0.4844
1	5	0.6007	0.6186	0.5964
1	6	0.5006	0.4056	0.4674
2	3	0.9996	0.7307	0.5095
3	4	0.9993	0.6317	0.4892
3	5	0.8672	0.6103	0.5148
3	6	0.6017	0.6466	0.4456
3	7	0.7002	0.5881	0.6533
4	5	0.9993	0.7297	0.3996
5	6	0.9002	0.5733	0.5302
5	7	0.8502	0.4817	0.5530
5	8	0.7502	0.7705	0.4731
6	7	0.9000	0.6817	0.6050
6	8	0.9500	0.7000	0.4895
7	8	0.9002	0.6858	0.5382
7	10	0.7010	0.6506	0.5783
8	9	0.8502	0.6793	0.5945
8	10	0.7502	0.5459	0.4644
8	11	0.5008	0.5403	0.3824
9	10	0.9496	0.5931	0.4307
9	11	0.7506	0.3653	0.6091
9	17	0.5006	0.5607	0.6654
10	11	0.9494	0.6975	0.5518
10	13	0.5523	0.6076	0.3411
10	15	0.9992	0.6685	0.5981
10	16	0.8997	0.6151	0.5283
10	17	0.9998	0.6464	0.5769
10	18	0.9995	0.6166	0.5127
11	12	0.6997	0.7584	0.5622
11	13	0.7002	0.5798	0.6067
11	15	0.6998	0.7564	0.5039
11	16	0.6009	0.6561	0.4563
11	17	0.7999	0.7626	0.8477
12	13	0.8999	0.7900	0.1791
12	15	0.9481	0.6608	0.2357
12	17	0.9977	0.7893	0.5537
12	18	0.7495	0.3774	0.4165
13	14	0.9998	0.7934	0.3822
13	15	0.9973	0.3083	0.5536
13	16	0.9978	0.3942	0.5224
13	17	0.9974	0.3541	0.5101
13	18	0.8995	0.5714	0.2577
13	21	0.5009	0.5020	0.2684
14	15	0.9985	0.5865	0.3334
14	16	0.8996	0.5513	0.4678
14	17	0.9998	0.4913	0.7915
15	16	0.9988	0.4971	0.5011
15	17	0.9497	0.5047	0.5584
15	18	0.8985	0.6834	0.2435
16	17	0.9999	0.5554	0.4737
16	18	0.7005	0.3337	0.2133
17	18	0.9988	0.9872	0.1855
17	19	0.9004	0.8685	0.7383
17	20	0.7478	0.4320	0.5011
17	22	0.6504	0.7434	0.4287
18	19	1.0000	0.8030	0.3749
18	23	0.7481	0.8888	0.3883
19	21	0.6505	0.6256	0.6070
19	22	1.0000	0.5400	0.8753
19	23	0.6006	0.3240	0.5405
20	21	0.9490	0.5242	0.4765
20	22	0.5522	0.3548	0.3769
21	22	0.7006	0.6878	0.4120
22	23	0.9486	0.9042	0.6763
