0	1	0.9491	0.8921	0.2500
0	2	0.9491	0.5561	0.1484
0	3	0.8008	0.8085	0.4498
0	4	0.8487	0.5828	0.1761
0	9	0.6433	0.5972	0.8553
1	2	0.9999	0.3352	0.5379
1	9	0.6005	0.1006	0.3248
1	13	0.7500	0.3348	0.5793
1	14	0.9995	0.2547	0.3614
1	20	0.9993	0.2468	0.6680
1	22	0.9988	0.2758	0.6052
2	3	0.9999	0.5983	0.6895
2	4	0.9991	0.1263	0.1094
2	7	1.0000	0.3148	0.6412
2	8	0.9977	0.5547	0.8015
2	9	0.9997	0.5067	0.3949
2	10	0.8505	0.0746	0.5428
2	12	0.9998	0.5281	0.6273
2	13	0.9994	0.4577	0.6649
2	14	0.9464	0.4584	0.1550
3	4	0.9998	0.8570	0.3146
3	5	1.0000	0.8547	0.1304
3	6	0.9961	0.9942	1.0000
3	7	1.0000	0.4588	0.8145
3	8	0.9481	0.2737	0.1463
3	9	0.9998	0.4691	0.5760
3	10	0.6480	0.1986	0.3552
3	12	0.9996	0.6252	0.9307
4	5	0.9996	0.5063	0.4155
4	6	0.9501	0.4251	0.9355
4	7	0.9930	0.3768	0.2473
4	9	0.8990	0.2573	0.8263
5	6	0.9980	0.9961	0.0125
5	7	0.8993	0.5819	0.0469
5	10	0.7994	0.3736	0.0953
7	8	0.9980	0.9877	0.1470
7	9	0.9996	0.6020	0.5661
7	10	0.9988	0.7007	0.4545
7	12	0.7496	0.5886	0.3254
7	20	0.9999	0.9556	0.1923
7	22	0.9999	0.8866	0.2942
8	9	0.9978	0.5778	0.6232
9	10	0.9988	0.9541	0.6699
9	11	0.9984	0.9957	0.9250
9	12	0.9999	0.4536	0.4817
9	13	0.9497	0.4031	0.4274
9	20	0.9989	0.5526	0.1832
9	22	0.9997	0.6342	0.1933
10	11	0.8994	0.4229	0.2396
10	20	0.6010	0.4927	0.0868
11	12	0.9972	0.9992	0.0165
11	20	0.9501	0.2208	0.2685
11	22	0.9980	0.2183	0.4943
12	13	1.0000	0.6419	0.4866
12	14	1.0000	0.5451	0.4528
12	15	0.9500	0.8083	0.3228
12	20	0.9998	0.4606	0.5228
12	22	0.9998	0.3065	0.4866
13	14	0.9998	0.4278	0.5071
13	15	1.0000	0.5383	0.3080
13	20	1.0000	0.6853	0.8267
13	22	0.9999	0.6955	0.8144
14	15	0.9898	0.5379	0.1194
14	20	1.0000	0.5362	0.8314
14	22	0.9999	0.6671	0.7952
15	20	0.9991	0.6757	0.6976
15	22	0.9987	0.8283	0.7085
16	17	0.9987	0.9878	0.7643
16	18	0.9995	0.8454	0.6590
16	19	0.9998	0.6316	0.4609
16	20	0.9990	0.8982	0.6010
16	21	0.9992	0.4640	0.2568
16	26	0.9983	0.4591	0.4596
17	18	0.5986	0.6882	0.4156
17	19	1.0000	0.5073	0.9489
18	19	0.9999	0.5496	0.3966
18	21	0.9985	0.3094	0.3396
19	20	0.9998	0.3733	0.4221
19	21	0.9992	0.3653	0.3960
19	26	0.9999	0.0387	0.4910
20	21	1.0000	0.4453	0.3679
20	23	0.7493	0.5591	0.1596
20	25	0.9996	0.7285	0.5899
21	22	1.0000	0.3748	0.4905
21	23	0.9491	0.5139	0.4065
21	24	0.9988	0.7357	0.4984
21	25	1.0000	0.5785	0.3436
21	26	0.9995	0.0917	0.3441
22	23	0.9998	0.6113	0.2899
22	24	0.9994	0.5793	0.2149
22	25	0.9991	0.6375	0.4699
23	24	0.9999	0.6406	0.4190
23	25	0.9995	0.4641	0.4953
23	26	0.9994	0.0693	0.2812
24	25	1.0000	0.5102	0.4036
24	26	1.0000	0.9346	0.0859
25	26	1.0000	0.6010	0.3187
