0	1	0.9987	0.7720	0.2023
0	2	0.9999	0.2932	0.7917
0	3	0.9994	0.6842	0.2300
0	4	0.8502	0.4415	0.8021
0	6	0.9985	0.8908	0.1478
1	2	0.9998	0.7598	0.4143
1	3	0.9997	0.5022	0.4938
1	4	1.0000	0.7466	0.6581
1	5	0.9988	0.2990	0.7097
1	6	1.0000	0.4896	0.6111
1	7	0.5506	0.6211	0.4459
2	3	1.0000	0.5996	0.4524
2	4	1.0000	0.3617	0.8070
2	5	0.9991	0.7602	0.4827
2	6	1.0000	0.5077	0.7367
3	4	0.9995	0.7458	0.5488
3	5	1.0000	0.5019	0.5611
3	6	0.9992	0.5242	0.5344
3	7	0.6007	0.6192	0.4598
4	5	0.9998	0.8189	0.4415
4	6	1.0000	0.6606	0.5328
5	6	0.9992	0.6903	0.3808
5	7	0.6003	0.6341	0.4678
6	7	0.8986	0.7357	0.3335
6	8	0.6480	0.4167	0.4031
7	8	0.9994	0.5437	0.5316
7	9	0.9493	0.3203	0.7298
8	9	0.9993	0.6115	0.6951
8	10	0.6500	0.2326	0.3280
9	10	0.9978	0.9412	0.1460
9	12	0.7500	0.4350	0.5104
10	11	0.9982	0.5707	0.0365
10	12	0.5028	0.3049	0.7108
11	12	0.9989	0.7574	0.6059
11	13	0.9992	0.5554	0.4983
11	14	0.8499	0.8071	0.5007
11	15	0.6506	0.6790	0.5356
12	13	0.9999	0.6841	0.4371
12	15	0.8502	0.6952	0.3498
13	14	0.9999	0.7555	0.5440
13	15	0.9975	0.4491	0.5376
13	16	0.9993	0.5182	0.4572
13	18	0.7995	0.4897	0.5533
14	15	0.9497	0.5295	0.5821
14	16	0.9998	0.5405	0.5404
14	18	0.7009	0.5658	0.3420
15	16	0.9489	0.5456	0.4330
16	18	0.9992	0.5864	0.6999
17	18	0.8499	0.3556	0.2198
18	19	0.6505	0.6322	0.2839
18	21	0.9982	0.7872	0.4172
18	22	0.5511	0.3995	0.3873
19	20	0.9991	0.8889	0.5760
19	21	0.9987	0.5669	0.5633
19	22	0.9994	0.8948	0.4722
19	23	0.9985	0.5721	0.5490
19	24	0.9491	0.7999	0.7266
19	25	0.9988	0.6476	0.7096
19	26	0.5514	0.5003	0.3784
20	21	0.9998	0.5786	0.6632
20	22	0.7502	0.4562	0.4777
20	23	0.9992	0.4991	0.6472
20	24	0.8999	0.3719	0.6478
20	25	0.9000	0.5904	0.6319
20	26	0.5012	0.3559	0.5798
21	22	0.9993	0.7457	0.5334
21	24	0.7505	0.6792	0.6070
21	25	0.9994	0.5852	0.5726
21	33	0.5690	0.5279	0.5903
22	23	0.9997	0.5626	0.6185
22	24	0.9999	0.3459	0.4740
22	25	0.5504	0.5822	0.3806
23	24	0.8496	0.6108	0.6276
23	25	0.9495	0.4141	0.3869
23	26	0.8002	0.1873	0.4753
24	25	0.8504	0.7838	0.3562
24	26	0.5526	0.8368	0.3281
25	26	0.9993	0.9049	0.4284
25	27	0.8994	0.6634	0.2205
25	31	0.7001	0.4188	0.5164
26	27	0.9986	0.7792	0.1146
26	28	0.9001	0.3864	0.6488
26	30	0.7993	0.5370	0.4787
26	31	0.9996	0.7850	0.7684
26	32	0.9997	0.5998	0.7821
27	28	0.9995	0.8814	0.4524
27	29	0.8994	0.5257	0.4948
27	30	0.9990	0.6968	0.6145
27	31	0.9989	0.6584	0.6588
27	32	0.9996	0.6151	0.4574
27	33	0.9995	0.2719	0.5341
28	29	0.9998	0.6276	0.4541
28	30	0.9994	0.5295	0.3798
28	31	0.9994	0.4710	0.4808
28	32	0.9996	0.4795	0.7164
29	30	0.5502	0.4835	0.4578
29	31	0.9496	0.6381	0.5737
29	32	0.8001	0.6983	0.4841
30	31	0.9498	0.5823	0.5099
30	32	0.9996	0.5862	0.5073
30	33	0.9994	0.6961	0.4367
31	32	0.9998	0.4482	0.5402
31	33	0.9990	0.5456	0.3933
32	33	0.9999	0.8550	0.4009
