0	1	0.9012	0.9571	0.2339
0	2	0.7498	0.9962	0.4949
0	3	0.7503	0.9555	0.3406
0	4	0.9995	0.5752	0.7508
0	5	0.9984	0.6118	0.3510
0	6	1.0000	0.9754	0.6903
0	7	0.9996	0.6633	0.2732
0	9	0.7499	0.6060	0.2336
0	11	0.9997	0.6467	0.4544
0	13	0.9500	0.8933	0.8841
0	14	0.5017	0.2401	0.5919
0	15	0.9995	0.5335	0.5664
0	16	0.5501	0.8453	0.7206
0	17	0.8978	0.7613	0.6190
0	18	0.9996	0.5577	0.6746
0	19	1.0000	0.3636	0.8205
0	20	0.6003	0.4826	0.4655
0	22	0.8994	0.6381	0.6972
0	23	0.8495	0.4712	0.7460
1	2	0.9977	0.7649	0.0674
1	3	0.7010	0.5125	0.5561
1	5	0.5511	0.1734	0.6615
1	6	0.7002	0.1980	0.3114
1	19	0.8488	0.6278	0.1237
2	3	0.9991	0.8931	0.4377
2	6	0.9977	0.4197	0.2294
2	12	0.9503	0.3723	0.9577
3	6	0.9994	0.7099	0.4229
4	5	0.9980	0.6772	0.0978
4	6	1.0000	0.5531	0.9346
4	7	0.9983	0.5803	0.0282
4	18	0.7503	0.7193	0.5697
5	6	0.9996	0.8661	0.6893
5	7	0.9989	0.5433	0.4758
5	9	0.8986	0.6578	0.4755
5	11	0.9970	0.6008	0.7046
5	15	0.9974	0.5578	0.7280
5	18	0.9990	0.4233	0.8109
5	19	0.6006	0.2533	0.3677
6	7	0.9979	0.6965	0.2678
6	8	0.9997	0.3135	0.8354
6	9	0.5491	0.6172	0.0692
7	8	0.9997	0.7050	0.5990
7	9	0.9995	0.5418	0.4771
7	10	0.9985	0.9163	0.5393
7	11	0.9996	0.5245	0.5014
7	15	0.9983	0.4999	0.4964
7	18	0.6989	0.4274	0.5795
8	9	1.0000	0.5805	0.3636
8	10	1.0000	0.3474	0.5949
8	11	0.9473	0.6956	0.0191
9	10	0.9992	0.6960	0.5102
9	11	0.9995	0.4954	0.4693
9	12	0.8996	0.9996	0.3009
9	13	0.5003	0.8504	0.5428
9	15	0.9994	0.4508	0.3518
10	11	0.9999	0.6236	0.3022
10	13	0.9505	0.1840	0.9190
10	15	0.7500	0.6704	0.0003
11	12	0.9983	0.9968	0.3078
11	13	0.9983	0.9244	0.6938
11	14	0.9496	0.0127	0.5499
11	15	0.9998	0.5899	0.4900
11	18	0.9991	0.5767	0.4229
12	13	0.9997	0.6630	0.2069
12	15	1.0000	0.1984	0.9610
12	16	0.9986	0.4959	0.3302
12	17	0.6733	0.3484	0.2375
13	14	0.9965	0.9868	0.1880
13	15	0.9992	0.7995	0.5011
13	16	0.5649	0.1838	0.6340
13	17	0.9997	0.4980	0.4903
13	18	0.7019	0.8201	0.2428
14	15	0.9975	0.6759	0.0158
14	18	0.8495	0.7940	0.0321
15	16	0.7002	0.9757	0.5466
15	17	0.9986	0.5877	0.5374
15	18	0.9998	0.4954	0.4812
16	17	0.9981	0.6182	0.2499
16	18	0.8993	0.5765	0.7372
16	22	0.9995	0.1911	0.3699
17	18	0.9979	0.5849	0.2306
18	19	0.8000	0.8387	0.5907
18	22	0.7498	0.8405	0.4321
19	21	0.9999	0.4677	0.7806
19	22	0.9992	0.3803	0.6337
20	21	0.7496	0.4646	0.8927
20	22	0.9480	0.7008	0.5916
21	22	1.0000	0.8644	0.2939
22	23	0.9998	0.8258	0.1954
