0	1	0.9983	0.9849	0.4423
0	2	0.9994	0.7387	0.4327
0	3	0.9995	0.5113	0.5347
0	4	0.9501	0.9191	0.3675
0	5	0.9999	0.6810	0.4062
0	6	0.9013	0.9769	0.1346
1	2	0.9965	0.9069	0.0115
1	3	0.9996	0.4528	0.9705
1	4	0.5509	0.5949	0.4349
1	6	0.8498	0.3868	0.2174
2	3	1.0000	0.7096	0.3929
2	4	0.8010	0.4142	0.4027
2	5	0.6498	0.4579	0.4247
2	9	0.8499	0.3303	0.8002
2	12	0.7998	0.4117	0.6581
2	20	0.9003	0.1300	0.5740
3	4	0.9995	0.8187	0.4894
3	5	0.9995	0.6039	0.3602
3	6	0.9989	0.9928	0.2309
3	9	0.7498	0.6821	0.2837
4	5	0.9997	0.4757	0.4731
4	6	0.9993	0.2122	0.2815
4	7	0.7501	0.5940	0.3574
5	6	0.9984	0.9609	0.3337
5	7	0.8994	0.7586	0.4631
5	9	0.9989	0.8332	0.5910
6	7	0.9482	0.7606	0.0688
6	8	0.8482	0.9343	0.5079
6	9	0.9995	0.2418	0.6947
6	10	0.9988	0.5955	0.7134
6	11	0.7502	0.4906	0.4956
6	12	0.9482	0.5623	0.1954
7	8	0.8499	0.7486	0.5347
7	9	0.9982	0.6730	0.1864
7	10	0.8987	0.2185	0.6643
7	12	0.6005	0.5381	0.2614
7	19	0.8000	0.4720	0.2740
8	9	0.7503	0.7300	0.0117
9	10	0.9987	0.8685	0.5344
9	11	0.9983	0.7649	0.5567
9	12	0.9988	0.7977	0.7324
9	13	0.9986	0.5013	0.3291
9	14	0.6503	0.5893	0.6086
9	15	0.7005	0.6718	0.6223
9	19	0.7990	0.5742	0.5135
9	24	0.6006	0.7799	0.6549
9	25	0.6004	0.4126	0.2394
10	11	0.9989	0.6399	0.8127
10	12	0.9984	0.5383	0.5308
10	13	0.9993	0.7674	0.5331
10	14	0.9482	0.5739	0.5510
10	15	0.8492	0.7886	0.6120
10	17	0.5002	0.5381	0.2983
10	19	0.9978	0.5315	0.5692
10	24	0.7989	0.5734	0.5502
10	25	0.8583	0.4493	0.1652
11	12	0.9479	0.7265	0.3660
11	14	0.9985	0.7952	0.3576
11	19	0.8996	0.6646	0.4456
12	13	0.9002	0.5513	0.4049
12	14	0.9979	0.5324	0.5653
12	15	0.6010	0.8684	0.3162
12	19	0.8981	0.4936	0.5414
13	14	0.9985	0.5696	0.2934
13	17	0.8002	0.6200	0.5398
13	18	0.5002	0.7297	0.6529
13	19	0.9998	0.6656	0.3774
14	17	0.8996	0.5691	0.5962
14	19	0.9983	0.4915	0.5108
15	16	0.8999	0.7612	0.4838
15	23	0.5509	0.5272	0.3721
15	25	0.9504	0.5233	0.4915
15	26	0.9496	0.6471	0.4752
16	17	0.7995	0.8087	0.1417
16	25	0.8997	0.3672	0.5941
16	26	0.8991	0.6086	0.5806
17	18	0.7490	0.8604	0.4057
17	19	0.9490	0.6096	0.3943
17	23	0.6510	0.4057	0.9119
17	24	0.5021	0.4155	0.1141
17	25	0.5507	0.4779	0.6267
18	19	0.9992	0.6873	0.1819
19	20	0.5007	0.8214	0.4506
19	23	0.9997	0.8560	0.9399
19	24	0.9996	0.7078	0.4328
20	21	0.7004	0.6654	0.3805
20	22	0.7000	0.7511	0.4458
20	23	0.9998	0.6784	0.3443
21	22	0.9999	0.8633	0.6263
21	23	0.9983	0.8413	0.3842
22	23	0.9990	0.6182	0.1221
23	24	0.9976	0.9692	0.6232
23	25	0.9996	0.8860	0.4896
23	26	0.6997	0.7796	0.7039
24	25	0.9991	0.4780	0.3497
25	26	0.9997	0.9086	0.2720
