0	3	0.9995	0.6525	0.7922
0	32	0.9489	0.6587	0.2119
0	38	0.5997	0.3637	0.7629
0	39	0.5509	0.2772	0.3028
0	40	0.7997	0.4017	0.7123
0	41	0.9988	0.1565	0.9911
0	42	0.9988	0.6045	0.5169
0	43	0.9991	0.5046	0.7067
0	45	0.7501	0.3056	0.6533
1	2	0.5509	0.5317	0.2529
1	41	0.5997	0.4508	0.9493
1	43	0.6495	0.6006	0.5992
2	3	0.7992	0.5786	0.3249
2	4	0.9995	0.7559	0.4577
2	5	0.9997	0.7973	0.4670
2	6	0.9980	0.6783	0.2110
2	8	0.7002	0.5219	0.4124
2	9	0.8990	0.5193	0.5331
2	41	0.9995	0.5328	0.6119
2	42	0.9994	0.7120	0.6742
2	43	0.9997	0.6303	0.5101
2	45	1.0000	0.5889	0.3999
3	4	0.9993	0.5779	0.5190
3	5	0.9003	0.3987	0.5303
3	6	0.9993	0.5202	0.4369
3	8	0.9489	0.5986	0.7874
3	9	0.9993	0.5857	0.5994
3	41	0.7999	0.2237	0.5999
3	42	0.9993	0.2533	0.3126
3	43	0.8485	0.4700	0.5764
3	45	0.7003	0.1682	0.3655
4	5	0.9988	0.4224	0.5005
4	6	0.9490	0.5246	0.3788
4	8	0.9979	0.6282	0.6846
4	9	0.9999	0.5569	0.5015
4	10	0.9986	0.6861	0.7044
4	13	0.7020	0.8753	0.3352
4	41	0.8992	0.3217	0.6684
4	42	0.9482	0.2093	0.5302
4	43	0.8497	0.5355	0.6730
4	45	0.9993	0.6164	0.6664
5	6	0.9990	0.4744	0.4058
5	8	0.9992	0.4844	0.4606
5	9	1.0000	0.4469	0.5515
5	10	1.0000	0.4590	0.7022
5	45	0.9986	0.7665	0.3971
6	8	0.9986	0.6745	0.5805
6	9	0.9989	0.4331	0.5083
6	10	0.9996	0.5806	0.6651
6	11	0.5020	0.8208	0.3630
6	13	0.6997	0.7451	0.1149
8	9	1.0000	0.7109	0.3428
8	10	0.9988	0.5463	0.6666
8	11	0.9490	0.8202	0.5254
8	13	0.8500	0.7964	0.3879
8	14	1.0000	0.8113	0.3586
9	10	0.9996	0.4074	0.5636
9	12	0.8483	0.5884	0.5817
9	13	0.9998	0.7958	0.4571
9	14	0.9986	0.3547	0.4381
9	15	0.6006	0.2304	0.8221
10	11	0.9999	0.5893	0.4540
10	12	0.9976	0.9221	0.4735
10	13	0.9983	0.6319	0.2469
10	14	0.5966	0.4115	0.3086
10	15	0.9502	0.5699	0.5934
10	17	0.5011	0.4541	0.2092
11	12	0.9968	0.8358	0.1481
11	13	0.6990	0.5450	0.2758
11	14	0.9988	0.5282	0.2433
11	15	0.9999	0.7165	0.5229
11	17	0.9976	0.8769	0.0142
12	18	0.8989	0.9143	0.6785
13	14	0.9997	0.5786	0.4883
13	15	0.9993	0.6921	0.6960
13	16	0.6016	0.7860	0.0341
13	20	0.9986	0.9111	0.5064
13	21	0.9489	0.9739	0.7224
14	15	1.0000	0.4042	0.4976
14	16	0.9999	0.4073	0.4079
14	17	0.9963	0.6577	0.0337
14	18	0.7497	0.2572	0.4832
14	19	0.5993	0.2962	0.4925
14	20	0.9978	0.3695	0.3932
14	21	0.9991	0.3616	0.4229
15	16	1.0000	0.5048	0.5405
15	17	0.9972	0.3744	0.1236
15	18	0.9490	0.5872	0.7799
15	19	0.9997	0.4829	0.7627
15	20	0.9997	0.4238	0.3921
15	21	0.9996	0.4215	0.5056
15	22	0.8003	0.3188	0.5511
16	17	0.9995	0.9653	0.1711
16	18	0.7001	0.5984	0.7446
16	19	0.9997	0.5442	0.7662
16	20	0.9997	0.5986	0.4157
16	21	0.9989	0.5854	0.5873
16	22	0.8996	0.5758	0.8747
16	23	0.5011	0.5188	0.5930
17	18	0.9998	0.8263	0.6280
17	19	0.6989	0.2448	0.3070
18	19	0.9967	0.9433	0.0204
19	20	0.9987	0.9706	0.5410
19	21	0.9986	0.9820	0.5424
19	22	1.0000	0.9046	0.4891
19	23	0.9992	0.9416	0.4921
19	24	0.8498	0.8784	0.3275
19	25	0.7994	0.9480	0.6647
20	21	0.9997	0.5250	0.5300
20	22	0.9993	0.4329	0.5772
20	23	0.9491	0.3513	0.4845
20	24	0.9995	0.4369	0.5066
20	25	0.9995	0.5606	0.4709
21	22	0.9995	0.5721	0.5673
21	23	0.9995	0.5737	0.4054
21	24	0.9995	0.4654	0.4266
21	25	0.9989	0.3537	0.4559
21	26	0.9494	0.5731	0.6066
22	23	0.9996	0.6725	0.4860
22	24	0.9997	0.5403	0.4290
22	25	0.9993	0.3473	0.6054
22	26	0.9991	0.4694	0.6548
22	27	0.7505	0.2916	0.4451
23	24	0.8997	0.5424	0.4210
23	25	0.9993	0.3312	0.6828
23	26	0.9985	0.4522	0.2957
23	27	0.6502	0.3528	0.4956
23	28	0.7005	0.3381	0.4542
23	29	0.5508	0.4205	0.4759
24	25	1.0000	0.5607	0.4975
24	26	0.9991	0.5795	0.3907
24	27	0.9973	0.9056	0.5299
24	28	0.6504	0.7659	0.4026
24	31	0.5004	0.6678	0.4075
24	32	0.9992	0.3563	0.6245
24	33	1.0000	0.7024	0.3870
25	26	0.9999	0.5978	0.6325
25	27	0.6989	0.4099	0.5126
25	28	0.9996	0.4601	0.6617
25	29	0.9990	0.5184	0.7190
25	30	0.9479	0.6185	0.9288
25	31	0.7500	0.4249	0.3585
25	32	0.9993	0.5792	0.4889
25	33	0.9994	0.4493	0.3349
25	34	0.6999	0.2746	0.4324
26	27	0.9978	0.7965	0.6992
26	28	0.9993	0.4846	0.4862
26	29	0.9996	0.6786	0.3683
26	30	0.9983	0.5629	0.7850
26	31	0.9490	0.5719	0.5851
26	32	0.7063	0.0972	0.4327
26	33	0.8016	0.5379	0.2743
27	28	0.9487	0.5524	0.7840
27	29	0.7006	0.6030	0.7813
27	30	0.7496	0.4615	0.6688
27	31	0.6002	0.4761	0.3380
28	29	0.9999	0.7939	0.5167
28	30	0.9988	0.7435	0.9669
28	31	0.7995	0.5819	0.2819
28	33	0.6003	0.6618	0.6003
29	30	0.9990	0.7022	0.8581
29	31	0.9997	0.6084	0.4030
30	31	0.9949	0.8526	0.2918
32	33	0.9952	0.5409	0.0502
32	34	0.5002	0.4359	0.1391
32	36	0.9975	0.5997	0.1278
32	39	0.7020	0.6809	0.2498
33	34	0.9996	0.4546	0.3458
33	35	0.9988	0.5222	0.7490
33	36	0.9996	0.4500	0.4447
33	37	0.9996	0.7334	0.4096
33	38	0.7003	0.1932	0.3767
33	39	0.9989	0.4848	0.3392
33	40	0.7993	0.4340	0.4220
34	35	0.9959	0.8038	0.2263
34	36	1.0000	0.4112	0.3516
34	37	0.9965	0.3792	0.4509
34	38	0.9975	0.6747	0.3462
34	39	0.9989	0.5560	0.3075
34	40	0.7014	0.4557	0.1376
35	36	0.9971	0.6155	0.2965
35	37	0.9996	0.2252	0.9603
35	39	0.9983	0.7195	0.1665
36	37	1.0000	0.4919	0.4961
36	38	0.7987	0.3829	0.5905
36	39	0.9984	0.3998	0.3500
36	40	0.9992	0.4890	0.5220
37	38	0.8977	0.6832	0.1679
37	39	0.9990	0.7615	0.3827
37	40	0.8992	0.8876	0.3277
38	39	0.9993	0.6120	0.3911
38	40	0.9496	0.6582	0.5679
38	42	0.7990	0.7292	0.1069
39	40	1.0000	0.6408	0.3801
39	41	0.9997	0.6715	0.3519
39	42	0.9996	0.6468	0.2032
39	43	0.9997	0.5432	0.4822
39	45	0.8986	0.7182	0.1631
40	41	0.9999	0.4996	0.4418
40	42	0.9981	0.5314	0.2300
40	43	1.0000	0.5930	0.5066
40	44	0.6013	0.2373	0.3764
40	45	0.9988	0.7231	0.2552
41	42	0.7987	0.5033	0.4039
41	43	0.9991	0.7014	0.5933
41	45	0.9999	0.8432	0.4409
42	43	1.0000	0.5949	0.6870
42	45	0.8001	0.7014	0.2728
43	45	1.0000	0.5893	0.4644
