0	1	0.9998	0.7428	0.3574
0	2	1.0000	0.6603	0.8368
0	3	0.9998	0.8794	0.7436
0	4	0.9493	0.9624	0.3254
0	8	0.6004	0.5504	0.4942
0	10	0.9973	0.8137	0.2048
0	16	0.7984	0.9599	0.6766
0	17	0.9989	0.8559	0.7764
1	2	1.0000	0.6189	0.5283
1	3	0.9996	0.7857	0.6175
1	5	0.7008	0.8990	0.2624
1	8	0.9493	0.4307	0.6131
1	16	0.5055	0.8383	0.5971
1	17	0.9998	0.8742	0.6673
2	3	1.0000	0.6165	0.5157
2	5	0.9187	0.2377	0.5996
2	8	0.9496	0.8101	0.6237
3	4	0.9996	0.6585	0.5997
3	5	0.9992	0.2735	0.2453
3	6	0.5509	0.3949	0.4801
3	8	0.9495	0.5285	0.5924
3	10	0.9993	0.4913	0.7303
3	11	0.9999	0.7172	0.6393
3	12	0.7005	0.4709	0.5422
3	16	0.5507	0.5247	0.5524
3	17	0.9496	0.6954	0.6383
4	5	0.9984	0.6891	0.1600
4	10	0.7494	0.5328	0.6958
4	11	0.9979	0.5816	0.7692
4	12	0.7991	0.4284	0.5430
4	17	0.6997	0.4497	0.4233
5	6	0.9500	0.8914	0.4721
5	7	0.8475	0.8817	0.6475
5	8	0.8501	0.3371	0.3820
5	9	0.8481	0.4583	0.3648
5	10	0.9998	0.4629	0.3632
5	11	0.9497	0.1844	0.4765
5	12	0.9988	0.0778	0.7526
5	16	0.6494	0.1157	0.3949
6	7	0.9973	0.9146	0.3394
6	10	0.9972	0.6688	0.0684
8	9	0.9000	0.6309	0.5778
8	10	0.9980	0.6901	0.1210
8	17	0.9998	0.7510	0.5572
8	18	0.5507	0.4906	0.4686
9	10	0.8981	0.5743	0.0439
10	11	0.9998	0.8396	0.6138
10	12	0.9486	0.5743	0.7993
10	14	0.8003	0.6134	0.5851
10	16	0.7032	0.7103	0.4343
10	17	1.0000	0.7425	0.6327
11	12	0.9994	0.8028	0.6600
11	14	0.8504	0.6613	0.4166
11	16	0.9987	0.6880	0.5609
11	17	0.9992	0.5524	0.5023
12	13	0.9996	0.7057	0.4424
12	14	0.9986	0.5462	0.6283
12	16	0.6504	0.5996	0.4433
12	17	0.9995	0.7542	0.5518
13	14	0.9996	0.7056	0.6158
13	17	0.7997	0.3950	0.4254
14	15	0.8992	0.6542	0.4817
14	16	0.9979	0.6617	0.4745
14	17	0.9497	0.4945	0.4605
15	16	0.9994	0.6028	0.2879
15	17	0.8999	0.5065	0.3987
16	17	1.0000	0.6056	0.5523
17	18	0.9979	0.8912	0.1264
17	24	0.5499	0.4439	0.4955
18	19	0.8500	0.8382	0.4577
18	20	0.9999	0.8941	0.3835
19	20	0.8492	0.6754	0.3314
20	33	0.6505	0.6232	0.2623
20	36	0.5009	0.5115	0.2357
21	22	0.6008	0.6090	0.3684
21	33	0.7492	0.2730	0.6193
22	23	0.9489	0.5881	0.4922
22	24	0.5502	0.3777	0.3877
22	25	0.5374	0.4226	0.4633
22	26	0.5506	0.6677	0.4267
22	27	0.8000	0.5657	0.3497
22	32	0.5994	0.6099	0.3647
23	24	0.9984	0.5828	0.3472
23	25	0.7501	0.5029	0.6330
23	27	0.8009	0.6036	0.3224
23	28	0.5504	0.4782	0.2524
24	25	0.8000	0.6254	0.5663
24	26	0.9500	0.5763	0.5302
24	27	0.9999	0.6179	0.4499
24	28	0.9496	0.6457	0.5226
24	29	0.8478	0.4736	0.6499
24	30	0.7504	0.1544	0.3092
24	32	0.7497	0.6033	0.4789
25	26	0.8996	0.6352	0.5219
25	27	0.9993	0.7389	0.4632
25	28	0.8708	0.5785	0.5368
25	32	0.9982	0.6973	0.8354
26	27	0.9988	0.7710	0.2965
26	28	0.9000	0.5023	0.5627
26	30	0.6500	0.6361	0.3897
27	28	0.9994	0.4761	0.4585
27	29	0.9984	0.4412	0.6226
27	32	0.8494	0.4742	0.7479
28	29	0.9980	0.5468	0.6169
28	30	0.5500	0.4229	0.1791
28	32	0.9987	0.5819	0.6250
28	33	0.9988	0.6753	0.7513
29	30	0.9985	0.9254	0.1927
29	31	0.5503	0.7323	0.3866
29	32	0.9998	0.6159	0.5113
29	33	0.8483	0.5081	0.7016
29	40	0.6502	0.7190	0.5723
30	31	0.9481	0.3928	0.1317
30	32	0.5508	0.3746	0.4233
31	32	0.7502	0.2858	0.3207
32	33	0.9986	0.8076	0.7658
33	34	0.9980	0.9680	0.4059
33	36	0.8494	0.5854	0.4960
33	41	0.9492	0.8986	0.6112
33	43	0.9005	0.6995	0.3367
34	35	0.9001	0.9473	0.4444
34	36	0.9497	0.6305	0.4469
34	37	0.6008	0.4011	0.8790
34	39	0.9997	0.4030	0.8644
34	40	0.7505	0.6660	0.4177
34	41	0.7000	0.5642	0.4041
34	43	0.9994	0.4974	0.5140
35	36	0.7999	0.4825	0.1960
36	37	0.9491	0.5804	0.5532
36	38	0.9498	0.6529	0.4170
36	39	0.8991	0.5187	0.6360
36	40	0.9000	0.4938	0.5062
36	41	0.9986	0.5839	0.5949
36	43	0.9498	0.5197	0.3594
37	38	0.9989	0.9454	0.6512
37	39	0.7004	0.5072	0.3055
37	40	1.0000	0.8840	0.5145
37	41	0.9994	0.6573	0.4728
37	42	0.9473	0.7319	0.8413
37	43	0.8502	0.5315	0.5212
38	39	0.9981	0.7357	0.4181
38	41	0.9980	0.8736	0.1300
38	43	0.9999	0.6090	0.7354
39	40	0.9987	0.6169	0.7079
39	41	0.9987	0.6123	0.2968
40	41	0.9976	0.8808	0.3873
40	43	0.9999	0.6615	0.8028
41	42	0.9478	0.7189	0.8413
41	43	0.9999	0.5602	0.4923
42	43	0.9964	0.8399	0.5042
