0	1	0.8474	0.8461	0.0891
0	2	1.0000	0.8037	0.9006
0	3	1.0000	0.5920	0.9221
0	7	0.8509	0.5099	0.3806
0	9	0.5502	0.2665	0.9233
0	18	0.8002	0.4626	0.7840
1	2	0.9996	0.5808	0.4133
1	3	0.9999	0.4735	0.8420
1	4	0.8493	0.5324	0.3361
1	5	0.6000	0.6940	0.6489
1	6	0.8718	0.4722	0.4007
1	7	0.9990	0.4193	0.5870
1	8	0.8001	0.6926	0.2468
2	3	1.0000	0.5875	0.4913
2	4	0.9988	0.5065	0.4733
2	5	0.8498	0.3265	0.4991
2	6	0.9995	0.4939	0.6695
2	7	0.9988	0.4861	0.5787
2	8	0.8998	0.3749	0.3144
3	4	0.9997	0.7337	0.4435
3	5	0.7500	0.2354	0.4661
3	6	0.9995	0.6345	0.6365
3	7	0.9994	0.7339	0.4665
3	8	0.9986	0.7519	0.3853
3	18	0.9994	0.7431	0.7695
4	5	0.9483	0.9467	0.4619
4	6	0.9991	0.5724	0.3682
4	7	0.9979	0.4378	0.6242
4	8	0.7999	0.5662	0.4925
4	9	0.7496	0.4212	0.4687
4	18	0.8485	0.3096	0.3897
5	6	0.7488	0.7106	0.0497
5	9	0.5510	0.4639	0.3325
6	7	0.9995	0.6294	0.4823
6	8	0.9986	0.5643	0.3618
6	9	0.6501	0.4483	0.4619
6	18	0.9491	0.7153	0.5232
7	8	0.9524	0.6510	0.4048
7	9	0.5502	0.4577	0.7338
7	18	0.5503	0.4597	0.6400
8	9	0.9976	0.5325	0.6510
8	10	0.7987	0.4534	0.6301
8	16	0.7960	0.4986	0.6833
8	17	0.6995	0.7121	0.5590
8	18	0.9496	0.6257	0.4300
9	10	0.9989	0.4978	0.5927
9	11	0.8507	0.5747	0.3971
9	12	0.6495	0.4756	0.5891
9	14	0.6504	0.4300	0.4592
9	15	0.9496	0.5780	0.5296
9	16	0.5494	0.2263	0.4775
9	17	0.5506	0.5844	0.4937
9	18	0.9999	0.6829	0.4271
10	11	0.9979	0.8961	0.3169
10	12	0.5511	0.6610	0.5156
10	13	0.9495	0.7219	0.3919
10	14	0.8195	0.4323	0.5792
10	15	0.9989	0.6675	0.5632
10	17	0.8984	0.7052	0.3526
10	18	0.9999	0.5633	0.4360
11	12	0.9985	0.9417	0.5237
11	13	0.5519	0.6339	0.2791
11	15	0.6005	0.4852	0.8309
11	18	0.9984	0.5955	0.4909
12	13	0.8997	0.4865	0.2063
12	18	0.6119	0.3590	0.2653
13	14	0.9971	0.6123	0.6338
13	15	0.9985	0.5322	0.6475
13	16	0.7491	0.2722	0.6814
13	18	0.9995	0.5797	0.3626
14	15	0.9994	0.5808	0.6023
14	16	0.8492	0.4952	0.7177
14	18	0.9995	0.5407	0.4161
15	16	0.9988	0.9738	0.7323
15	17	0.7001	0.9220	0.4942
15	18	0.8996	0.5807	0.3650
16	17	0.8492	0.8856	0.5484
17	18	0.9991	0.7359	0.2666
