0	1	0.7005	0.8726	0.1664
0	2	0.8001	0.7565	0.7964
0	3	0.9991	0.5200	0.3390
0	5	0.9499	0.2607	0.7154
1	2	0.9996	0.5574	0.4420
1	3	0.6009	0.1721	0.1134
2	3	0.9491	0.9552	0.1200
2	5	0.7002	0.6853	0.3049
2	9	0.7997	0.4864	0.3234
3	4	0.9997	0.7828	0.4940
3	5	0.9499	0.6397	0.7794
4	5	0.9503	0.6990	0.7176
4	6	0.7495	0.5262	0.3365
4	7	0.8505	0.5925	0.4600
5	6	0.9965	0.9524	0.1153
5	7	0.5002	0.4793	0.3272
6	7	0.9985	0.5209	0.2432
7	8	0.9995	0.7494	0.4253
7	10	0.5004	0.5441	0.3462
7	11	0.5464	0.5516	0.2176
7	12	0.9999	0.6632	0.5853
7	14	0.6006	0.4814	0.4084
8	9	0.9987	0.9050	0.7309
8	10	0.9996	0.6309	0.4341
8	12	0.7501	0.3712	0.5814
9	10	0.9983	0.9417	0.0431
9	12	0.7982	0.6610	0.6831
10	11	0.9998	0.8548	0.4057
10	12	0.9999	0.6943	0.4238
11	12	0.9983	0.5107	0.2821
12	13	0.9004	0.7498	0.4824
12	14	0.8502	0.5534	0.5339
13	14	1.0000	0.6603	0.6893
13	15	1.0000	0.6296	0.4851
13	16	0.5008	0.5639	0.4143
14	15	0.9501	0.6081	0.5373
14	16	0.6505	0.5752	0.3473
15	16	0.9995	0.6595	0.3082
16	17	1.0000	0.6706	0.4683
16	18	0.8501	0.6930	0.5426
16	19	0.7005	0.5637	0.4691
17	18	1.0000	0.5306	0.4375
17	19	0.9998	0.5430	0.5155
17	20	0.8998	0.5313	0.2907
18	19	0.9999	0.6232	0.5404
18	20	0.8999	0.5372	0.3402
19	20	0.7508	0.4892	0.4274
