0	1	1.0000	0.7177	0.4008
0	2	0.9999	0.6445	0.4181
0	3	0.5003	0.6064	0.4132
1	2	0.9992	0.5251	0.3969
2	3	0.9989	0.7051	0.3425
3	4	0.9984	0.8966	0.5097
3	5	0.9000	0.6576	0.3725
4	5	0.9985	0.6399	0.3947
4	6	0.7502	0.5510	0.4114
5	6	0.9986	0.4434	0.2186
5	7	0.7998	0.3953	0.4498
5	8	0.6000	0.4873	0.1990
5	12	0.9497	0.2778	0.3339
5	24	0.7499	0.2515	0.7607
5	27	0.6505	0.2345	0.5089
6	7	0.9999	0.7990	0.3545
6	8	0.9989	0.5497	0.5399
6	9	0.9988	0.8924	0.3236
6	11	0.9493	0.6395	0.6374
6	12	0.9980	0.5230	0.5760
6	13	0.7000	0.9218	0.4445
6	14	0.6994	0.4932	0.4300
7	8	0.9997	0.4104	0.5873
7	9	0.9495	0.3134	0.4981
7	10	0.9493	0.5528	0.5911
7	12	1.0000	0.2570	0.6162
7	13	0.7493	0.1662	0.4739
8	9	0.9996	0.8295	0.4256
8	12	0.8997	0.6056	0.5057
9	10	0.9995	0.8895	0.4486
9	11	0.6501	0.5384	0.5743
9	12	0.9502	0.3695	0.5590
9	13	0.5511	0.3616	0.4446
10	11	0.9489	0.6343	0.3812
10	12	0.8992	0.7265	0.3515
11	12	0.9998	0.7377	0.3379
11	13	0.9500	0.5862	0.7043
11	14	0.6002	0.6958	0.5888
12	13	0.8996	0.7962	0.4352
12	14	0.6001	0.6463	0.5251
12	15	0.5003	0.7364	0.4080
13	14	0.8991	0.5570	0.5019
13	15	0.5476	0.4316	0.5423
13	16	0.6500	0.4926	0.5170
14	15	0.7004	0.8301	0.4598
14	16	0.7002	0.5211	0.4893
14	21	0.5151	0.4312	0.4358
15	16	0.9488	0.3808	0.4186
15	18	0.7705	0.5339	0.5321
15	20	0.7000	0.5633	0.4780
15	21	0.5501	0.4781	0.6446
16	17	0.7993	0.4822	0.4540
16	18	0.5504	0.5483	0.5457
16	19	0.9489	0.2717	0.6322
16	21	0.9986	0.5028	0.4586
17	18	0.9498	0.9378	0.4051
17	19	0.8537	0.6432	0.5994
17	20	0.7504	0.5189	0.6008
17	21	0.7472	0.4084	0.4260
17	24	0.5499	0.3742	0.4148
18	19	0.9995	0.6141	0.4483
18	20	0.8503	0.5814	0.3188
18	21	0.8008	0.3802	0.8824
18	22	0.5520	0.4523	0.3674
18	23	0.7002	0.5776	0.2928
19	20	0.9991	0.7303	0.2402
19	21	0.9999	0.6857	0.5656
19	22	0.6883	0.7700	0.4952
19	23	0.6008	0.6887	0.6713
19	24	0.7993	0.6845	0.2731
20	21	0.9491	0.5395	0.5183
21	22	0.9495	0.9105	0.1711
21	23	0.7499	0.4972	0.7704
21	24	0.9491	0.5591	0.5793
22	23	0.9999	0.6562	0.6635
22	24	0.6999	0.3065	0.3631
22	26	0.6007	0.5415	0.6212
23	24	0.9996	0.9412	0.1391
23	27	0.7015	0.8643	0.1465
24	25	0.5005	0.9282	0.1452
24	26	0.9998	0.2153	0.7982
24	27	0.8949	0.4655	0.4266
25	26	0.9983	0.7624	0.3838
26	27	0.9983	0.8124	0.1525
26	39	0.5505	0.4172	0.5878
26	43	0.6005	0.5117	0.1224
27	39	0.5507	0.4922	0.4607
27	40	0.5002	0.5507	0.5060
27	42	0.6501	0.2473	0.6038
28	29	0.9995	0.8395	0.4207
28	30	0.8977	0.8407	0.0796
28	38	0.9481	0.8716	0.6025
28	39	0.9483	0.4876	0.2513
28	40	0.9988	0.9783	0.8511
28	41	0.9987	0.3956	0.9364
28	43	0.9975	0.7382	0.0357
29	30	0.9985	0.8910	0.3819
29	31	0.5507	0.4175	0.4564
29	38	0.9979	0.5405	0.7085
29	40	0.9980	0.6508	0.7901
29	42	0.6505	0.7100	0.7257
29	43	0.8007	0.3853	0.1759
30	31	0.9992	0.7300	0.1922
30	32	0.9967	0.4901	0.7247
30	33	0.7496	0.7366	0.2696
30	35	0.9998	0.6820	0.5421
30	38	0.9999	0.7011	0.5160
30	40	1.0000	0.6524	0.4678
30	43	0.9000	0.5274	0.2892
30	48	0.9474	0.3489	0.4958
31	32	0.9996	0.7939	0.5881
31	33	0.9989	0.5410	0.5354
31	34	0.9990	0.8528	0.7352
31	35	0.9991	0.5026	0.5488
31	36	0.6492	0.9760	0.4784
31	37	0.9995	0.7824	0.7312
31	38	0.9492	0.5433	0.4901
31	39	0.6641	0.8734	0.6179
31	40	0.7002	0.4511	0.4425
32	33	0.9999	0.6168	0.5965
32	34	0.5510	0.6791	0.5183
32	35	0.9999	0.6551	0.7365
33	34	0.9989	0.8679	0.6403
33	35	0.9997	0.5401	0.5210
33	37	0.5501	0.7257	0.2749
34	35	0.9995	0.7372	0.6157
34	37	0.7501	0.6521	0.5322
35	36	0.6997	0.9983	0.4418
35	37	0.8989	0.7198	0.5713
36	37	0.8003	0.5397	0.6568
36	38	0.9992	0.2345	0.7386
36	39	0.5508	0.1974	0.5442
37	38	0.9978	0.8361	0.2169
38	39	1.0000	0.6256	0.5989
38	40	0.9997	0.5121	0.4461
38	41	0.8999	0.8675	0.4940
38	42	0.5501	0.2328	0.6264
38	43	0.8495	0.4516	0.1748
39	40	1.0000	0.6367	0.7031
39	41	0.9500	0.2360	0.6795
39	42	0.9500	0.5788	0.5345
39	43	0.5146	0.4773	0.3972
40	41	0.9988	0.9812	0.5150
40	42	0.9992	0.5623	0.5052
40	43	0.9976	0.5587	0.0643
41	42	0.9978	0.9603	0.3544
42	43	0.9956	0.6004	0.0079
43	44	0.9995	0.8790	0.3219
43	45	0.8004	0.8920	0.4784
43	46	0.6997	0.5630	0.6339
43	47	1.0000	0.7559	0.3902
43	48	0.9999	0.7892	0.4892
43	49	0.5997	0.4000	0.4319
43	50	0.9999	0.7853	0.2817
44	45	0.9996	0.8846	0.4755
44	46	0.8001	0.6765	0.6592
44	47	1.0000	0.6332	0.3780
44	48	0.9997	0.7118	0.5706
44	50	0.5002	0.4554	0.1881
45	46	0.9494	0.8074	0.7711
45	47	0.9992	0.6871	0.2877
45	48	1.0000	0.5458	0.7427
45	50	0.6504	0.6010	0.5070
46	47	0.8502	0.4933	0.3770
46	48	0.7999	0.4925	0.5966
47	48	0.9992	0.4282	0.3208
47	50	0.6002	0.3647	0.1132
48	50	0.9997	0.7737	0.2982
