0	1	0.9980	0.9926	0.0036
0	2	0.7999	0.9955	0.6407
0	3	0.9970	0.9406	0.5542
0	4	0.9977	0.5183	0.1642
0	5	1.0000	0.5627	0.5774
0	6	0.9979	0.4975	0.0637
0	24	0.9995	0.9060	0.7684
0	29	1.0000	0.4710	0.9498
0	30	0.9990	0.1362	0.3799
1	2	0.9999	0.4815	0.4461
1	3	1.0000	0.3988	0.6475
1	21	0.9493	0.4235	0.1058
2	3	0.9972	0.7489	0.6130
2	21	0.9995	0.9797	0.1683
3	4	0.9991	0.6219	0.6132
3	5	0.9962	0.3966	0.0669
3	21	0.9996	0.4899	0.5764
4	5	0.9961	0.5426	0.0848
4	21	0.9983	0.9597	0.7403
4	29	0.9999	0.7928	0.3519
4	30	0.9995	0.1406	0.8512
5	6	0.9986	0.5181	0.2085
5	21	1.0000	0.0294	0.5686
5	23	0.9976	0.4029	0.0819
5	24	0.9999	0.5794	0.3647
5	26	0.5006	0.3826	0.3673
5	29	0.9997	0.3529	0.5927
5	30	0.8499	0.1146	0.2286
6	7	0.5507	0.4948	0.6270
6	22	0.9979	0.9882	0.5849
6	23	0.9994	0.9170	0.1204
6	24	0.9999	0.8350	0.3453
6	26	0.9988	0.9441	0.4879
6	29	1.0000	0.5637	0.5477
7	8	1.0000	0.4680	0.7344
7	10	0.6004	0.4142	0.4234
7	12	0.7498	0.8456	0.6012
7	21	0.9998	0.6478	0.7530
8	9	0.9968	0.9842	0.3535
8	10	0.9993	0.9686	0.3581
8	11	0.8881	0.9081	0.4577
8	12	0.9497	0.9022	0.5432
8	21	0.9980	0.9512	0.5007
9	10	1.0000	0.7984	0.5339
9	11	0.9996	0.7670	0.5569
9	12	0.9988	0.7442	0.5526
9	14	0.5549	0.4714	0.1332
9	21	0.9497	0.5052	0.4720
10	11	0.9994	0.5874	0.5405
10	12	0.9990	0.5758	0.4534
10	20	0.5514	0.7015	0.1309
10	21	0.6494	0.3527	0.5326
11	12	0.9988	0.9474	0.1003
11	21	0.9500	0.7052	0.9070
12	14	0.5004	0.7224	0.4654
13	14	1.0000	0.4972	0.8450
13	15	0.9494	0.7055	0.5781
13	16	0.9996	0.6129	0.6246
13	18	0.8498	0.2914	0.3661
13	19	0.9998	0.6143	0.8554
13	20	0.9993	0.5417	0.3332
14	15	0.9998	0.8313	0.3069
14	16	0.6190	0.5571	0.5306
15	16	0.9993	0.8216	0.6257
15	18	0.9976	0.2269	0.5330
15	19	0.9999	0.4302	0.7669
15	20	0.9983	0.4429	0.2318
16	17	0.9994	0.9378	0.4125
16	18	0.5002	0.8637	0.1635
16	19	0.9993	0.9438	0.8693
16	20	0.7996	0.6719	0.0516
18	19	1.0000	0.5434	0.4780
18	20	1.0000	0.6849	0.4764
19	20	1.0000	0.6237	0.4033
20	21	0.9993	0.9425	0.1335
21	22	0.7501	0.9700	0.0610
21	29	0.9994	0.9842	0.0629
22	23	0.9990	1.0000	0.0439
22	26	0.9986	0.9256	0.8059
22	28	0.6504	0.3343	0.3094
22	29	0.9974	0.4718	0.0286
23	24	0.9983	0.4349	0.2716
23	25	0.8508	0.1911	0.8053
23	26	0.8500	0.1228	0.8275
23	29	0.7503	0.2168	0.2768
24	25	1.0000	0.5050	0.3769
24	26	1.0000	0.2650	0.9915
24	27	0.7978	0.3557	0.1986
24	29	1.0000	0.3930	0.5468
25	26	0.9996	0.6230	0.8386
25	27	0.5510	0.2385	0.0721
26	27	0.9996	0.5299	0.8205
26	29	0.9973	0.5964	0.1110
27	28	0.6975	0.6340	0.3023
28	29	0.8972	0.7885	0.0117
