0	1	0.5507	0.6612	0.4396
0	2	0.7001	0.4888	0.4208
0	3	0.5509	0.4766	0.2709
0	4	0.9498	0.5410	0.7727
0	5	0.6497	0.7123	0.5927
1	2	0.8503	0.7226	0.5086
1	3	0.6004	0.7859	0.4347
1	4	0.9993	0.8296	0.7490
2	3	0.9995	0.7673	0.5856
2	4	0.9999	0.7064	0.5111
3	4	0.9997	0.6897	0.6405
4	5	0.7003	0.8268	0.2985
4	15	0.6006	0.8366	0.8154
4	22	0.6500	0.6352	0.3925
5	15	0.7001	0.5542	0.6214
6	7	0.9991	0.4519	0.5511
6	8	0.8498	0.4769	0.4467
6	10	0.6502	0.6425	0.4685
6	11	0.6996	0.4479	0.3070
6	14	0.8996	0.5912	0.5762
6	15	0.8498	0.6151	0.4555
7	8	0.9984	0.5377	0.4696
7	10	0.6010	0.5397	0.3386
7	11	0.6003	0.3816	0.4125
7	12	0.7006	0.6345	0.2755
7	14	0.8999	0.4898	0.6809
7	15	0.9990	0.6713	0.5034
7	16	0.8495	0.5966	0.5715
7	17	0.7497	0.3408	0.6619
7	18	0.9491	0.4984	0.4418
7	19	0.5504	0.4876	0.4743
7	20	0.8991	0.5945	0.6263
7	22	0.8003	0.4607	0.6015
8	9	0.9999	0.8504	0.4517
8	10	0.9985	0.5813	0.5745
8	11	0.9489	0.6476	0.3549
8	12	0.9497	0.5813	0.4273
8	13	0.9978	0.7736	0.5417
8	14	0.9999	0.5308	0.5605
8	15	0.6971	0.6202	0.4072
8	18	0.7002	0.5418	0.2844
9	10	0.9997	0.5194	0.6033
9	12	0.8500	0.5583	0.6662
9	14	0.9499	0.4854	0.5636
9	15	0.9999	0.3720	0.6092
9	16	0.7501	0.2821	0.5331
9	18	0.6004	0.2175	0.3880
10	11	0.9996	0.6946	0.3741
10	12	0.8998	0.5646	0.5159
10	13	0.9495	0.9051	0.4917
10	14	0.9997	0.5414	0.4672
10	15	0.7995	0.5255	0.5097
10	16	0.5006	0.3849	0.2265
11	12	0.9497	0.5601	0.4704
11	13	0.9001	0.3714	0.6225
11	14	0.9994	0.5708	0.4895
11	15	0.7511	0.3583	0.4517
12	13	0.9490	0.8298	0.7232
12	14	0.9998	0.5484	0.5214
13	14	0.9994	0.5453	0.5931
13	16	0.7001	0.3504	0.5492
13	18	0.7492	0.3264	0.6059
14	15	0.9984	0.9118	0.5297
14	16	0.5020	0.5146	0.4147
15	16	0.8500	0.6147	0.5173
15	17	0.9493	0.5978	0.4554
15	18	0.8989	0.5915	0.5699
16	17	0.9492	0.6015	0.6210
16	18	0.6998	0.5625	0.5815
17	18	0.8499	0.5201	0.4822
17	20	0.6510	0.5659	0.4216
18	19	0.6502	0.7357	0.6527
18	20	0.9498	0.6131	0.3780
18	21	0.6502	0.5201	0.3767
20	21	0.8992	0.6443	0.4364
20	22	0.9496	0.6915	0.5317
21	22	0.8979	0.4299	0.1892
