0	1	0.9996	0.7810	0.3759
0	2	0.6004	0.5195	0.2578
0	4	0.8533	0.5757	0.4363
1	2	0.9992	0.5385	0.2474
1	4	0.8992	0.6053	0.3124
1	10	0.9000	0.7395	0.3170
1	12	0.8003	0.6623	0.2179
1	14	0.9501	0.4741	0.7011
1	16	0.8504	0.4611	0.4466
1	17	0.8001	0.3972	0.4822
2	3	0.9499	0.2519	0.4594
2	4	0.9990	0.4722	0.4489
2	10	0.9502	0.5501	0.5540
2	12	0.8500	0.5521	0.5056
2	14	0.8503	0.6052	0.5686
3	4	0.9983	0.5722	0.1416
4	5	0.9999	0.8330	0.4258
4	6	0.9001	0.5602	0.6768
4	7	0.9498	0.6965	0.4259
4	8	0.9000	0.7396	0.6497
4	9	0.8500	0.7455	0.4894
4	10	0.7503	0.6204	0.3382
4	12	0.7010	0.5102	0.3130
5	6	0.9996	0.9569	0.5077
5	7	0.9983	0.5680	0.2862
5	8	0.5006	0.5150	0.8825
5	9	0.9502	0.6560	0.5216
5	10	0.5003	0.5782	0.2950
5	12	0.6006	0.6905	0.4758
5	14	0.5020	0.3794	0.4767
6	7	0.5501	0.6598	0.1282
6	9	0.9498	0.6401	0.5279
7	8	0.9995	0.5718	0.4907
7	9	0.8020	0.0544	0.1229
7	15	0.6995	0.4472	0.4340
8	9	0.6507	0.8259	0.2399
8	15	0.6011	0.5357	0.4755
9	10	0.9994	0.8556	0.2564
9	12	0.7003	0.7466	0.5151
9	14	0.9998	0.6518	0.5290
10	11	0.9999	0.9116	0.6035
10	12	0.9501	0.8150	0.4745
10	13	0.9000	0.8197	0.6030
10	14	0.9997	0.6830	0.3492
11	12	0.9998	0.6773	0.4814
11	14	0.8999	0.6876	0.1186
12	13	0.9988	0.7145	0.5458
12	14	0.9010	0.5747	0.4016
13	14	0.9978	0.5657	0.1555
14	15	0.6504	0.9019	0.3280
14	16	0.7503	0.7160	0.5632
15	16	0.7003	0.7750	0.3964
15	19	0.5003	0.4862	0.3120
16	17	0.9498	0.8273	0.3941
16	18	0.7991	0.8753	0.3640
16	19	0.6011	0.3960	0.6878
16	20	0.6500	0.5247	0.3390
17	18	0.6003	0.7660	0.3365
17	19	0.6003	0.5848	0.7312
18	19	1.0000	0.5992	0.4615
18	21	0.9996	0.7348	0.6948
18	22	0.6504	0.5588	0.4213
18	26	0.8500	0.5292	0.6114
18	29	0.9494	0.6372	0.5769
19	20	0.9961	0.9816	0.3191
19	21	0.9990	0.5452	0.5882
19	22	0.9497	0.6104	0.4668
19	26	0.9990	0.6510	0.5795
19	29	0.9982	0.4817	0.6282
20	21	0.8993	0.4537	0.1689
21	22	0.9995	0.5546	0.4594
21	24	0.6005	0.4914	0.5849
21	25	0.8495	0.4005	0.4700
21	26	0.9991	0.4438	0.5925
21	27	0.7997	0.3160	0.8059
21	29	0.9996	0.6605	0.5304
22	23	0.8992	0.9340	0.2305
22	24	0.9495	0.5947	0.4737
22	25	0.9990	0.5214	0.5468
22	26	0.9994	0.4807	0.5165
22	27	0.9496	0.6752	0.6494
22	28	0.9486	0.4068	0.5913
22	29	0.9991	0.4333	0.4416
23	24	0.9991	0.8057	0.1822
23	25	0.7002	0.3350	0.6449
23	26	0.9992	0.5533	0.8706
23	28	0.8484	0.6804	0.5056
23	29	0.6999	0.4850	0.0311
24	25	0.6508	0.6256	0.2055
24	26	0.9998	0.3856	0.6392
24	29	0.7498	0.5779	0.2707
25	26	0.9998	0.5773	0.5238
25	27	0.8496	0.5319	0.7396
25	28	0.8990	0.5048	0.5484
25	29	0.9986	0.4976	0.4831
26	27	0.9992	0.6590	0.8730
26	28	0.9978	0.4763	0.3856
26	29	0.9996	0.4732	0.4040
27	28	0.8990	0.9749	0.3859
27	29	1.0000	0.8786	0.3848
28	29	0.9468	0.6870	0.1276
